3,401,829.00,780.00,67.00,99.00,1,-1,-1,-1
3,400,869.00,115.00,51.00,100.00,1,-1,-1,-1
4,402,596.00,269.00,53.00,113.00,1,-1,-1,-1
5,402,596.00,269.00,53.00,114.00,1,-1,-1,-1
6,403,1123.00,558.00,49.00,122.00,1,-1,-1,-1
7,400,867.00,117.00,51.00,101.00,1,-1,-1,-1
9,401,811.00,767.00,76.00,112.00,1,-1,-1,-1
10,403,1122.00,562.00,50.00,120.00,1,-1,-1,-1
10,400,866.00,117.00,50.00,100.00,1,-1,-1,-1
14,401,804.00,756.00,74.00,123.00,1,-1,-1,-1
15,401,803.00,753.00,72.00,126.00,1,-1,-1,-1
16,401,803.00,751.00,70.00,128.00,1,-1,-1,-1
17,401,802.00,747.00,69.00,132.00,1,-1,-1,-1
18,401,801.00,745.00,68.00,134.00,1,-1,-1,-1
19,401,799.00,741.00,67.00,138.00,1,-1,-1,-1
20,401,799.00,742.00,67.00,137.00,1,-1,-1,-1
21,401,796.00,741.00,67.00,138.00,1,-1,-1,-1
22,401,794.00,740.00,67.00,139.00,1,-1,-1,-1
23,401,791.00,738.00,67.00,141.00,1,-1,-1,-1
24,401,789.00,736.00,67.00,143.00,1,-1,-1,-1
25,401,785.00,733.00,68.00,145.00,1,-1,-1,-1
26,403,1110.00,567.00,60.00,118.00,1,-1,-1,-1
26,401,784.00,731.00,67.00,145.00,1,-1,-1,-1
27,401,783.00,731.00,64.00,143.00,1,-1,-1,-1
28,401,780.00,728.00,64.00,144.00,1,-1,-1,-1
29,401,777.00,725.00,66.00,144.00,1,-1,-1,-1
30,403,1108.00,568.00,61.00,119.00,1,-1,-1,-1
30,401,774.00,723.00,68.00,146.00,1,-1,-1,-1
31,403,1108.00,568.00,62.00,118.00,1,-1,-1,-1
32,403,1107.00,570.00,62.00,116.00,1,-1,-1,-1
33,403,1106.00,570.00,62.00,116.00,1,-1,-1,-1
34,403,1106.00,569.00,62.00,116.00,1,-1,-1,-1
35,403,1105.00,570.00,62.00,116.00,1,-1,-1,-1
35,401,767.00,715.00,67.00,148.00,1,-1,-1,-1
36,403,1105.00,570.00,63.00,118.00,1,-1,-1,-1
36,401,766.00,714.00,67.00,148.00,1,-1,-1,-1
37,403,1104.00,570.00,63.00,119.00,1,-1,-1,-1
37,402,576.00,250.00,51.00,107.00,1,-1,-1,-1
37,401,764.00,710.00,68.00,152.00,1,-1,-1,-1
38,402,576.00,248.00,51.00,109.00,1,-1,-1,-1
39,404,10.00,308.00,50.00,109.00,1,-1,-1,-1
39,403,1104.00,570.00,63.00,119.00,1,-1,-1,-1
40,403,1104.00,570.00,63.00,119.00,1,-1,-1,-1
41,403,1102.00,570.00,64.00,119.00,1,-1,-1,-1
43,403,1102.00,570.00,63.00,120.00,1,-1,-1,-1
43,402,575.00,244.00,52.00,107.00,1,-1,-1,-1
44,404,11.00,303.00,51.00,111.00,1,-1,-1,-1
44,403,1102.00,570.00,64.00,119.00,1,-1,-1,-1
45,402,575.00,243.00,52.00,108.00,1,-1,-1,-1
45,401,754.00,689.00,60.00,154.00,1,-1,-1,-1
46,404,12.00,301.00,51.00,112.00,1,-1,-1,-1
46,401,752.00,687.00,61.00,155.00,1,-1,-1,-1
52,401,740.00,672.00,63.00,149.00,1,-1,-1,-1
53,401,739.00,669.00,62.00,149.00,1,-1,-1,-1
55,405,454.00,250.00,51.00,107.00,1,-1,-1,-1
66,402,573.00,221.00,48.00,103.00,1,-1,-1,-1
68,402,572.00,218.00,50.00,104.00,1,-1,-1,-1
69,401,723.00,630.00,56.00,145.00,1,-1,-1,-1
70,406,254.00,240.00,51.00,105.00,1,-1,-1,-1
71,402,571.00,216.00,49.00,101.00,1,-1,-1,-1
73,402,571.00,214.00,51.00,105.00,1,-1,-1,-1
74,402,571.00,212.00,51.00,107.00,1,-1,-1,-1
77,401,706.00,614.00,59.00,140.00,1,-1,-1,-1
78,401,702.00,610.00,60.00,140.00,1,-1,-1,-1
79,401,703.00,608.00,59.00,141.00,1,-1,-1,-1
81,402,571.00,201.00,49.00,105.00,1,-1,-1,-1
90,407,134.00,62.00,46.00,91.00,1,-1,-1,-1
92,402,572.00,192.00,50.00,105.00,1,-1,-1,-1
92,401,689.00,582.00,54.00,140.00,1,-1,-1,-1
95,402,571.00,190.00,52.00,104.00,1,-1,-1,-1
96,402,571.00,190.00,52.00,103.00,1,-1,-1,-1
98,402,572.00,188.00,51.00,102.00,1,-1,-1,-1
98,401,681.00,572.00,55.00,139.00,1,-1,-1,-1
99,402,572.00,186.00,51.00,103.00,1,-1,-1,-1
99,401,680.00,570.00,54.00,140.00,1,-1,-1,-1
100,402,572.00,186.00,51.00,104.00,1,-1,-1,-1
101,401,677.00,566.00,54.00,135.00,1,-1,-1,-1
102,401,676.00,565.00,54.00,135.00,1,-1,-1,-1
105,402,574.00,177.00,50.00,104.00,1,-1,-1,-1
126,402,577.00,156.00,53.00,101.00,1,-1,-1,-1
128,402,577.00,154.00,53.00,102.00,1,-1,-1,-1
130,408,432.00,751.00,58.00,128.00,1,-1,-1,-1
130,402,577.00,151.00,52.00,100.00,1,-1,-1,-1
131,402,578.00,150.00,51.00,99.00,1,-1,-1,-1
139,409,13.00,793.00,81.00,86.00,1,-1,-1,-1
139,408,422.00,736.00,60.00,141.00,1,-1,-1,-1
140,409,15.00,790.00,78.00,89.00,1,-1,-1,-1
141,409,16.00,787.00,77.00,92.00,1,-1,-1,-1
142,409,19.00,785.00,74.00,94.00,1,-1,-1,-1
142,408,420.00,728.00,59.00,143.00,1,-1,-1,-1
143,410,906.00,648.00,72.00,147.00,1,-1,-1,-1
143,409,21.00,782.00,72.00,97.00,1,-1,-1,-1
146,410,901.00,643.00,72.00,146.00,1,-1,-1,-1
147,410,901.00,642.00,70.00,143.00,1,-1,-1,-1
152,410,897.00,634.00,70.00,140.00,1,-1,-1,-1
153,402,577.00,135.00,51.00,98.00,1,-1,-1,-1
154,410,895.00,633.00,72.00,142.00,1,-1,-1,-1
154,402,577.00,135.00,50.00,98.00,1,-1,-1,-1
155,410,896.00,631.00,70.00,143.00,1,-1,-1,-1
155,402,578.00,134.00,49.00,97.00,1,-1,-1,-1
156,408,407.00,701.00,56.00,143.00,1,-1,-1,-1
156,402,578.00,133.00,49.00,97.00,1,-1,-1,-1
157,410,897.00,630.00,68.00,143.00,1,-1,-1,-1
157,402,578.00,131.00,50.00,98.00,1,-1,-1,-1
158,410,896.00,629.00,69.00,143.00,1,-1,-1,-1
159,410,895.00,629.00,70.00,142.00,1,-1,-1,-1
159,402,579.00,131.00,49.00,98.00,1,-1,-1,-1
160,410,895.00,628.00,68.00,143.00,1,-1,-1,-1
161,410,893.00,626.00,70.00,143.00,1,-1,-1,-1
162,410,893.00,626.00,70.00,141.00,1,-1,-1,-1
163,410,892.00,623.00,72.00,141.00,1,-1,-1,-1
164,410,890.00,619.00,73.00,140.00,1,-1,-1,-1
165,410,888.00,617.00,74.00,141.00,1,-1,-1,-1
165,402,578.00,127.00,49.00,98.00,1,-1,-1,-1
166,411,493.00,781.00,69.00,98.00,1,-1,-1,-1
166,410,886.00,617.00,76.00,141.00,1,-1,-1,-1
166,402,578.00,126.00,48.00,98.00,1,-1,-1,-1
167,411,492.00,781.00,69.00,98.00,1,-1,-1,-1
167,410,885.00,616.00,75.00,141.00,1,-1,-1,-1
167,409,61.00,749.00,73.00,130.00,1,-1,-1,-1
167,402,577.00,125.00,48.00,99.00,1,-1,-1,-1
168,402,577.00,123.00,48.00,99.00,1,-1,-1,-1
170,402,578.00,122.00,48.00,99.00,1,-1,-1,-1
171,410,880.00,612.00,79.00,140.00,1,-1,-1,-1
171,402,578.00,121.00,49.00,98.00,1,-1,-1,-1
173,411,486.00,763.00,66.00,116.00,1,-1,-1,-1
173,402,578.00,121.00,49.00,97.00,1,-1,-1,-1
174,402,578.00,120.00,49.00,96.00,1,-1,-1,-1
175,411,486.00,754.00,65.00,125.00,1,-1,-1,-1
176,411,485.00,751.00,66.00,128.00,1,-1,-1,-1
176,410,873.00,606.00,80.00,139.00,1,-1,-1,-1
177,411,483.00,747.00,68.00,132.00,1,-1,-1,-1
177,402,579.00,118.00,48.00,98.00,1,-1,-1,-1
178,411,483.00,747.00,68.00,132.00,1,-1,-1,-1
178,402,579.00,116.00,48.00,98.00,1,-1,-1,-1
180,411,482.00,741.00,69.00,137.00,1,-1,-1,-1
181,411,479.00,738.00,70.00,140.00,1,-1,-1,-1
182,411,477.00,736.00,71.00,142.00,1,-1,-1,-1
183,411,478.00,734.00,69.00,143.00,1,-1,-1,-1
184,411,478.00,730.00,67.00,144.00,1,-1,-1,-1
185,411,477.00,723.00,67.00,148.00,1,-1,-1,-1
186,411,476.00,722.00,66.00,149.00,1,-1,-1,-1
187,411,475.00,718.00,67.00,150.00,1,-1,-1,-1
188,411,474.00,715.00,65.00,151.00,1,-1,-1,-1
189,411,473.00,713.00,66.00,149.00,1,-1,-1,-1
193,412,844.00,370.00,54.00,116.00,1,-1,-1,-1
194,413,285.00,125.00,48.00,97.00,1,-1,-1,-1
194,411,467.00,700.00,65.00,148.00,1,-1,-1,-1
195,414,1000.00,797.00,78.00,82.00,1,-1,-1,-1
196,414,998.00,793.00,79.00,86.00,1,-1,-1,-1
196,411,463.00,691.00,65.00,148.00,1,-1,-1,-1
197,411,464.00,688.00,65.00,148.00,1,-1,-1,-1
198,411,463.00,686.00,67.00,148.00,1,-1,-1,-1
199,411,463.00,686.00,64.00,146.00,1,-1,-1,-1
200,411,463.00,684.00,66.00,147.00,1,-1,-1,-1
201,411,462.00,682.00,66.00,148.00,1,-1,-1,-1
202,411,461.00,680.00,67.00,147.00,1,-1,-1,-1
203,411,460.00,678.00,67.00,148.00,1,-1,-1,-1
204,411,461.00,674.00,67.00,150.00,1,-1,-1,-1
205,414,985.00,767.00,76.00,112.00,1,-1,-1,-1
206,414,983.00,765.00,77.00,114.00,1,-1,-1,-1
207,415,318.00,346.00,62.00,112.00,1,-1,-1,-1
207,414,982.00,761.00,76.00,118.00,1,-1,-1,-1
207,411,455.00,663.00,66.00,145.00,1,-1,-1,-1
208,414,980.00,757.00,76.00,122.00,1,-1,-1,-1
208,411,454.00,659.00,67.00,147.00,1,-1,-1,-1
209,414,978.00,755.00,77.00,124.00,1,-1,-1,-1
209,411,455.00,658.00,65.00,148.00,1,-1,-1,-1
210,414,977.00,754.00,78.00,125.00,1,-1,-1,-1
210,411,455.00,656.00,65.00,147.00,1,-1,-1,-1
211,414,976.00,752.00,78.00,127.00,1,-1,-1,-1
211,411,453.00,655.00,64.00,146.00,1,-1,-1,-1
212,414,977.00,751.00,77.00,128.00,1,-1,-1,-1
212,411,453.00,653.00,64.00,147.00,1,-1,-1,-1
213,414,975.00,749.00,78.00,129.00,1,-1,-1,-1
213,411,452.00,653.00,64.00,145.00,1,-1,-1,-1
214,414,976.00,748.00,76.00,131.00,1,-1,-1,-1
214,411,451.00,651.00,64.00,144.00,1,-1,-1,-1
215,414,975.00,746.00,76.00,132.00,1,-1,-1,-1
215,411,450.00,648.00,65.00,144.00,1,-1,-1,-1
216,414,974.00,744.00,76.00,131.00,1,-1,-1,-1
216,411,450.00,645.00,64.00,145.00,1,-1,-1,-1
217,414,973.00,741.00,77.00,133.00,1,-1,-1,-1
217,413,289.00,112.00,46.00,97.00,1,-1,-1,-1
217,411,449.00,641.00,65.00,146.00,1,-1,-1,-1
218,414,973.00,739.00,77.00,135.00,1,-1,-1,-1
218,411,449.00,638.00,64.00,145.00,1,-1,-1,-1
219,416,814.00,332.00,52.00,121.00,1,-1,-1,-1
219,414,970.00,735.00,78.00,138.00,1,-1,-1,-1
219,413,288.00,111.00,46.00,98.00,1,-1,-1,-1
219,411,449.00,635.00,65.00,145.00,1,-1,-1,-1
220,413,288.00,111.00,46.00,98.00,1,-1,-1,-1
221,413,288.00,111.00,46.00,99.00,1,-1,-1,-1
222,413,288.00,110.00,46.00,99.00,1,-1,-1,-1
222,411,449.00,631.00,64.00,143.00,1,-1,-1,-1
223,411,450.00,630.00,63.00,142.00,1,-1,-1,-1
224,413,288.00,111.00,46.00,99.00,1,-1,-1,-1
224,411,451.00,628.00,63.00,143.00,1,-1,-1,-1
225,413,288.00,109.00,46.00,99.00,1,-1,-1,-1
225,411,452.00,625.00,63.00,144.00,1,-1,-1,-1
226,413,289.00,109.00,46.00,98.00,1,-1,-1,-1
226,411,454.00,623.00,61.00,144.00,1,-1,-1,-1
227,413,289.00,108.00,46.00,97.00,1,-1,-1,-1
227,411,456.00,620.00,60.00,144.00,1,-1,-1,-1
228,411,458.00,617.00,61.00,145.00,1,-1,-1,-1
229,417,855.00,539.00,59.00,136.00,1,-1,-1,-1
229,416,808.00,320.00,51.00,111.00,1,-1,-1,-1
229,413,290.00,108.00,46.00,97.00,1,-1,-1,-1
229,411,460.00,615.00,59.00,145.00,1,-1,-1,-1
230,416,809.00,319.00,50.00,113.00,1,-1,-1,-1
230,411,460.00,612.00,60.00,146.00,1,-1,-1,-1
231,417,854.00,535.00,60.00,138.00,1,-1,-1,-1
231,411,460.00,611.00,60.00,144.00,1,-1,-1,-1
232,417,855.00,534.00,60.00,137.00,1,-1,-1,-1
232,411,462.00,609.00,60.00,145.00,1,-1,-1,-1
233,418,164.00,232.00,51.00,110.00,1,-1,-1,-1
233,417,855.00,535.00,59.00,137.00,1,-1,-1,-1
233,411,463.00,609.00,59.00,142.00,1,-1,-1,-1
234,418,164.00,232.00,52.00,109.00,1,-1,-1,-1
234,417,855.00,533.00,59.00,137.00,1,-1,-1,-1
234,411,464.00,607.00,60.00,142.00,1,-1,-1,-1
235,418,165.00,233.00,51.00,107.00,1,-1,-1,-1
235,411,464.00,606.00,61.00,141.00,1,-1,-1,-1
236,419,1.00,592.00,29.00,141.00,1,-1,-1,-1
236,418,166.00,231.00,52.00,109.00,1,-1,-1,-1
236,417,853.00,531.00,58.00,135.00,1,-1,-1,-1
236,411,464.00,604.00,62.00,143.00,1,-1,-1,-1
237,419,1.00,592.00,30.00,139.00,1,-1,-1,-1
237,418,167.00,230.00,51.00,109.00,1,-1,-1,-1
237,417,852.00,529.00,57.00,136.00,1,-1,-1,-1
237,411,464.00,601.00,62.00,141.00,1,-1,-1,-1
238,420,15.00,259.00,52.00,108.00,1,-1,-1,-1
238,419,1.00,591.00,31.00,139.00,1,-1,-1,-1
238,418,168.00,228.00,49.00,110.00,1,-1,-1,-1
238,417,852.00,528.00,59.00,133.00,1,-1,-1,-1
238,411,465.00,598.00,62.00,139.00,1,-1,-1,-1
239,419,1.00,591.00,32.00,138.00,1,-1,-1,-1
239,417,853.00,528.00,58.00,133.00,1,-1,-1,-1
240,419,1.00,588.00,32.00,134.00,1,-1,-1,-1
241,419,1.00,586.00,33.00,134.00,1,-1,-1,-1
242,419,1.00,583.00,35.00,136.00,1,-1,-1,-1
242,418,169.00,222.00,49.00,110.00,1,-1,-1,-1
243,421,843.00,146.00,50.00,97.00,1,-1,-1,-1
243,418,169.00,222.00,50.00,109.00,1,-1,-1,-1
244,418,170.00,222.00,50.00,110.00,1,-1,-1,-1
244,417,854.00,521.00,57.00,133.00,1,-1,-1,-1
245,421,842.00,146.00,50.00,97.00,1,-1,-1,-1
245,417,853.00,520.00,56.00,132.00,1,-1,-1,-1
246,417,853.00,520.00,57.00,132.00,1,-1,-1,-1
247,417,853.00,518.00,58.00,133.00,1,-1,-1,-1
248,411,483.00,574.00,57.00,138.00,1,-1,-1,-1
249,411,484.00,573.00,58.00,136.00,1,-1,-1,-1
250,417,852.00,516.00,58.00,131.00,1,-1,-1,-1
253,417,852.00,511.00,57.00,131.00,1,-1,-1,-1
258,422,885.00,750.00,66.00,129.00,1,-1,-1,-1
259,422,884.00,748.00,67.00,131.00,1,-1,-1,-1
259,419,1.00,560.00,62.00,137.00,1,-1,-1,-1
260,422,882.00,746.00,69.00,133.00,1,-1,-1,-1
260,419,1.00,559.00,63.00,138.00,1,-1,-1,-1
261,422,878.00,745.00,73.00,133.00,1,-1,-1,-1
262,422,876.00,744.00,74.00,135.00,1,-1,-1,-1
263,422,873.00,741.00,75.00,136.00,1,-1,-1,-1
264,422,872.00,738.00,74.00,139.00,1,-1,-1,-1
264,419,2.00,556.00,65.00,136.00,1,-1,-1,-1
265,419,1.00,556.00,67.00,136.00,1,-1,-1,-1
266,423,611.00,758.00,66.00,121.00,1,-1,-1,-1
267,423,612.00,753.00,66.00,126.00,1,-1,-1,-1
269,423,611.00,750.00,67.00,129.00,1,-1,-1,-1
270,423,610.00,749.00,68.00,130.00,1,-1,-1,-1
271,423,609.00,748.00,69.00,131.00,1,-1,-1,-1
272,423,610.00,745.00,68.00,134.00,1,-1,-1,-1
273,423,611.00,743.00,67.00,135.00,1,-1,-1,-1
274,423,609.00,739.00,68.00,138.00,1,-1,-1,-1
275,423,609.00,737.00,67.00,140.00,1,-1,-1,-1
276,423,609.00,732.00,67.00,144.00,1,-1,-1,-1
277,423,609.00,729.00,65.00,147.00,1,-1,-1,-1
279,423,608.00,725.00,65.00,148.00,1,-1,-1,-1
280,423,608.00,725.00,66.00,145.00,1,-1,-1,-1
283,423,605.00,718.00,69.00,149.00,1,-1,-1,-1
284,423,605.00,716.00,70.00,149.00,1,-1,-1,-1
284,421,839.00,153.00,52.00,102.00,1,-1,-1,-1
285,423,604.00,712.00,71.00,148.00,1,-1,-1,-1
286,423,605.00,707.00,69.00,150.00,1,-1,-1,-1
287,423,606.00,705.00,68.00,147.00,1,-1,-1,-1
288,423,606.00,701.00,67.00,147.00,1,-1,-1,-1
289,423,606.00,697.00,65.00,150.00,1,-1,-1,-1
290,423,604.00,696.00,66.00,150.00,1,-1,-1,-1
291,423,604.00,694.00,66.00,151.00,1,-1,-1,-1
292,423,603.00,691.00,67.00,151.00,1,-1,-1,-1
293,423,601.00,690.00,70.00,152.00,1,-1,-1,-1
294,423,601.00,689.00,69.00,151.00,1,-1,-1,-1
295,423,599.00,688.00,70.00,150.00,1,-1,-1,-1
296,423,599.00,686.00,71.00,149.00,1,-1,-1,-1
297,423,597.00,683.00,71.00,147.00,1,-1,-1,-1
298,424,103.00,216.00,49.00,97.00,1,-1,-1,-1
298,423,599.00,681.00,68.00,147.00,1,-1,-1,-1
299,423,598.00,676.00,69.00,149.00,1,-1,-1,-1
300,423,598.00,673.00,67.00,147.00,1,-1,-1,-1
301,423,598.00,669.00,67.00,150.00,1,-1,-1,-1
302,423,596.00,667.00,69.00,150.00,1,-1,-1,-1
303,425,523.00,468.00,57.00,127.00,1,-1,-1,-1
304,423,593.00,664.00,73.00,149.00,1,-1,-1,-1
305,423,592.00,662.00,73.00,150.00,1,-1,-1,-1
306,423,592.00,661.00,72.00,148.00,1,-1,-1,-1
307,425,525.00,461.00,56.00,127.00,1,-1,-1,-1
308,425,526.00,459.00,57.00,128.00,1,-1,-1,-1
309,425,526.00,458.00,57.00,127.00,1,-1,-1,-1
309,423,592.00,654.00,71.00,143.00,1,-1,-1,-1
310,426,268.00,786.00,62.00,93.00,1,-1,-1,-1
310,425,528.00,457.00,56.00,127.00,1,-1,-1,-1
311,426,267.00,784.00,62.00,95.00,1,-1,-1,-1
311,425,530.00,456.00,55.00,126.00,1,-1,-1,-1
311,423,590.00,647.00,69.00,145.00,1,-1,-1,-1
312,423,590.00,645.00,70.00,146.00,1,-1,-1,-1
313,426,267.00,780.00,63.00,99.00,1,-1,-1,-1
313,425,530.00,450.00,57.00,125.00,1,-1,-1,-1
313,423,590.00,642.00,69.00,146.00,1,-1,-1,-1
314,423,589.00,641.00,69.00,148.00,1,-1,-1,-1
315,427,6.00,221.00,48.00,101.00,1,-1,-1,-1
315,423,587.00,640.00,69.00,146.00,1,-1,-1,-1
316,428,988.00,760.00,59.00,119.00,1,-1,-1,-1
316,425,529.00,444.00,57.00,125.00,1,-1,-1,-1
316,423,588.00,641.00,69.00,145.00,1,-1,-1,-1
317,429,404.00,775.00,58.00,104.00,1,-1,-1,-1
317,428,987.00,758.00,60.00,121.00,1,-1,-1,-1
317,425,529.00,443.00,58.00,127.00,1,-1,-1,-1
317,423,587.00,637.00,69.00,146.00,1,-1,-1,-1
318,423,585.00,634.00,69.00,144.00,1,-1,-1,-1
319,430,337.00,757.00,61.00,122.00,1,-1,-1,-1
319,423,584.00,632.00,68.00,145.00,1,-1,-1,-1
320,423,581.00,630.00,70.00,144.00,1,-1,-1,-1
321,430,338.00,753.00,59.00,126.00,1,-1,-1,-1
321,423,582.00,629.00,68.00,143.00,1,-1,-1,-1
322,426,270.00,765.00,62.00,114.00,1,-1,-1,-1
322,423,582.00,627.00,69.00,142.00,1,-1,-1,-1
323,430,337.00,747.00,59.00,132.00,1,-1,-1,-1
323,423,583.00,625.00,68.00,142.00,1,-1,-1,-1
324,430,336.00,747.00,59.00,132.00,1,-1,-1,-1
324,426,271.00,762.00,62.00,117.00,1,-1,-1,-1
324,425,529.00,429.00,55.00,128.00,1,-1,-1,-1
324,423,583.00,622.00,68.00,144.00,1,-1,-1,-1
325,430,336.00,745.00,60.00,134.00,1,-1,-1,-1
325,426,272.00,760.00,61.00,119.00,1,-1,-1,-1
325,425,529.00,427.00,56.00,125.00,1,-1,-1,-1
325,423,582.00,619.00,69.00,147.00,1,-1,-1,-1
326,430,335.00,742.00,60.00,137.00,1,-1,-1,-1
326,425,530.00,425.00,54.00,125.00,1,-1,-1,-1
326,423,582.00,618.00,68.00,145.00,1,-1,-1,-1
327,431,387.00,444.00,50.00,119.00,1,-1,-1,-1
327,430,335.00,740.00,60.00,139.00,1,-1,-1,-1
327,425,531.00,424.00,54.00,124.00,1,-1,-1,-1
327,423,582.00,617.00,69.00,146.00,1,-1,-1,-1
328,431,387.00,442.00,50.00,121.00,1,-1,-1,-1
328,430,333.00,739.00,61.00,140.00,1,-1,-1,-1
328,425,531.00,423.00,54.00,125.00,1,-1,-1,-1
328,423,580.00,616.00,70.00,143.00,1,-1,-1,-1
329,432,739.00,624.00,60.00,127.00,1,-1,-1,-1
329,430,332.00,739.00,61.00,140.00,1,-1,-1,-1
329,425,531.00,422.00,55.00,126.00,1,-1,-1,-1
329,423,579.00,615.00,70.00,139.00,1,-1,-1,-1
330,432,736.00,624.00,61.00,126.00,1,-1,-1,-1
330,430,332.00,737.00,61.00,142.00,1,-1,-1,-1
330,425,531.00,421.00,55.00,124.00,1,-1,-1,-1
331,432,735.00,620.00,62.00,129.00,1,-1,-1,-1
331,430,333.00,736.00,60.00,143.00,1,-1,-1,-1
331,425,531.00,421.00,55.00,122.00,1,-1,-1,-1
332,431,385.00,442.00,52.00,121.00,1,-1,-1,-1
332,430,333.00,734.00,60.00,143.00,1,-1,-1,-1
332,426,273.00,752.00,58.00,127.00,1,-1,-1,-1
332,425,531.00,420.00,55.00,123.00,1,-1,-1,-1
333,429,402.00,747.00,57.00,131.00,1,-1,-1,-1
333,427,11.00,222.00,46.00,96.00,1,-1,-1,-1
333,425,532.00,418.00,55.00,121.00,1,-1,-1,-1
333,423,577.00,601.00,68.00,142.00,1,-1,-1,-1
334,425,532.00,416.00,56.00,121.00,1,-1,-1,-1
335,425,532.00,415.00,54.00,120.00,1,-1,-1,-1
336,425,532.00,411.00,55.00,121.00,1,-1,-1,-1
337,426,272.00,742.00,60.00,135.00,1,-1,-1,-1
337,425,532.00,409.00,55.00,120.00,1,-1,-1,-1
337,423,572.00,593.00,70.00,145.00,1,-1,-1,-1
338,426,272.00,740.00,59.00,136.00,1,-1,-1,-1
338,425,532.00,408.00,54.00,120.00,1,-1,-1,-1
338,423,572.00,593.00,69.00,145.00,1,-1,-1,-1
339,431,386.00,429.00,50.00,121.00,1,-1,-1,-1
339,427,13.00,224.00,45.00,94.00,1,-1,-1,-1
339,426,273.00,739.00,57.00,136.00,1,-1,-1,-1
339,423,571.00,591.00,70.00,145.00,1,-1,-1,-1
340,432,719.00,609.00,63.00,131.00,1,-1,-1,-1
340,431,386.00,428.00,50.00,122.00,1,-1,-1,-1
340,425,532.00,406.00,53.00,118.00,1,-1,-1,-1
341,432,714.00,606.00,63.00,131.00,1,-1,-1,-1
341,431,386.00,427.00,49.00,123.00,1,-1,-1,-1
341,425,531.00,405.00,53.00,119.00,1,-1,-1,-1
342,432,712.00,604.00,61.00,130.00,1,-1,-1,-1
342,431,386.00,424.00,49.00,124.00,1,-1,-1,-1
342,427,13.00,224.00,47.00,94.00,1,-1,-1,-1
342,425,530.00,404.00,54.00,117.00,1,-1,-1,-1
343,432,710.00,601.00,61.00,133.00,1,-1,-1,-1
343,431,386.00,423.00,50.00,124.00,1,-1,-1,-1
343,427,14.00,224.00,46.00,94.00,1,-1,-1,-1
343,425,531.00,402.00,53.00,118.00,1,-1,-1,-1
343,423,569.00,582.00,64.00,139.00,1,-1,-1,-1
344,432,710.00,599.00,59.00,134.00,1,-1,-1,-1
344,431,385.00,425.00,49.00,121.00,1,-1,-1,-1
344,427,16.00,224.00,46.00,93.00,1,-1,-1,-1
344,425,530.00,400.00,53.00,119.00,1,-1,-1,-1
344,423,568.00,580.00,65.00,138.00,1,-1,-1,-1
345,432,707.00,598.00,60.00,135.00,1,-1,-1,-1
345,431,385.00,424.00,49.00,121.00,1,-1,-1,-1
345,425,530.00,397.00,54.00,119.00,1,-1,-1,-1
345,423,565.00,577.00,65.00,139.00,1,-1,-1,-1
346,432,706.00,598.00,59.00,133.00,1,-1,-1,-1
346,431,385.00,423.00,50.00,120.00,1,-1,-1,-1
346,430,327.00,710.00,61.00,153.00,1,-1,-1,-1
346,427,16.00,225.00,46.00,94.00,1,-1,-1,-1
346,425,530.00,395.00,53.00,121.00,1,-1,-1,-1
346,423,564.00,575.00,66.00,139.00,1,-1,-1,-1
347,432,705.00,598.00,59.00,131.00,1,-1,-1,-1
347,431,385.00,422.00,50.00,119.00,1,-1,-1,-1
347,430,327.00,710.00,61.00,153.00,1,-1,-1,-1
347,427,17.00,225.00,46.00,94.00,1,-1,-1,-1
347,425,530.00,391.00,54.00,123.00,1,-1,-1,-1
348,431,384.00,420.00,50.00,119.00,1,-1,-1,-1
348,425,529.00,389.00,55.00,123.00,1,-1,-1,-1
349,425,529.00,390.00,55.00,121.00,1,-1,-1,-1
350,425,529.00,390.00,55.00,120.00,1,-1,-1,-1
351,431,385.00,416.00,49.00,118.00,1,-1,-1,-1
351,425,529.00,388.00,56.00,118.00,1,-1,-1,-1
352,431,384.00,414.00,50.00,119.00,1,-1,-1,-1
352,425,530.00,387.00,56.00,118.00,1,-1,-1,-1
353,431,384.00,413.00,49.00,119.00,1,-1,-1,-1
353,425,530.00,385.00,55.00,119.00,1,-1,-1,-1
354,432,691.00,586.00,58.00,127.00,1,-1,-1,-1
354,425,531.00,384.00,54.00,120.00,1,-1,-1,-1
354,423,556.00,561.00,71.00,133.00,1,-1,-1,-1
355,432,688.00,584.00,59.00,127.00,1,-1,-1,-1
355,425,531.00,382.00,55.00,119.00,1,-1,-1,-1
355,423,553.00,557.00,71.00,135.00,1,-1,-1,-1
356,432,687.00,581.00,59.00,129.00,1,-1,-1,-1
356,431,384.00,411.00,49.00,117.00,1,-1,-1,-1
356,425,531.00,380.00,54.00,119.00,1,-1,-1,-1
356,423,552.00,554.00,72.00,137.00,1,-1,-1,-1
357,431,383.00,411.00,50.00,116.00,1,-1,-1,-1
357,425,532.00,377.00,54.00,120.00,1,-1,-1,-1
357,423,552.00,550.00,71.00,139.00,1,-1,-1,-1
358,425,532.00,375.00,54.00,119.00,1,-1,-1,-1
358,423,551.00,550.00,71.00,139.00,1,-1,-1,-1
359,431,383.00,410.00,49.00,113.00,1,-1,-1,-1
359,425,531.00,375.00,53.00,117.00,1,-1,-1,-1
359,423,550.00,549.00,72.00,139.00,1,-1,-1,-1
360,425,531.00,374.00,53.00,117.00,1,-1,-1,-1
360,423,550.00,549.00,71.00,138.00,1,-1,-1,-1
361,431,382.00,406.00,50.00,115.00,1,-1,-1,-1
361,425,530.00,372.00,52.00,118.00,1,-1,-1,-1
361,423,549.00,546.00,71.00,139.00,1,-1,-1,-1
362,431,382.00,404.00,50.00,117.00,1,-1,-1,-1
362,425,529.00,372.00,52.00,117.00,1,-1,-1,-1
362,423,548.00,545.00,72.00,138.00,1,-1,-1,-1
363,431,383.00,401.00,49.00,119.00,1,-1,-1,-1
363,425,529.00,371.00,52.00,117.00,1,-1,-1,-1
364,431,383.00,399.00,49.00,119.00,1,-1,-1,-1
364,425,528.00,368.00,53.00,118.00,1,-1,-1,-1
365,431,383.00,397.00,49.00,120.00,1,-1,-1,-1
365,425,528.00,367.00,52.00,118.00,1,-1,-1,-1
366,431,384.00,396.00,49.00,121.00,1,-1,-1,-1
366,425,528.00,364.00,51.00,117.00,1,-1,-1,-1
367,431,383.00,395.00,49.00,121.00,1,-1,-1,-1
367,425,527.00,362.00,53.00,118.00,1,-1,-1,-1
368,431,384.00,394.00,49.00,121.00,1,-1,-1,-1
368,425,527.00,361.00,52.00,115.00,1,-1,-1,-1
369,431,383.00,394.00,49.00,120.00,1,-1,-1,-1
369,425,527.00,358.00,54.00,116.00,1,-1,-1,-1
370,431,382.00,393.00,49.00,117.00,1,-1,-1,-1
370,425,526.00,356.00,54.00,116.00,1,-1,-1,-1
370,423,542.00,526.00,70.00,137.00,1,-1,-1,-1
371,431,382.00,392.00,49.00,117.00,1,-1,-1,-1
371,425,526.00,355.00,55.00,115.00,1,-1,-1,-1
371,423,542.00,525.00,70.00,137.00,1,-1,-1,-1
372,431,382.00,390.00,48.00,116.00,1,-1,-1,-1
372,423,543.00,523.00,69.00,136.00,1,-1,-1,-1
373,431,382.00,388.00,49.00,117.00,1,-1,-1,-1
374,431,380.00,386.00,50.00,116.00,1,-1,-1,-1
374,425,527.00,352.00,53.00,113.00,1,-1,-1,-1
374,423,539.00,520.00,69.00,135.00,1,-1,-1,-1
375,425,527.00,350.00,53.00,115.00,1,-1,-1,-1
375,423,538.00,516.00,68.00,135.00,1,-1,-1,-1
376,431,381.00,382.00,49.00,117.00,1,-1,-1,-1
376,425,528.00,349.00,52.00,115.00,1,-1,-1,-1
376,423,535.00,513.00,69.00,134.00,1,-1,-1,-1
377,431,380.00,382.00,49.00,116.00,1,-1,-1,-1
377,425,528.00,347.00,52.00,114.00,1,-1,-1,-1
378,431,380.00,381.00,49.00,115.00,1,-1,-1,-1
378,425,527.00,345.00,53.00,115.00,1,-1,-1,-1
379,425,527.00,342.00,53.00,115.00,1,-1,-1,-1
380,425,526.00,338.00,53.00,116.00,1,-1,-1,-1
381,431,380.00,380.00,49.00,115.00,1,-1,-1,-1
381,425,526.00,338.00,52.00,115.00,1,-1,-1,-1
382,431,381.00,380.00,48.00,115.00,1,-1,-1,-1
382,425,526.00,337.00,52.00,116.00,1,-1,-1,-1
383,433,1.00,445.00,6.00,109.00,1,-1,-1,-1
383,431,381.00,379.00,49.00,115.00,1,-1,-1,-1
384,433,1.00,444.00,6.00,109.00,1,-1,-1,-1
384,431,380.00,377.00,49.00,116.00,1,-1,-1,-1
384,429,403.00,659.00,56.00,135.00,1,-1,-1,-1
384,425,526.00,333.00,51.00,117.00,1,-1,-1,-1
385,433,1.00,443.00,8.00,107.00,1,-1,-1,-1
385,431,380.00,376.00,49.00,115.00,1,-1,-1,-1
385,429,405.00,657.00,55.00,133.00,1,-1,-1,-1
386,433,1.00,442.00,8.00,107.00,1,-1,-1,-1
386,431,380.00,374.00,50.00,115.00,1,-1,-1,-1
386,423,528.00,498.00,68.00,130.00,1,-1,-1,-1
387,431,379.00,372.00,50.00,116.00,1,-1,-1,-1
387,429,404.00,655.00,55.00,134.00,1,-1,-1,-1
388,431,379.00,369.00,51.00,118.00,1,-1,-1,-1
388,429,405.00,653.00,55.00,135.00,1,-1,-1,-1
388,423,524.00,492.00,71.00,130.00,1,-1,-1,-1
389,431,380.00,366.00,50.00,119.00,1,-1,-1,-1
389,429,405.00,651.00,56.00,133.00,1,-1,-1,-1
389,425,522.00,326.00,55.00,113.00,1,-1,-1,-1
389,423,525.00,489.00,68.00,133.00,1,-1,-1,-1
390,431,380.00,366.00,50.00,118.00,1,-1,-1,-1
390,429,405.00,649.00,56.00,133.00,1,-1,-1,-1
390,423,523.00,486.00,69.00,134.00,1,-1,-1,-1
391,431,381.00,365.00,48.00,119.00,1,-1,-1,-1
391,423,522.00,484.00,71.00,136.00,1,-1,-1,-1
392,431,381.00,364.00,48.00,120.00,1,-1,-1,-1
392,423,521.00,483.00,72.00,135.00,1,-1,-1,-1
393,431,381.00,363.00,49.00,120.00,1,-1,-1,-1
394,431,381.00,363.00,48.00,118.00,1,-1,-1,-1
396,431,379.00,362.00,49.00,114.00,1,-1,-1,-1
396,425,524.00,317.00,51.00,111.00,1,-1,-1,-1
397,431,379.00,360.00,49.00,114.00,1,-1,-1,-1
398,431,378.00,359.00,49.00,115.00,1,-1,-1,-1
399,431,378.00,356.00,49.00,116.00,1,-1,-1,-1
399,425,523.00,313.00,52.00,111.00,1,-1,-1,-1
400,431,379.00,355.00,49.00,116.00,1,-1,-1,-1
400,425,522.00,309.00,54.00,111.00,1,-1,-1,-1
401,431,378.00,354.00,49.00,115.00,1,-1,-1,-1
401,425,522.00,306.00,53.00,112.00,1,-1,-1,-1
402,431,379.00,354.00,49.00,115.00,1,-1,-1,-1
402,425,521.00,304.00,54.00,113.00,1,-1,-1,-1
403,431,378.00,352.00,49.00,115.00,1,-1,-1,-1
403,425,521.00,304.00,54.00,113.00,1,-1,-1,-1
404,431,379.00,351.00,49.00,117.00,1,-1,-1,-1
404,425,524.00,303.00,50.00,111.00,1,-1,-1,-1
405,431,379.00,351.00,49.00,116.00,1,-1,-1,-1
405,425,523.00,302.00,51.00,111.00,1,-1,-1,-1
406,431,379.00,350.00,49.00,116.00,1,-1,-1,-1
406,425,522.00,302.00,50.00,111.00,1,-1,-1,-1
407,431,379.00,349.00,49.00,116.00,1,-1,-1,-1
407,425,522.00,300.00,52.00,111.00,1,-1,-1,-1
408,425,521.00,299.00,51.00,111.00,1,-1,-1,-1
410,431,379.00,346.00,49.00,114.00,1,-1,-1,-1
411,431,379.00,344.00,49.00,113.00,1,-1,-1,-1
412,431,380.00,343.00,49.00,112.00,1,-1,-1,-1
413,431,379.00,341.00,49.00,113.00,1,-1,-1,-1
414,431,379.00,339.00,49.00,113.00,1,-1,-1,-1
415,431,379.00,339.00,49.00,114.00,1,-1,-1,-1
416,431,379.00,338.00,49.00,115.00,1,-1,-1,-1
417,431,379.00,337.00,48.00,117.00,1,-1,-1,-1
418,431,379.00,337.00,49.00,114.00,1,-1,-1,-1
419,434,1013.00,742.00,87.00,137.00,1,-1,-1,-1
419,431,379.00,336.00,49.00,114.00,1,-1,-1,-1
420,434,1007.00,738.00,89.00,141.00,1,-1,-1,-1
420,431,378.00,335.00,49.00,113.00,1,-1,-1,-1
421,434,1006.00,735.00,88.00,143.00,1,-1,-1,-1
421,431,379.00,334.00,49.00,112.00,1,-1,-1,-1
421,425,521.00,278.00,52.00,111.00,1,-1,-1,-1
422,434,1003.00,734.00,88.00,144.00,1,-1,-1,-1
422,431,379.00,331.00,48.00,113.00,1,-1,-1,-1
422,425,521.00,276.00,51.00,109.00,1,-1,-1,-1
423,431,378.00,329.00,49.00,116.00,1,-1,-1,-1
423,425,521.00,274.00,52.00,111.00,1,-1,-1,-1
424,431,378.00,328.00,48.00,115.00,1,-1,-1,-1
425,434,999.00,731.00,88.00,145.00,1,-1,-1,-1
425,431,379.00,326.00,48.00,116.00,1,-1,-1,-1
425,425,522.00,271.00,52.00,108.00,1,-1,-1,-1
426,434,998.00,730.00,88.00,146.00,1,-1,-1,-1
426,431,378.00,325.00,48.00,114.00,1,-1,-1,-1
426,423,506.00,425.00,66.00,129.00,1,-1,-1,-1
427,434,995.00,726.00,89.00,150.00,1,-1,-1,-1
427,431,378.00,324.00,48.00,115.00,1,-1,-1,-1
428,434,992.00,725.00,91.00,147.00,1,-1,-1,-1
428,431,379.00,324.00,48.00,115.00,1,-1,-1,-1
429,431,378.00,323.00,48.00,114.00,1,-1,-1,-1
430,434,988.00,720.00,91.00,147.00,1,-1,-1,-1
430,431,379.00,324.00,47.00,112.00,1,-1,-1,-1
431,435,1096.00,604.00,61.00,124.00,1,-1,-1,-1
432,435,1097.00,603.00,60.00,126.00,1,-1,-1,-1
432,431,379.00,322.00,47.00,111.00,1,-1,-1,-1
433,436,853.00,744.00,69.00,135.00,1,-1,-1,-1
433,434,984.00,708.00,90.00,152.00,1,-1,-1,-1
434,436,852.00,743.00,70.00,136.00,1,-1,-1,-1
434,431,379.00,321.00,48.00,110.00,1,-1,-1,-1
435,431,379.00,319.00,48.00,109.00,1,-1,-1,-1
436,436,848.00,740.00,68.00,137.00,1,-1,-1,-1
436,431,378.00,317.00,48.00,110.00,1,-1,-1,-1
437,436,846.00,736.00,67.00,139.00,1,-1,-1,-1
437,431,379.00,316.00,48.00,109.00,1,-1,-1,-1
438,436,843.00,735.00,67.00,141.00,1,-1,-1,-1
439,437,235.00,363.00,57.00,113.00,1,-1,-1,-1
439,436,841.00,733.00,68.00,141.00,1,-1,-1,-1
439,431,379.00,313.00,48.00,108.00,1,-1,-1,-1
440,437,236.00,363.00,58.00,113.00,1,-1,-1,-1
440,436,840.00,731.00,67.00,142.00,1,-1,-1,-1
441,436,839.00,728.00,65.00,141.00,1,-1,-1,-1
441,425,522.00,251.00,50.00,107.00,1,-1,-1,-1
442,423,502.00,403.00,62.00,126.00,1,-1,-1,-1
443,431,379.00,311.00,48.00,110.00,1,-1,-1,-1
443,423,501.00,401.00,61.00,123.00,1,-1,-1,-1
444,423,501.00,399.00,60.00,124.00,1,-1,-1,-1
445,423,502.00,396.00,58.00,124.00,1,-1,-1,-1
446,423,501.00,393.00,58.00,124.00,1,-1,-1,-1
447,431,377.00,307.00,48.00,108.00,1,-1,-1,-1
447,423,501.00,391.00,58.00,125.00,1,-1,-1,-1
448,438,1.00,381.00,47.00,104.00,1,-1,-1,-1
448,423,503.00,387.00,57.00,127.00,1,-1,-1,-1
449,423,502.00,386.00,59.00,128.00,1,-1,-1,-1
450,423,501.00,387.00,59.00,127.00,1,-1,-1,-1
451,423,501.00,385.00,59.00,128.00,1,-1,-1,-1
452,423,501.00,384.00,59.00,126.00,1,-1,-1,-1
453,423,501.00,383.00,57.00,126.00,1,-1,-1,-1
454,435,1093.00,597.00,58.00,129.00,1,-1,-1,-1
454,423,501.00,383.00,57.00,123.00,1,-1,-1,-1
455,423,500.00,381.00,57.00,121.00,1,-1,-1,-1
456,435,1092.00,594.00,58.00,133.00,1,-1,-1,-1
456,431,377.00,300.00,49.00,108.00,1,-1,-1,-1
456,423,501.00,378.00,55.00,125.00,1,-1,-1,-1
457,435,1091.00,593.00,59.00,132.00,1,-1,-1,-1
457,431,377.00,300.00,50.00,106.00,1,-1,-1,-1
457,423,500.00,377.00,56.00,125.00,1,-1,-1,-1
458,435,1092.00,593.00,58.00,133.00,1,-1,-1,-1
458,431,377.00,298.00,49.00,107.00,1,-1,-1,-1
458,423,498.00,374.00,57.00,127.00,1,-1,-1,-1
459,435,1092.00,592.00,59.00,134.00,1,-1,-1,-1
459,423,497.00,373.00,57.00,127.00,1,-1,-1,-1
460,435,1092.00,593.00,59.00,133.00,1,-1,-1,-1
460,423,497.00,372.00,57.00,126.00,1,-1,-1,-1
461,435,1091.00,592.00,59.00,132.00,1,-1,-1,-1
461,431,378.00,294.00,48.00,107.00,1,-1,-1,-1
461,423,497.00,372.00,58.00,126.00,1,-1,-1,-1
462,435,1091.00,592.00,59.00,133.00,1,-1,-1,-1
462,431,377.00,293.00,48.00,108.00,1,-1,-1,-1
462,423,496.00,372.00,58.00,126.00,1,-1,-1,-1
463,437,252.00,344.00,58.00,111.00,1,-1,-1,-1
463,431,378.00,292.00,48.00,108.00,1,-1,-1,-1
463,423,496.00,371.00,58.00,125.00,1,-1,-1,-1
464,435,1090.00,593.00,61.00,132.00,1,-1,-1,-1
464,431,377.00,291.00,49.00,108.00,1,-1,-1,-1
464,423,496.00,371.00,59.00,124.00,1,-1,-1,-1
465,439,591.00,415.00,59.00,113.00,1,-1,-1,-1
465,437,253.00,342.00,57.00,113.00,1,-1,-1,-1
465,435,1090.00,593.00,61.00,131.00,1,-1,-1,-1
465,431,378.00,292.00,48.00,105.00,1,-1,-1,-1
465,423,495.00,369.00,58.00,123.00,1,-1,-1,-1
466,439,591.00,415.00,59.00,113.00,1,-1,-1,-1
466,435,1090.00,592.00,61.00,131.00,1,-1,-1,-1
466,431,379.00,291.00,48.00,107.00,1,-1,-1,-1
466,425,528.00,217.00,49.00,109.00,1,-1,-1,-1
466,423,496.00,368.00,58.00,121.00,1,-1,-1,-1
467,435,1090.00,593.00,62.00,129.00,1,-1,-1,-1
467,431,379.00,291.00,47.00,106.00,1,-1,-1,-1
467,425,528.00,216.00,49.00,109.00,1,-1,-1,-1
467,423,495.00,365.00,58.00,122.00,1,-1,-1,-1
468,437,255.00,340.00,59.00,113.00,1,-1,-1,-1
468,435,1090.00,593.00,61.00,131.00,1,-1,-1,-1
468,431,379.00,291.00,48.00,105.00,1,-1,-1,-1
468,425,527.00,217.00,49.00,108.00,1,-1,-1,-1
468,423,494.00,364.00,59.00,120.00,1,-1,-1,-1
469,437,257.00,340.00,59.00,113.00,1,-1,-1,-1
469,435,1090.00,593.00,62.00,132.00,1,-1,-1,-1
469,431,379.00,289.00,47.00,106.00,1,-1,-1,-1
469,425,529.00,217.00,48.00,108.00,1,-1,-1,-1
469,423,494.00,359.00,58.00,123.00,1,-1,-1,-1
470,441,980.00,189.00,45.00,90.00,1,-1,-1,-1
470,440,944.00,313.00,53.00,108.00,1,-1,-1,-1
470,439,591.00,410.00,59.00,112.00,1,-1,-1,-1
470,435,1090.00,593.00,61.00,131.00,1,-1,-1,-1
470,431,379.00,289.00,48.00,104.00,1,-1,-1,-1
470,425,529.00,216.00,48.00,108.00,1,-1,-1,-1
470,423,493.00,358.00,57.00,122.00,1,-1,-1,-1
471,440,944.00,313.00,53.00,108.00,1,-1,-1,-1
471,439,591.00,409.00,59.00,111.00,1,-1,-1,-1
471,435,1091.00,594.00,60.00,131.00,1,-1,-1,-1
471,425,530.00,216.00,48.00,108.00,1,-1,-1,-1
471,423,493.00,355.00,57.00,124.00,1,-1,-1,-1
472,440,943.00,312.00,53.00,108.00,1,-1,-1,-1
472,439,592.00,407.00,58.00,112.00,1,-1,-1,-1
472,435,1091.00,595.00,60.00,130.00,1,-1,-1,-1
472,425,529.00,216.00,48.00,107.00,1,-1,-1,-1
472,423,493.00,356.00,58.00,123.00,1,-1,-1,-1
473,440,942.00,312.00,53.00,107.00,1,-1,-1,-1
473,435,1091.00,597.00,60.00,129.00,1,-1,-1,-1
473,423,492.00,355.00,57.00,123.00,1,-1,-1,-1
474,440,941.00,310.00,54.00,108.00,1,-1,-1,-1
474,435,1091.00,596.00,60.00,129.00,1,-1,-1,-1
474,423,492.00,353.00,58.00,124.00,1,-1,-1,-1
475,441,983.00,187.00,46.00,92.00,1,-1,-1,-1
475,440,941.00,311.00,55.00,108.00,1,-1,-1,-1
475,435,1091.00,595.00,61.00,131.00,1,-1,-1,-1
475,423,490.00,352.00,59.00,124.00,1,-1,-1,-1
476,440,940.00,310.00,54.00,106.00,1,-1,-1,-1
476,435,1092.00,595.00,61.00,131.00,1,-1,-1,-1
476,431,376.00,281.00,51.00,103.00,1,-1,-1,-1
476,423,491.00,351.00,58.00,121.00,1,-1,-1,-1
477,440,941.00,310.00,54.00,106.00,1,-1,-1,-1
477,435,1092.00,595.00,62.00,131.00,1,-1,-1,-1
477,431,377.00,280.00,51.00,103.00,1,-1,-1,-1
477,423,491.00,349.00,58.00,122.00,1,-1,-1,-1
478,440,941.00,309.00,54.00,107.00,1,-1,-1,-1
478,435,1093.00,595.00,61.00,131.00,1,-1,-1,-1
478,431,378.00,281.00,49.00,102.00,1,-1,-1,-1
478,423,490.00,347.00,57.00,123.00,1,-1,-1,-1
479,440,940.00,308.00,54.00,108.00,1,-1,-1,-1
479,435,1093.00,596.00,61.00,131.00,1,-1,-1,-1
479,431,379.00,280.00,49.00,102.00,1,-1,-1,-1
479,423,490.00,345.00,58.00,122.00,1,-1,-1,-1
480,435,1095.00,595.00,60.00,132.00,1,-1,-1,-1
480,431,379.00,280.00,48.00,102.00,1,-1,-1,-1
481,435,1094.00,594.00,60.00,132.00,1,-1,-1,-1
481,431,380.00,281.00,48.00,100.00,1,-1,-1,-1
481,423,489.00,343.00,58.00,123.00,1,-1,-1,-1
482,440,940.00,306.00,54.00,107.00,1,-1,-1,-1
482,431,380.00,278.00,47.00,101.00,1,-1,-1,-1
482,423,490.00,342.00,59.00,123.00,1,-1,-1,-1
483,431,381.00,276.00,48.00,102.00,1,-1,-1,-1
483,425,534.00,202.00,47.00,104.00,1,-1,-1,-1
483,423,489.00,341.00,59.00,122.00,1,-1,-1,-1
484,435,1097.00,593.00,60.00,134.00,1,-1,-1,-1
484,431,380.00,275.00,48.00,103.00,1,-1,-1,-1
484,423,490.00,340.00,59.00,122.00,1,-1,-1,-1
485,435,1097.00,592.00,61.00,134.00,1,-1,-1,-1
485,431,381.00,273.00,48.00,104.00,1,-1,-1,-1
485,423,489.00,340.00,60.00,122.00,1,-1,-1,-1
486,439,591.00,386.00,62.00,111.00,1,-1,-1,-1
486,438,6.00,351.00,54.00,103.00,1,-1,-1,-1
486,435,1097.00,591.00,61.00,134.00,1,-1,-1,-1
486,431,380.00,272.00,48.00,105.00,1,-1,-1,-1
486,423,489.00,338.00,60.00,122.00,1,-1,-1,-1
487,439,591.00,386.00,61.00,113.00,1,-1,-1,-1
487,435,1097.00,591.00,61.00,133.00,1,-1,-1,-1
487,431,381.00,270.00,47.00,103.00,1,-1,-1,-1
487,423,490.00,338.00,58.00,121.00,1,-1,-1,-1
488,439,591.00,385.00,60.00,114.00,1,-1,-1,-1
488,431,379.00,269.00,49.00,105.00,1,-1,-1,-1
488,423,490.00,335.00,59.00,122.00,1,-1,-1,-1
489,439,591.00,384.00,60.00,114.00,1,-1,-1,-1
489,435,1099.00,592.00,61.00,131.00,1,-1,-1,-1
489,431,380.00,267.00,48.00,103.00,1,-1,-1,-1
489,423,489.00,334.00,59.00,121.00,1,-1,-1,-1
490,439,591.00,384.00,60.00,114.00,1,-1,-1,-1
490,431,381.00,267.00,48.00,103.00,1,-1,-1,-1
490,423,489.00,331.00,60.00,121.00,1,-1,-1,-1
491,439,590.00,384.00,59.00,111.00,1,-1,-1,-1
491,423,489.00,328.00,58.00,120.00,1,-1,-1,-1
492,439,590.00,383.00,60.00,112.00,1,-1,-1,-1
492,431,381.00,267.00,47.00,102.00,1,-1,-1,-1
492,423,489.00,326.00,58.00,121.00,1,-1,-1,-1
493,439,591.00,382.00,58.00,111.00,1,-1,-1,-1
493,423,489.00,326.00,57.00,121.00,1,-1,-1,-1
494,440,936.00,296.00,54.00,109.00,1,-1,-1,-1
494,439,590.00,380.00,58.00,110.00,1,-1,-1,-1
494,423,490.00,323.00,57.00,122.00,1,-1,-1,-1
495,440,936.00,294.00,55.00,107.00,1,-1,-1,-1
495,439,590.00,380.00,58.00,108.00,1,-1,-1,-1
495,435,1105.00,590.00,60.00,128.00,1,-1,-1,-1
495,431,381.00,265.00,47.00,102.00,1,-1,-1,-1
495,423,490.00,322.00,56.00,123.00,1,-1,-1,-1
496,439,591.00,379.00,57.00,108.00,1,-1,-1,-1
496,423,490.00,323.00,57.00,123.00,1,-1,-1,-1
497,440,936.00,292.00,56.00,106.00,1,-1,-1,-1
497,439,591.00,377.00,56.00,108.00,1,-1,-1,-1
497,423,490.00,322.00,56.00,124.00,1,-1,-1,-1
498,440,936.00,291.00,55.00,105.00,1,-1,-1,-1
498,439,591.00,377.00,57.00,107.00,1,-1,-1,-1
498,423,490.00,321.00,57.00,121.00,1,-1,-1,-1
499,442,596.00,689.00,62.00,143.00,1,-1,-1,-1
499,440,935.00,290.00,56.00,105.00,1,-1,-1,-1
499,439,590.00,376.00,57.00,107.00,1,-1,-1,-1
499,435,1105.00,589.00,61.00,129.00,1,-1,-1,-1
499,423,490.00,320.00,56.00,119.00,1,-1,-1,-1
500,440,935.00,289.00,56.00,106.00,1,-1,-1,-1
500,439,591.00,375.00,56.00,107.00,1,-1,-1,-1
500,423,489.00,318.00,58.00,119.00,1,-1,-1,-1
501,440,935.00,288.00,56.00,107.00,1,-1,-1,-1
501,439,590.00,375.00,56.00,107.00,1,-1,-1,-1
501,437,280.00,312.00,56.00,108.00,1,-1,-1,-1
501,423,489.00,317.00,59.00,119.00,1,-1,-1,-1
502,440,934.00,288.00,57.00,106.00,1,-1,-1,-1
502,439,591.00,374.00,56.00,107.00,1,-1,-1,-1
502,423,490.00,314.00,58.00,120.00,1,-1,-1,-1
503,440,934.00,288.00,58.00,107.00,1,-1,-1,-1
503,439,591.00,374.00,56.00,107.00,1,-1,-1,-1
503,437,281.00,310.00,56.00,108.00,1,-1,-1,-1
503,431,382.00,259.00,48.00,100.00,1,-1,-1,-1
503,423,490.00,312.00,57.00,122.00,1,-1,-1,-1
504,439,591.00,374.00,55.00,105.00,1,-1,-1,-1
504,431,382.00,260.00,48.00,99.00,1,-1,-1,-1
506,439,589.00,367.00,59.00,110.00,1,-1,-1,-1
507,440,931.00,288.00,59.00,106.00,1,-1,-1,-1
509,439,588.00,363.00,58.00,108.00,1,-1,-1,-1
510,440,929.00,285.00,59.00,106.00,1,-1,-1,-1
510,439,590.00,363.00,56.00,106.00,1,-1,-1,-1
510,423,488.00,306.00,58.00,119.00,1,-1,-1,-1
511,439,589.00,361.00,56.00,109.00,1,-1,-1,-1
511,435,1107.00,589.00,62.00,129.00,1,-1,-1,-1
511,423,488.00,306.00,57.00,118.00,1,-1,-1,-1
512,439,588.00,362.00,56.00,108.00,1,-1,-1,-1
512,435,1108.00,589.00,61.00,129.00,1,-1,-1,-1
512,423,489.00,304.00,56.00,117.00,1,-1,-1,-1
513,435,1110.00,588.00,60.00,130.00,1,-1,-1,-1
513,431,381.00,249.00,50.00,101.00,1,-1,-1,-1
513,423,488.00,302.00,57.00,116.00,1,-1,-1,-1
514,439,588.00,362.00,56.00,108.00,1,-1,-1,-1
514,435,1111.00,588.00,59.00,129.00,1,-1,-1,-1
515,439,588.00,362.00,56.00,108.00,1,-1,-1,-1
515,435,1113.00,587.00,59.00,132.00,1,-1,-1,-1
516,439,588.00,360.00,56.00,108.00,1,-1,-1,-1
516,435,1115.00,586.00,57.00,133.00,1,-1,-1,-1
517,435,1115.00,586.00,57.00,133.00,1,-1,-1,-1
518,439,587.00,356.00,56.00,106.00,1,-1,-1,-1
518,435,1115.00,586.00,57.00,132.00,1,-1,-1,-1
519,439,587.00,353.00,55.00,105.00,1,-1,-1,-1
519,435,1115.00,587.00,57.00,131.00,1,-1,-1,-1
519,425,535.00,168.00,48.00,98.00,1,-1,-1,-1
520,439,587.00,352.00,56.00,106.00,1,-1,-1,-1
520,435,1114.00,588.00,58.00,130.00,1,-1,-1,-1
520,425,535.00,167.00,48.00,98.00,1,-1,-1,-1
520,423,490.00,295.00,58.00,118.00,1,-1,-1,-1
521,439,587.00,352.00,55.00,105.00,1,-1,-1,-1
521,423,490.00,294.00,58.00,117.00,1,-1,-1,-1
522,439,588.00,351.00,55.00,105.00,1,-1,-1,-1
522,435,1119.00,591.00,53.00,129.00,1,-1,-1,-1
522,423,491.00,292.00,58.00,117.00,1,-1,-1,-1
523,439,587.00,349.00,56.00,105.00,1,-1,-1,-1
523,423,491.00,291.00,58.00,115.00,1,-1,-1,-1
524,439,587.00,349.00,56.00,106.00,1,-1,-1,-1
524,423,491.00,289.00,57.00,116.00,1,-1,-1,-1
525,439,587.00,348.00,57.00,106.00,1,-1,-1,-1
525,423,491.00,287.00,57.00,117.00,1,-1,-1,-1
526,439,586.00,348.00,57.00,105.00,1,-1,-1,-1
526,423,491.00,287.00,56.00,115.00,1,-1,-1,-1
527,439,587.00,347.00,56.00,105.00,1,-1,-1,-1
527,423,490.00,285.00,57.00,116.00,1,-1,-1,-1
528,431,381.00,239.00,50.00,101.00,1,-1,-1,-1
528,423,490.00,285.00,56.00,116.00,1,-1,-1,-1
529,439,586.00,345.00,55.00,104.00,1,-1,-1,-1
529,431,381.00,240.00,50.00,101.00,1,-1,-1,-1
529,423,491.00,285.00,55.00,114.00,1,-1,-1,-1
530,439,586.00,344.00,56.00,105.00,1,-1,-1,-1
530,435,1122.00,589.00,50.00,129.00,1,-1,-1,-1
530,431,381.00,240.00,49.00,100.00,1,-1,-1,-1
530,423,490.00,285.00,55.00,114.00,1,-1,-1,-1
531,439,586.00,341.00,56.00,104.00,1,-1,-1,-1
532,439,586.00,339.00,56.00,104.00,1,-1,-1,-1
538,443,192.00,293.00,49.00,105.00,1,-1,-1,-1
539,443,192.00,292.00,49.00,104.00,1,-1,-1,-1
541,444,401.00,346.00,63.00,114.00,1,-1,-1,-1
541,443,192.00,292.00,52.00,103.00,1,-1,-1,-1
542,443,193.00,292.00,52.00,103.00,1,-1,-1,-1
543,443,195.00,292.00,52.00,104.00,1,-1,-1,-1
544,443,195.00,292.00,52.00,104.00,1,-1,-1,-1
546,444,402.00,345.00,64.00,114.00,1,-1,-1,-1
546,423,491.00,267.00,57.00,113.00,1,-1,-1,-1
547,443,200.00,291.00,49.00,105.00,1,-1,-1,-1
549,439,587.00,329.00,55.00,102.00,1,-1,-1,-1
549,423,493.00,262.00,55.00,113.00,1,-1,-1,-1
550,444,403.00,342.00,64.00,113.00,1,-1,-1,-1
551,444,404.00,341.00,63.00,114.00,1,-1,-1,-1
551,439,589.00,328.00,56.00,101.00,1,-1,-1,-1
552,443,201.00,285.00,50.00,104.00,1,-1,-1,-1
552,439,588.00,327.00,55.00,103.00,1,-1,-1,-1
552,423,494.00,262.00,58.00,111.00,1,-1,-1,-1
553,443,202.00,285.00,49.00,104.00,1,-1,-1,-1
553,439,588.00,325.00,56.00,102.00,1,-1,-1,-1
553,423,493.00,262.00,58.00,111.00,1,-1,-1,-1
554,439,588.00,324.00,56.00,102.00,1,-1,-1,-1
554,423,493.00,262.00,59.00,110.00,1,-1,-1,-1
555,439,588.00,323.00,55.00,103.00,1,-1,-1,-1
555,423,495.00,262.00,58.00,109.00,1,-1,-1,-1
556,423,494.00,262.00,58.00,109.00,1,-1,-1,-1
557,443,203.00,286.00,49.00,103.00,1,-1,-1,-1
557,423,495.00,261.00,58.00,108.00,1,-1,-1,-1
558,439,587.00,319.00,54.00,103.00,1,-1,-1,-1
558,423,496.00,259.00,57.00,109.00,1,-1,-1,-1
559,423,496.00,259.00,57.00,109.00,1,-1,-1,-1
560,423,497.00,257.00,56.00,109.00,1,-1,-1,-1
561,439,589.00,320.00,53.00,102.00,1,-1,-1,-1
561,423,497.00,257.00,56.00,109.00,1,-1,-1,-1
562,439,589.00,319.00,53.00,102.00,1,-1,-1,-1
562,423,497.00,256.00,54.00,110.00,1,-1,-1,-1
563,444,410.00,338.00,61.00,115.00,1,-1,-1,-1
563,439,589.00,320.00,53.00,102.00,1,-1,-1,-1
563,423,498.00,256.00,54.00,108.00,1,-1,-1,-1
564,439,588.00,319.00,53.00,103.00,1,-1,-1,-1
564,423,497.00,255.00,54.00,109.00,1,-1,-1,-1
565,444,409.00,336.00,63.00,114.00,1,-1,-1,-1
565,443,207.00,280.00,49.00,106.00,1,-1,-1,-1
565,439,588.00,318.00,53.00,101.00,1,-1,-1,-1
565,423,496.00,256.00,55.00,108.00,1,-1,-1,-1
566,439,588.00,316.00,52.00,102.00,1,-1,-1,-1
566,423,496.00,255.00,55.00,108.00,1,-1,-1,-1
567,443,210.00,283.00,49.00,103.00,1,-1,-1,-1
567,423,496.00,257.00,54.00,106.00,1,-1,-1,-1
568,443,210.00,282.00,49.00,103.00,1,-1,-1,-1
568,423,496.00,255.00,55.00,107.00,1,-1,-1,-1
569,435,1128.00,609.00,44.00,135.00,1,-1,-1,-1
569,423,496.00,254.00,55.00,105.00,1,-1,-1,-1
570,445,536.00,433.00,54.00,118.00,1,-1,-1,-1
570,443,212.00,280.00,49.00,104.00,1,-1,-1,-1
570,435,1128.00,610.00,44.00,135.00,1,-1,-1,-1
570,423,495.00,252.00,55.00,106.00,1,-1,-1,-1
571,444,410.00,334.00,66.00,115.00,1,-1,-1,-1
571,435,1128.00,612.00,44.00,133.00,1,-1,-1,-1
571,423,496.00,252.00,55.00,105.00,1,-1,-1,-1
572,444,410.00,334.00,65.00,114.00,1,-1,-1,-1
572,435,1127.00,612.00,45.00,133.00,1,-1,-1,-1
572,423,496.00,252.00,55.00,105.00,1,-1,-1,-1
573,444,409.00,334.00,65.00,115.00,1,-1,-1,-1
573,435,1128.00,614.00,44.00,131.00,1,-1,-1,-1
573,423,498.00,250.00,54.00,106.00,1,-1,-1,-1
574,435,1128.00,614.00,44.00,132.00,1,-1,-1,-1
574,423,498.00,250.00,54.00,106.00,1,-1,-1,-1
575,443,215.00,275.00,49.00,102.00,1,-1,-1,-1
575,435,1128.00,614.00,44.00,132.00,1,-1,-1,-1
575,423,499.00,250.00,53.00,105.00,1,-1,-1,-1
576,445,536.00,430.00,53.00,119.00,1,-1,-1,-1
576,443,216.00,275.00,49.00,101.00,1,-1,-1,-1
576,435,1128.00,614.00,44.00,130.00,1,-1,-1,-1
576,423,498.00,250.00,55.00,105.00,1,-1,-1,-1
577,443,216.00,275.00,50.00,101.00,1,-1,-1,-1
577,435,1128.00,614.00,44.00,131.00,1,-1,-1,-1
577,423,499.00,248.00,54.00,106.00,1,-1,-1,-1
578,445,537.00,426.00,52.00,120.00,1,-1,-1,-1
578,423,499.00,246.00,54.00,107.00,1,-1,-1,-1
579,443,216.00,275.00,49.00,101.00,1,-1,-1,-1
579,423,500.00,247.00,53.00,106.00,1,-1,-1,-1
580,443,216.00,275.00,49.00,100.00,1,-1,-1,-1
580,435,1128.00,616.00,44.00,130.00,1,-1,-1,-1
580,423,499.00,245.00,53.00,106.00,1,-1,-1,-1
581,446,1.00,619.00,43.00,134.00,1,-1,-1,-1
581,443,218.00,274.00,49.00,101.00,1,-1,-1,-1
581,439,586.00,305.00,54.00,100.00,1,-1,-1,-1
581,435,1128.00,615.00,44.00,130.00,1,-1,-1,-1
581,423,500.00,245.00,52.00,106.00,1,-1,-1,-1
582,443,218.00,274.00,49.00,100.00,1,-1,-1,-1
582,435,1128.00,616.00,44.00,131.00,1,-1,-1,-1
582,423,500.00,243.00,52.00,104.00,1,-1,-1,-1
583,435,1128.00,618.00,44.00,130.00,1,-1,-1,-1
583,423,501.00,241.00,51.00,107.00,1,-1,-1,-1
584,446,1.00,617.00,46.00,132.00,1,-1,-1,-1
584,443,218.00,273.00,49.00,100.00,1,-1,-1,-1
584,423,500.00,241.00,53.00,108.00,1,-1,-1,-1
585,435,1128.00,618.00,43.00,133.00,1,-1,-1,-1
585,423,500.00,241.00,53.00,108.00,1,-1,-1,-1
586,435,1129.00,620.00,43.00,133.00,1,-1,-1,-1
586,423,501.00,241.00,51.00,108.00,1,-1,-1,-1
587,435,1129.00,619.00,43.00,132.00,1,-1,-1,-1
587,423,502.00,239.00,52.00,110.00,1,-1,-1,-1
588,435,1128.00,619.00,43.00,133.00,1,-1,-1,-1
588,423,503.00,238.00,52.00,111.00,1,-1,-1,-1
589,447,51.00,749.00,64.00,129.00,1,-1,-1,-1
589,435,1128.00,618.00,43.00,132.00,1,-1,-1,-1
589,423,502.00,237.00,53.00,109.00,1,-1,-1,-1
590,443,223.00,269.00,50.00,101.00,1,-1,-1,-1
590,435,1128.00,619.00,43.00,133.00,1,-1,-1,-1
590,423,501.00,235.00,53.00,110.00,1,-1,-1,-1
591,435,1128.00,621.00,43.00,132.00,1,-1,-1,-1
591,423,500.00,236.00,55.00,107.00,1,-1,-1,-1
592,443,224.00,269.00,49.00,101.00,1,-1,-1,-1
592,423,500.00,235.00,54.00,106.00,1,-1,-1,-1
593,443,225.00,269.00,49.00,100.00,1,-1,-1,-1
593,423,501.00,234.00,53.00,105.00,1,-1,-1,-1
594,423,502.00,232.00,53.00,105.00,1,-1,-1,-1
595,423,501.00,231.00,54.00,105.00,1,-1,-1,-1
596,443,227.00,268.00,47.00,99.00,1,-1,-1,-1
596,423,500.00,231.00,55.00,104.00,1,-1,-1,-1
597,435,1128.00,624.00,44.00,128.00,1,-1,-1,-1
597,423,500.00,232.00,55.00,103.00,1,-1,-1,-1
598,435,1128.00,623.00,44.00,130.00,1,-1,-1,-1
598,423,501.00,232.00,55.00,103.00,1,-1,-1,-1
599,423,502.00,231.00,54.00,103.00,1,-1,-1,-1
600,435,1128.00,624.00,44.00,129.00,1,-1,-1,-1
600,423,503.00,232.00,54.00,103.00,1,-1,-1,-1
601,423,504.00,232.00,54.00,103.00,1,-1,-1,-1
602,423,504.00,230.00,53.00,102.00,1,-1,-1,-1
603,448,998.00,617.00,65.00,127.00,1,-1,-1,-1
603,423,505.00,230.00,50.00,101.00,1,-1,-1,-1
604,423,506.00,229.00,50.00,103.00,1,-1,-1,-1
605,423,505.00,226.00,50.00,103.00,1,-1,-1,-1
606,423,506.00,225.00,48.00,104.00,1,-1,-1,-1
609,435,1127.00,626.00,45.00,128.00,1,-1,-1,-1
610,435,1126.00,626.00,46.00,128.00,1,-1,-1,-1
611,435,1127.00,626.00,45.00,128.00,1,-1,-1,-1
613,423,508.00,223.00,45.00,100.00,1,-1,-1,-1
615,449,332.00,751.00,67.00,128.00,1,-1,-1,-1
616,449,332.00,748.00,67.00,131.00,1,-1,-1,-1
617,449,331.00,748.00,66.00,130.00,1,-1,-1,-1
617,435,1127.00,627.00,45.00,128.00,1,-1,-1,-1
618,449,331.00,746.00,65.00,132.00,1,-1,-1,-1
618,448,1003.00,593.00,64.00,123.00,1,-1,-1,-1
618,435,1127.00,628.00,45.00,128.00,1,-1,-1,-1
619,449,330.00,745.00,66.00,133.00,1,-1,-1,-1
619,435,1127.00,628.00,45.00,129.00,1,-1,-1,-1
620,449,329.00,744.00,66.00,133.00,1,-1,-1,-1
621,449,329.00,744.00,65.00,134.00,1,-1,-1,-1
621,448,1001.00,590.00,67.00,125.00,1,-1,-1,-1
622,449,329.00,743.00,65.00,134.00,1,-1,-1,-1
623,449,329.00,742.00,64.00,136.00,1,-1,-1,-1
623,448,1001.00,588.00,67.00,123.00,1,-1,-1,-1
635,450,572.00,263.00,47.00,97.00,1,-1,-1,-1
637,450,571.00,260.00,47.00,96.00,1,-1,-1,-1
638,451,1016.00,745.00,74.00,134.00,1,-1,-1,-1
639,451,1015.00,743.00,73.00,135.00,1,-1,-1,-1
639,450,571.00,256.00,46.00,95.00,1,-1,-1,-1
640,451,1013.00,742.00,73.00,136.00,1,-1,-1,-1
640,450,572.00,255.00,44.00,93.00,1,-1,-1,-1
641,451,1012.00,741.00,72.00,136.00,1,-1,-1,-1
642,451,1011.00,740.00,71.00,137.00,1,-1,-1,-1
643,450,572.00,252.00,45.00,93.00,1,-1,-1,-1
644,452,113.00,627.00,63.00,138.00,1,-1,-1,-1
650,450,569.00,241.00,46.00,97.00,1,-1,-1,-1
651,450,570.00,239.00,46.00,97.00,1,-1,-1,-1
654,448,991.00,528.00,59.00,125.00,1,-1,-1,-1
655,450,569.00,234.00,45.00,95.00,1,-1,-1,-1
655,448,991.00,526.00,59.00,124.00,1,-1,-1,-1
656,450,568.00,234.00,44.00,96.00,1,-1,-1,-1
656,448,990.00,525.00,59.00,124.00,1,-1,-1,-1
657,450,568.00,233.00,45.00,95.00,1,-1,-1,-1
657,448,989.00,525.00,59.00,121.00,1,-1,-1,-1
658,453,616.00,409.00,52.00,111.00,1,-1,-1,-1
658,448,988.00,524.00,58.00,120.00,1,-1,-1,-1
659,453,617.00,407.00,52.00,112.00,1,-1,-1,-1
660,453,616.00,405.00,54.00,112.00,1,-1,-1,-1
661,453,616.00,403.00,53.00,112.00,1,-1,-1,-1
662,453,615.00,400.00,54.00,112.00,1,-1,-1,-1
663,453,615.00,398.00,54.00,113.00,1,-1,-1,-1
664,453,616.00,397.00,53.00,110.00,1,-1,-1,-1
665,453,616.00,396.00,53.00,110.00,1,-1,-1,-1
666,453,616.00,394.00,53.00,111.00,1,-1,-1,-1
667,453,617.00,393.00,53.00,111.00,1,-1,-1,-1
668,453,617.00,393.00,53.00,110.00,1,-1,-1,-1
669,453,617.00,392.00,52.00,111.00,1,-1,-1,-1
670,453,617.00,391.00,52.00,110.00,1,-1,-1,-1
674,453,616.00,383.00,52.00,110.00,1,-1,-1,-1
675,453,615.00,381.00,53.00,109.00,1,-1,-1,-1
676,453,617.00,380.00,52.00,109.00,1,-1,-1,-1
676,450,566.00,208.00,45.00,93.00,1,-1,-1,-1
677,453,618.00,377.00,51.00,110.00,1,-1,-1,-1
677,450,565.00,206.00,46.00,96.00,1,-1,-1,-1
678,453,619.00,376.00,50.00,109.00,1,-1,-1,-1
678,450,565.00,206.00,45.00,95.00,1,-1,-1,-1
679,450,565.00,206.00,45.00,95.00,1,-1,-1,-1
680,453,618.00,372.00,51.00,112.00,1,-1,-1,-1
680,450,565.00,206.00,45.00,94.00,1,-1,-1,-1
681,453,618.00,372.00,51.00,111.00,1,-1,-1,-1
682,454,1126.00,621.00,46.00,131.00,1,-1,-1,-1
682,453,618.00,372.00,51.00,111.00,1,-1,-1,-1
683,454,1126.00,621.00,46.00,132.00,1,-1,-1,-1
683,453,617.00,371.00,52.00,111.00,1,-1,-1,-1
684,454,1127.00,622.00,45.00,130.00,1,-1,-1,-1
684,453,617.00,369.00,51.00,110.00,1,-1,-1,-1
685,454,1127.00,622.00,45.00,130.00,1,-1,-1,-1
685,453,617.00,369.00,51.00,108.00,1,-1,-1,-1
686,453,617.00,366.00,52.00,108.00,1,-1,-1,-1
687,453,616.00,365.00,52.00,109.00,1,-1,-1,-1
688,453,616.00,362.00,52.00,109.00,1,-1,-1,-1
688,450,565.00,197.00,45.00,93.00,1,-1,-1,-1
689,453,616.00,360.00,51.00,109.00,1,-1,-1,-1
689,450,564.00,196.00,45.00,92.00,1,-1,-1,-1
690,450,565.00,195.00,44.00,93.00,1,-1,-1,-1
693,455,79.00,441.00,55.00,116.00,1,-1,-1,-1
693,454,1126.00,620.00,46.00,134.00,1,-1,-1,-1
694,455,80.00,439.00,55.00,117.00,1,-1,-1,-1
695,455,82.00,438.00,56.00,116.00,1,-1,-1,-1
695,453,613.00,355.00,54.00,111.00,1,-1,-1,-1
696,455,83.00,437.00,55.00,116.00,1,-1,-1,-1
696,453,614.00,353.00,52.00,111.00,1,-1,-1,-1
697,455,84.00,435.00,54.00,117.00,1,-1,-1,-1
697,453,613.00,351.00,52.00,110.00,1,-1,-1,-1
698,455,85.00,434.00,55.00,116.00,1,-1,-1,-1
698,453,614.00,349.00,52.00,111.00,1,-1,-1,-1
699,453,614.00,348.00,52.00,110.00,1,-1,-1,-1
700,453,614.00,346.00,52.00,111.00,1,-1,-1,-1
703,453,614.00,343.00,53.00,110.00,1,-1,-1,-1
704,453,614.00,344.00,53.00,109.00,1,-1,-1,-1
705,453,614.00,342.00,53.00,110.00,1,-1,-1,-1
705,450,566.00,183.00,44.00,89.00,1,-1,-1,-1
706,453,614.00,341.00,53.00,110.00,1,-1,-1,-1
706,450,565.00,183.00,44.00,90.00,1,-1,-1,-1
707,453,614.00,340.00,53.00,110.00,1,-1,-1,-1
707,450,565.00,181.00,44.00,90.00,1,-1,-1,-1
708,453,613.00,340.00,53.00,109.00,1,-1,-1,-1
708,450,566.00,180.00,44.00,89.00,1,-1,-1,-1
709,453,613.00,338.00,53.00,108.00,1,-1,-1,-1
709,450,565.00,179.00,44.00,90.00,1,-1,-1,-1
710,456,506.00,425.00,55.00,120.00,1,-1,-1,-1
710,454,1128.00,617.00,44.00,134.00,1,-1,-1,-1
710,450,565.00,178.00,44.00,90.00,1,-1,-1,-1
711,456,507.00,423.00,56.00,123.00,1,-1,-1,-1
712,456,506.00,422.00,56.00,122.00,1,-1,-1,-1
712,454,1127.00,617.00,45.00,135.00,1,-1,-1,-1
713,456,506.00,421.00,57.00,121.00,1,-1,-1,-1
713,454,1126.00,616.00,46.00,135.00,1,-1,-1,-1
714,457,944.00,433.00,55.00,111.00,1,-1,-1,-1
714,456,506.00,421.00,57.00,121.00,1,-1,-1,-1
714,454,1126.00,617.00,46.00,135.00,1,-1,-1,-1
714,450,565.00,175.00,44.00,90.00,1,-1,-1,-1
715,456,506.00,419.00,55.00,123.00,1,-1,-1,-1
716,456,506.00,418.00,55.00,124.00,1,-1,-1,-1
716,454,1127.00,617.00,45.00,135.00,1,-1,-1,-1
717,454,1127.00,617.00,45.00,135.00,1,-1,-1,-1
718,456,507.00,418.00,54.00,122.00,1,-1,-1,-1
718,454,1128.00,617.00,44.00,135.00,1,-1,-1,-1
719,456,506.00,417.00,55.00,121.00,1,-1,-1,-1
719,455,109.00,404.00,53.00,114.00,1,-1,-1,-1
719,454,1128.00,618.00,44.00,133.00,1,-1,-1,-1
720,458,1076.00,767.00,63.00,112.00,1,-1,-1,-1
720,456,506.00,418.00,54.00,121.00,1,-1,-1,-1
720,455,109.00,403.00,55.00,115.00,1,-1,-1,-1
721,458,1074.00,763.00,63.00,116.00,1,-1,-1,-1
721,454,1127.00,617.00,45.00,132.00,1,-1,-1,-1
722,458,1073.00,762.00,63.00,117.00,1,-1,-1,-1
722,454,1127.00,617.00,45.00,131.00,1,-1,-1,-1
723,458,1071.00,761.00,64.00,118.00,1,-1,-1,-1
723,454,1126.00,617.00,46.00,132.00,1,-1,-1,-1
724,454,1126.00,617.00,46.00,133.00,1,-1,-1,-1
725,458,1067.00,758.00,64.00,121.00,1,-1,-1,-1
725,454,1127.00,617.00,45.00,132.00,1,-1,-1,-1
726,454,1126.00,617.00,46.00,132.00,1,-1,-1,-1
727,454,1127.00,617.00,45.00,132.00,1,-1,-1,-1
728,458,1061.00,750.00,63.00,129.00,1,-1,-1,-1
728,454,1126.00,618.00,46.00,131.00,1,-1,-1,-1
729,459,621.00,20.00,46.00,95.00,1,-1,-1,-1
729,455,117.00,391.00,56.00,115.00,1,-1,-1,-1
729,454,1126.00,618.00,46.00,132.00,1,-1,-1,-1
730,459,621.00,22.00,45.00,94.00,1,-1,-1,-1
730,455,119.00,391.00,57.00,113.00,1,-1,-1,-1
730,454,1126.00,618.00,46.00,132.00,1,-1,-1,-1
731,459,623.00,21.00,44.00,92.00,1,-1,-1,-1
731,455,119.00,389.00,56.00,115.00,1,-1,-1,-1
731,454,1126.00,617.00,46.00,133.00,1,-1,-1,-1
732,455,120.00,387.00,58.00,116.00,1,-1,-1,-1
733,454,1125.00,617.00,47.00,134.00,1,-1,-1,-1
734,454,1125.00,617.00,47.00,131.00,1,-1,-1,-1
736,457,931.00,406.00,57.00,108.00,1,-1,-1,-1
736,454,1125.00,619.00,47.00,128.00,1,-1,-1,-1
737,457,930.00,406.00,58.00,108.00,1,-1,-1,-1
737,454,1125.00,619.00,47.00,129.00,1,-1,-1,-1
738,454,1125.00,619.00,47.00,130.00,1,-1,-1,-1
739,457,929.00,406.00,56.00,107.00,1,-1,-1,-1
739,454,1125.00,619.00,47.00,130.00,1,-1,-1,-1
740,454,1126.00,619.00,46.00,130.00,1,-1,-1,-1
743,454,1126.00,620.00,46.00,129.00,1,-1,-1,-1
744,454,1126.00,621.00,46.00,130.00,1,-1,-1,-1
750,460,256.00,428.00,59.00,124.00,1,-1,-1,-1
753,455,136.00,367.00,54.00,114.00,1,-1,-1,-1
753,454,1126.00,621.00,46.00,127.00,1,-1,-1,-1
754,454,1126.00,620.00,46.00,128.00,1,-1,-1,-1
755,454,1127.00,619.00,45.00,129.00,1,-1,-1,-1
756,454,1128.00,620.00,44.00,129.00,1,-1,-1,-1
757,454,1127.00,619.00,45.00,130.00,1,-1,-1,-1
758,457,913.00,377.00,57.00,110.00,1,-1,-1,-1
758,454,1128.00,619.00,44.00,130.00,1,-1,-1,-1
759,457,913.00,376.00,57.00,109.00,1,-1,-1,-1
759,454,1128.00,619.00,44.00,130.00,1,-1,-1,-1
760,457,911.00,375.00,57.00,109.00,1,-1,-1,-1
761,457,911.00,374.00,57.00,109.00,1,-1,-1,-1
761,454,1127.00,620.00,45.00,130.00,1,-1,-1,-1
762,454,1127.00,620.00,45.00,130.00,1,-1,-1,-1
763,457,910.00,374.00,56.00,107.00,1,-1,-1,-1
763,454,1127.00,620.00,45.00,129.00,1,-1,-1,-1
764,455,141.00,351.00,54.00,111.00,1,-1,-1,-1
764,454,1127.00,619.00,45.00,131.00,1,-1,-1,-1
765,454,1128.00,619.00,44.00,131.00,1,-1,-1,-1
766,454,1128.00,621.00,44.00,129.00,1,-1,-1,-1
767,457,908.00,367.00,56.00,106.00,1,-1,-1,-1
767,455,142.00,347.00,53.00,109.00,1,-1,-1,-1
767,454,1128.00,620.00,44.00,130.00,1,-1,-1,-1
768,457,907.00,365.00,57.00,106.00,1,-1,-1,-1
768,455,143.00,345.00,53.00,111.00,1,-1,-1,-1
768,454,1128.00,620.00,44.00,131.00,1,-1,-1,-1
769,457,906.00,364.00,58.00,107.00,1,-1,-1,-1
769,455,142.00,345.00,54.00,110.00,1,-1,-1,-1
769,454,1127.00,619.00,45.00,132.00,1,-1,-1,-1
770,457,905.00,362.00,59.00,108.00,1,-1,-1,-1
770,455,145.00,342.00,52.00,112.00,1,-1,-1,-1
770,454,1127.00,620.00,45.00,131.00,1,-1,-1,-1
772,454,1128.00,621.00,44.00,131.00,1,-1,-1,-1
773,454,1128.00,620.00,44.00,131.00,1,-1,-1,-1
774,461,657.00,739.00,60.00,140.00,1,-1,-1,-1
774,454,1128.00,620.00,44.00,131.00,1,-1,-1,-1
775,462,287.00,392.00,58.00,120.00,1,-1,-1,-1
775,461,655.00,739.00,59.00,140.00,1,-1,-1,-1
775,455,147.00,337.00,52.00,111.00,1,-1,-1,-1
775,454,1127.00,621.00,45.00,129.00,1,-1,-1,-1
776,462,288.00,389.00,59.00,123.00,1,-1,-1,-1
776,455,148.00,336.00,54.00,111.00,1,-1,-1,-1
776,454,1127.00,621.00,45.00,130.00,1,-1,-1,-1
777,462,289.00,386.00,59.00,123.00,1,-1,-1,-1
777,455,148.00,336.00,53.00,111.00,1,-1,-1,-1
777,454,1126.00,622.00,46.00,130.00,1,-1,-1,-1
778,462,289.00,385.00,60.00,122.00,1,-1,-1,-1
778,455,148.00,335.00,55.00,109.00,1,-1,-1,-1
778,454,1127.00,622.00,45.00,129.00,1,-1,-1,-1
779,455,149.00,334.00,55.00,109.00,1,-1,-1,-1
779,454,1127.00,622.00,45.00,129.00,1,-1,-1,-1
780,457,901.00,349.00,60.00,108.00,1,-1,-1,-1
780,455,148.00,333.00,56.00,110.00,1,-1,-1,-1
780,454,1126.00,622.00,46.00,129.00,1,-1,-1,-1
781,457,899.00,349.00,60.00,106.00,1,-1,-1,-1
781,455,149.00,332.00,56.00,109.00,1,-1,-1,-1
781,454,1128.00,623.00,44.00,129.00,1,-1,-1,-1
782,457,900.00,347.00,59.00,107.00,1,-1,-1,-1
782,455,149.00,330.00,56.00,111.00,1,-1,-1,-1
782,454,1127.00,622.00,45.00,131.00,1,-1,-1,-1
783,457,900.00,347.00,58.00,107.00,1,-1,-1,-1
783,455,149.00,329.00,56.00,112.00,1,-1,-1,-1
783,454,1127.00,623.00,45.00,129.00,1,-1,-1,-1
784,457,899.00,348.00,58.00,107.00,1,-1,-1,-1
784,454,1127.00,623.00,45.00,129.00,1,-1,-1,-1
785,457,900.00,347.00,56.00,106.00,1,-1,-1,-1
785,454,1127.00,624.00,45.00,129.00,1,-1,-1,-1
786,457,900.00,347.00,56.00,106.00,1,-1,-1,-1
786,454,1127.00,622.00,45.00,130.00,1,-1,-1,-1
787,457,900.00,345.00,55.00,105.00,1,-1,-1,-1
787,454,1127.00,622.00,45.00,129.00,1,-1,-1,-1
788,463,1.00,676.00,3.00,132.00,1,-1,-1,-1
788,457,899.00,346.00,56.00,102.00,1,-1,-1,-1
788,454,1127.00,622.00,45.00,129.00,1,-1,-1,-1
789,463,1.00,675.00,5.00,133.00,1,-1,-1,-1
789,454,1127.00,622.00,45.00,130.00,1,-1,-1,-1
790,463,1.00,674.00,6.00,133.00,1,-1,-1,-1
790,454,1127.00,622.00,45.00,131.00,1,-1,-1,-1
791,463,1.00,674.00,7.00,132.00,1,-1,-1,-1
791,454,1127.00,622.00,45.00,131.00,1,-1,-1,-1
792,463,1.00,670.00,9.00,134.00,1,-1,-1,-1
792,457,897.00,339.00,56.00,105.00,1,-1,-1,-1
792,455,152.00,320.00,56.00,108.00,1,-1,-1,-1
792,454,1127.00,623.00,45.00,131.00,1,-1,-1,-1
793,463,1.00,669.00,10.00,133.00,1,-1,-1,-1
793,457,896.00,337.00,58.00,106.00,1,-1,-1,-1
793,455,154.00,319.00,55.00,107.00,1,-1,-1,-1
793,454,1127.00,622.00,45.00,130.00,1,-1,-1,-1
794,463,1.00,670.00,11.00,129.00,1,-1,-1,-1
794,457,895.00,336.00,59.00,105.00,1,-1,-1,-1
794,454,1127.00,621.00,45.00,130.00,1,-1,-1,-1
795,463,1.00,667.00,13.00,130.00,1,-1,-1,-1
795,454,1127.00,621.00,45.00,131.00,1,-1,-1,-1
796,463,1.00,665.00,14.00,130.00,1,-1,-1,-1
796,457,894.00,333.00,59.00,106.00,1,-1,-1,-1
797,463,1.00,664.00,16.00,127.00,1,-1,-1,-1
797,454,1126.00,620.00,46.00,131.00,1,-1,-1,-1
798,463,1.00,663.00,18.00,129.00,1,-1,-1,-1
798,454,1126.00,620.00,46.00,131.00,1,-1,-1,-1
799,463,1.00,662.00,20.00,129.00,1,-1,-1,-1
799,454,1127.00,621.00,45.00,131.00,1,-1,-1,-1
800,454,1126.00,623.00,45.00,130.00,1,-1,-1,-1
801,454,1126.00,625.00,46.00,128.00,1,-1,-1,-1
802,457,892.00,327.00,59.00,106.00,1,-1,-1,-1
802,454,1126.00,624.00,46.00,127.00,1,-1,-1,-1
803,454,1127.00,625.00,45.00,129.00,1,-1,-1,-1
804,457,891.00,323.00,60.00,106.00,1,-1,-1,-1
804,455,157.00,308.00,55.00,111.00,1,-1,-1,-1
805,457,890.00,321.00,59.00,107.00,1,-1,-1,-1
805,454,1126.00,625.00,46.00,128.00,1,-1,-1,-1
806,455,156.00,303.00,55.00,111.00,1,-1,-1,-1
806,454,1126.00,626.00,46.00,127.00,1,-1,-1,-1
807,455,158.00,302.00,54.00,111.00,1,-1,-1,-1
807,454,1126.00,626.00,46.00,128.00,1,-1,-1,-1
808,455,158.00,300.00,54.00,111.00,1,-1,-1,-1
808,454,1126.00,626.00,46.00,128.00,1,-1,-1,-1
809,455,159.00,299.00,54.00,112.00,1,-1,-1,-1
809,454,1126.00,626.00,46.00,128.00,1,-1,-1,-1
810,455,159.00,298.00,54.00,112.00,1,-1,-1,-1
810,454,1126.00,626.00,46.00,128.00,1,-1,-1,-1
811,463,1.00,644.00,37.00,128.00,1,-1,-1,-1
811,454,1126.00,626.00,46.00,128.00,1,-1,-1,-1
812,463,1.00,641.00,39.00,130.00,1,-1,-1,-1
812,454,1125.00,625.00,47.00,128.00,1,-1,-1,-1
813,463,1.00,638.00,40.00,131.00,1,-1,-1,-1
813,454,1125.00,627.00,47.00,127.00,1,-1,-1,-1
814,457,885.00,312.00,57.00,105.00,1,-1,-1,-1
814,454,1125.00,624.00,47.00,129.00,1,-1,-1,-1
815,463,1.00,635.00,44.00,130.00,1,-1,-1,-1
815,454,1126.00,623.00,46.00,129.00,1,-1,-1,-1
816,463,1.00,635.00,45.00,130.00,1,-1,-1,-1
816,457,881.00,310.00,58.00,104.00,1,-1,-1,-1
816,454,1126.00,622.00,45.00,129.00,1,-1,-1,-1
817,463,1.00,633.00,49.00,132.00,1,-1,-1,-1
817,457,880.00,308.00,59.00,104.00,1,-1,-1,-1
817,454,1125.00,622.00,47.00,129.00,1,-1,-1,-1
818,462,311.00,332.00,58.00,116.00,1,-1,-1,-1
818,457,879.00,307.00,60.00,104.00,1,-1,-1,-1
818,454,1125.00,622.00,47.00,128.00,1,-1,-1,-1
819,464,386.00,759.00,60.00,120.00,1,-1,-1,-1
819,457,878.00,305.00,61.00,106.00,1,-1,-1,-1
819,454,1126.00,622.00,46.00,128.00,1,-1,-1,-1
820,457,879.00,306.00,59.00,105.00,1,-1,-1,-1
820,455,165.00,285.00,53.00,108.00,1,-1,-1,-1
820,454,1125.00,623.00,47.00,128.00,1,-1,-1,-1
821,457,879.00,305.00,58.00,105.00,1,-1,-1,-1
821,455,166.00,284.00,53.00,109.00,1,-1,-1,-1
821,454,1126.00,625.00,46.00,128.00,1,-1,-1,-1
822,457,878.00,304.00,58.00,106.00,1,-1,-1,-1
822,454,1126.00,624.00,46.00,128.00,1,-1,-1,-1
823,454,1125.00,624.00,47.00,129.00,1,-1,-1,-1
824,455,168.00,280.00,52.00,108.00,1,-1,-1,-1
824,454,1126.00,624.00,46.00,128.00,1,-1,-1,-1
825,454,1126.00,624.00,46.00,128.00,1,-1,-1,-1
826,454,1125.00,624.00,47.00,128.00,1,-1,-1,-1
827,454,1124.00,623.00,48.00,128.00,1,-1,-1,-1
828,457,872.00,293.00,60.00,106.00,1,-1,-1,-1
828,454,1125.00,624.00,47.00,128.00,1,-1,-1,-1
829,457,871.00,293.00,59.00,105.00,1,-1,-1,-1
829,454,1125.00,623.00,47.00,129.00,1,-1,-1,-1
830,457,870.00,292.00,59.00,105.00,1,-1,-1,-1
830,454,1125.00,623.00,47.00,128.00,1,-1,-1,-1
831,463,8.00,617.00,59.00,124.00,1,-1,-1,-1
831,454,1124.00,623.00,48.00,127.00,1,-1,-1,-1
832,463,10.00,617.00,60.00,124.00,1,-1,-1,-1
832,454,1125.00,623.00,47.00,127.00,1,-1,-1,-1
833,463,11.00,613.00,60.00,126.00,1,-1,-1,-1
833,457,869.00,290.00,55.00,104.00,1,-1,-1,-1
833,454,1125.00,623.00,47.00,127.00,1,-1,-1,-1
834,463,13.00,610.00,59.00,127.00,1,-1,-1,-1
834,454,1125.00,624.00,47.00,127.00,1,-1,-1,-1
835,463,14.00,608.00,58.00,128.00,1,-1,-1,-1
835,454,1126.00,624.00,45.00,128.00,1,-1,-1,-1
836,463,15.00,606.00,58.00,128.00,1,-1,-1,-1
837,463,17.00,604.00,56.00,128.00,1,-1,-1,-1
837,462,321.00,305.00,62.00,119.00,1,-1,-1,-1
837,454,1126.00,623.00,46.00,127.00,1,-1,-1,-1
838,463,18.00,603.00,56.00,128.00,1,-1,-1,-1
838,454,1127.00,623.00,45.00,129.00,1,-1,-1,-1
839,463,19.00,602.00,57.00,128.00,1,-1,-1,-1
839,454,1126.00,623.00,46.00,128.00,1,-1,-1,-1
840,462,324.00,302.00,62.00,114.00,1,-1,-1,-1
840,454,1127.00,623.00,44.00,128.00,1,-1,-1,-1
841,454,1127.00,624.00,45.00,128.00,1,-1,-1,-1
842,454,1128.00,624.00,44.00,128.00,1,-1,-1,-1
843,454,1128.00,624.00,44.00,129.00,1,-1,-1,-1
846,454,1127.00,625.00,45.00,129.00,1,-1,-1,-1
847,454,1127.00,625.00,45.00,128.00,1,-1,-1,-1
848,454,1126.00,625.00,46.00,129.00,1,-1,-1,-1
849,454,1126.00,625.00,46.00,127.00,1,-1,-1,-1
850,454,1126.00,625.00,46.00,127.00,1,-1,-1,-1
851,454,1126.00,626.00,46.00,127.00,1,-1,-1,-1
852,454,1127.00,626.00,45.00,127.00,1,-1,-1,-1
853,454,1127.00,626.00,45.00,127.00,1,-1,-1,-1
854,454,1127.00,625.00,44.00,128.00,1,-1,-1,-1
855,454,1126.00,625.00,46.00,128.00,1,-1,-1,-1
856,454,1127.00,626.00,45.00,127.00,1,-1,-1,-1
857,454,1127.00,626.00,45.00,127.00,1,-1,-1,-1
858,454,1127.00,627.00,45.00,126.00,1,-1,-1,-1
859,454,1126.00,626.00,46.00,128.00,1,-1,-1,-1
860,454,1126.00,627.00,46.00,128.00,1,-1,-1,-1
861,454,1126.00,627.00,46.00,128.00,1,-1,-1,-1
862,454,1126.00,627.00,46.00,129.00,1,-1,-1,-1
863,454,1126.00,627.00,46.00,129.00,1,-1,-1,-1
864,454,1126.00,627.00,46.00,128.00,1,-1,-1,-1
865,454,1126.00,628.00,46.00,128.00,1,-1,-1,-1
866,454,1126.00,628.00,46.00,127.00,1,-1,-1,-1
868,454,1126.00,627.00,46.00,128.00,1,-1,-1,-1
869,454,1126.00,627.00,46.00,130.00,1,-1,-1,-1
870,454,1126.00,626.00,46.00,129.00,1,-1,-1,-1
871,454,1126.00,626.00,46.00,130.00,1,-1,-1,-1
872,454,1126.00,627.00,46.00,130.00,1,-1,-1,-1
873,454,1126.00,627.00,46.00,129.00,1,-1,-1,-1
874,454,1126.00,627.00,46.00,129.00,1,-1,-1,-1
875,454,1127.00,627.00,45.00,129.00,1,-1,-1,-1
876,454,1127.00,626.00,45.00,130.00,1,-1,-1,-1
877,465,836.00,336.00,56.00,115.00,1,-1,-1,-1
877,454,1126.00,627.00,46.00,129.00,1,-1,-1,-1
878,454,1126.00,626.00,46.00,130.00,1,-1,-1,-1
879,454,1126.00,627.00,46.00,128.00,1,-1,-1,-1
880,454,1126.00,627.00,46.00,129.00,1,-1,-1,-1
881,454,1126.00,627.00,46.00,129.00,1,-1,-1,-1
882,454,1127.00,627.00,45.00,128.00,1,-1,-1,-1
883,466,206.00,220.00,49.00,99.00,1,-1,-1,-1
883,454,1127.00,625.00,45.00,129.00,1,-1,-1,-1
885,454,1125.00,626.00,47.00,129.00,1,-1,-1,-1
886,454,1126.00,626.00,46.00,128.00,1,-1,-1,-1
887,454,1126.00,626.00,46.00,129.00,1,-1,-1,-1
888,454,1126.00,627.00,46.00,128.00,1,-1,-1,-1
889,466,207.00,217.00,49.00,98.00,1,-1,-1,-1
889,454,1126.00,626.00,46.00,128.00,1,-1,-1,-1
890,454,1126.00,625.00,46.00,130.00,1,-1,-1,-1
891,466,208.00,216.00,50.00,97.00,1,-1,-1,-1
891,454,1126.00,625.00,46.00,130.00,1,-1,-1,-1
892,454,1125.00,623.00,47.00,130.00,1,-1,-1,-1
893,454,1125.00,622.00,47.00,131.00,1,-1,-1,-1
894,454,1126.00,624.00,46.00,129.00,1,-1,-1,-1
895,454,1126.00,626.00,46.00,128.00,1,-1,-1,-1
896,454,1126.00,624.00,46.00,130.00,1,-1,-1,-1
897,454,1126.00,625.00,46.00,130.00,1,-1,-1,-1
898,454,1126.00,624.00,46.00,129.00,1,-1,-1,-1
899,454,1126.00,624.00,46.00,130.00,1,-1,-1,-1
900,454,1124.00,624.00,48.00,128.00,1,-1,-1,-1
901,454,1125.00,623.00,47.00,126.00,1,-1,-1,-1
902,454,1125.00,624.00,47.00,124.00,1,-1,-1,-1
903,454,1124.00,624.00,48.00,125.00,1,-1,-1,-1
904,454,1124.00,624.00,48.00,126.00,1,-1,-1,-1
905,454,1123.00,625.00,49.00,124.00,1,-1,-1,-1
906,454,1123.00,624.00,49.00,125.00,1,-1,-1,-1
907,454,1124.00,626.00,48.00,124.00,1,-1,-1,-1
908,454,1124.00,625.00,48.00,125.00,1,-1,-1,-1
909,454,1125.00,627.00,47.00,127.00,1,-1,-1,-1
910,454,1126.00,626.00,46.00,127.00,1,-1,-1,-1
911,454,1124.00,625.00,48.00,126.00,1,-1,-1,-1
912,454,1125.00,625.00,47.00,126.00,1,-1,-1,-1
913,454,1124.00,626.00,48.00,126.00,1,-1,-1,-1
914,454,1123.00,625.00,49.00,126.00,1,-1,-1,-1
915,454,1124.00,625.00,48.00,127.00,1,-1,-1,-1
916,454,1125.00,626.00,47.00,126.00,1,-1,-1,-1
917,454,1124.00,625.00,48.00,126.00,1,-1,-1,-1
918,454,1125.00,625.00,47.00,126.00,1,-1,-1,-1
919,454,1124.00,625.00,48.00,124.00,1,-1,-1,-1
920,454,1123.00,624.00,49.00,126.00,1,-1,-1,-1
921,454,1123.00,624.00,49.00,129.00,1,-1,-1,-1
927,454,1124.00,628.00,48.00,125.00,1,-1,-1,-1
928,468,328.00,317.00,42.00,109.00,1,-1,-1,-1
928,467,136.00,391.00,51.00,115.00,1,-1,-1,-1
928,454,1124.00,628.00,48.00,124.00,1,-1,-1,-1
929,469,378.00,731.00,58.00,139.00,1,-1,-1,-1
929,468,328.00,316.00,43.00,110.00,1,-1,-1,-1
929,454,1124.00,628.00,48.00,124.00,1,-1,-1,-1
930,469,378.00,730.00,59.00,139.00,1,-1,-1,-1
930,454,1123.00,628.00,49.00,123.00,1,-1,-1,-1
931,469,377.00,729.00,59.00,138.00,1,-1,-1,-1
931,454,1123.00,627.00,49.00,123.00,1,-1,-1,-1
932,468,328.00,315.00,41.00,107.00,1,-1,-1,-1
932,454,1124.00,626.00,48.00,126.00,1,-1,-1,-1
934,454,1125.00,626.00,47.00,125.00,1,-1,-1,-1
935,454,1124.00,626.00,48.00,123.00,1,-1,-1,-1
938,470,467.00,340.00,58.00,107.00,1,-1,-1,-1
940,454,1124.00,624.00,48.00,126.00,1,-1,-1,-1
941,454,1125.00,624.00,47.00,126.00,1,-1,-1,-1
942,454,1125.00,624.00,47.00,126.00,1,-1,-1,-1
943,454,1125.00,624.00,47.00,126.00,1,-1,-1,-1
944,469,376.00,704.00,58.00,143.00,1,-1,-1,-1
944,454,1124.00,623.00,48.00,125.00,1,-1,-1,-1
945,469,376.00,704.00,58.00,141.00,1,-1,-1,-1
945,454,1124.00,624.00,48.00,125.00,1,-1,-1,-1
946,469,376.00,703.00,58.00,145.00,1,-1,-1,-1
947,469,375.00,701.00,58.00,145.00,1,-1,-1,-1
948,471,161.00,359.00,50.00,109.00,1,-1,-1,-1
948,454,1125.00,625.00,47.00,124.00,1,-1,-1,-1
949,471,162.00,359.00,50.00,108.00,1,-1,-1,-1
949,469,373.00,698.00,58.00,143.00,1,-1,-1,-1
949,454,1124.00,624.00,48.00,124.00,1,-1,-1,-1
950,454,1124.00,624.00,48.00,124.00,1,-1,-1,-1
951,454,1123.00,623.00,49.00,125.00,1,-1,-1,-1
952,471,163.00,352.00,51.00,103.00,1,-1,-1,-1
952,454,1124.00,622.00,48.00,127.00,1,-1,-1,-1
953,454,1123.00,623.00,49.00,125.00,1,-1,-1,-1
954,472,253.00,159.00,46.00,92.00,1,-1,-1,-1
954,468,328.00,290.00,43.00,106.00,1,-1,-1,-1
954,454,1123.00,623.00,49.00,126.00,1,-1,-1,-1
955,470,467.00,326.00,56.00,99.00,1,-1,-1,-1
955,454,1123.00,623.00,49.00,127.00,1,-1,-1,-1
956,470,468.00,324.00,55.00,101.00,1,-1,-1,-1
956,468,330.00,287.00,42.00,107.00,1,-1,-1,-1
956,454,1123.00,622.00,49.00,127.00,1,-1,-1,-1
957,470,468.00,323.00,56.00,102.00,1,-1,-1,-1
957,454,1124.00,625.00,48.00,125.00,1,-1,-1,-1
959,454,1125.00,624.00,47.00,125.00,1,-1,-1,-1
960,454,1124.00,625.00,48.00,125.00,1,-1,-1,-1
961,470,468.00,319.00,55.00,103.00,1,-1,-1,-1
961,454,1124.00,623.00,48.00,125.00,1,-1,-1,-1
962,470,468.00,318.00,56.00,103.00,1,-1,-1,-1
964,470,468.00,313.00,57.00,104.00,1,-1,-1,-1
964,454,1124.00,623.00,48.00,126.00,1,-1,-1,-1
965,454,1124.00,623.00,48.00,126.00,1,-1,-1,-1
966,454,1124.00,624.00,48.00,126.00,1,-1,-1,-1
967,454,1124.00,624.00,48.00,126.00,1,-1,-1,-1
968,473,194.00,449.00,53.00,115.00,1,-1,-1,-1
968,454,1124.00,624.00,48.00,124.00,1,-1,-1,-1
969,473,194.00,448.00,54.00,114.00,1,-1,-1,-1
970,473,196.00,449.00,53.00,112.00,1,-1,-1,-1
971,473,197.00,447.00,53.00,112.00,1,-1,-1,-1
976,471,181.00,317.00,48.00,105.00,1,-1,-1,-1
976,454,1124.00,622.00,48.00,122.00,1,-1,-1,-1
977,471,180.00,316.00,49.00,106.00,1,-1,-1,-1
978,471,181.00,316.00,49.00,105.00,1,-1,-1,-1
979,471,181.00,315.00,49.00,104.00,1,-1,-1,-1
979,454,1124.00,622.00,48.00,121.00,1,-1,-1,-1
980,454,1124.00,622.00,48.00,122.00,1,-1,-1,-1
982,474,910.00,749.00,64.00,128.00,1,-1,-1,-1
983,454,1125.00,622.00,47.00,122.00,1,-1,-1,-1
985,475,102.00,648.00,70.00,135.00,1,-1,-1,-1
985,454,1123.00,622.00,49.00,120.00,1,-1,-1,-1
988,454,1123.00,623.00,49.00,117.00,1,-1,-1,-1
989,454,1123.00,623.00,49.00,119.00,1,-1,-1,-1
990,473,218.00,425.00,54.00,113.00,1,-1,-1,-1
990,454,1123.00,622.00,49.00,119.00,1,-1,-1,-1
991,473,220.00,424.00,54.00,114.00,1,-1,-1,-1
991,454,1123.00,623.00,49.00,120.00,1,-1,-1,-1
992,473,221.00,423.00,54.00,113.00,1,-1,-1,-1
992,454,1123.00,622.00,49.00,120.00,1,-1,-1,-1
993,473,222.00,422.00,54.00,114.00,1,-1,-1,-1
993,454,1124.00,622.00,48.00,121.00,1,-1,-1,-1
994,471,189.00,293.00,50.00,101.00,1,-1,-1,-1
995,473,225.00,420.00,54.00,114.00,1,-1,-1,-1
996,473,226.00,420.00,53.00,113.00,1,-1,-1,-1
997,471,193.00,289.00,50.00,98.00,1,-1,-1,-1
998,471,193.00,290.00,50.00,98.00,1,-1,-1,-1
999,471,194.00,288.00,50.00,99.00,1,-1,-1,-1
1000,473,228.00,415.00,55.00,109.00,1,-1,-1,-1
1000,471,193.00,289.00,50.00,98.00,1,-1,-1,-1
1001,476,353.00,614.00,57.00,130.00,1,-1,-1,-1
1002,476,351.00,610.00,57.00,129.00,1,-1,-1,-1
1002,473,231.00,412.00,54.00,109.00,1,-1,-1,-1
1002,471,196.00,285.00,48.00,97.00,1,-1,-1,-1
1003,471,197.00,282.00,49.00,98.00,1,-1,-1,-1
1004,471,197.00,279.00,50.00,99.00,1,-1,-1,-1
1005,477,543.00,431.00,54.00,121.00,1,-1,-1,-1
1005,473,232.00,407.00,56.00,111.00,1,-1,-1,-1
1005,471,197.00,279.00,50.00,97.00,1,-1,-1,-1
1006,471,198.00,278.00,50.00,98.00,1,-1,-1,-1
1007,471,198.00,276.00,50.00,97.00,1,-1,-1,-1
1008,473,236.00,404.00,55.00,111.00,1,-1,-1,-1
1008,471,200.00,275.00,49.00,97.00,1,-1,-1,-1
1010,471,201.00,272.00,50.00,99.00,1,-1,-1,-1
1011,478,1.00,374.00,34.00,108.00,1,-1,-1,-1
1011,471,201.00,271.00,51.00,98.00,1,-1,-1,-1
1012,478,1.00,372.00,34.00,109.00,1,-1,-1,-1
1012,473,243.00,398.00,54.00,110.00,1,-1,-1,-1
1013,478,1.00,370.00,34.00,108.00,1,-1,-1,-1
1013,471,202.00,267.00,50.00,98.00,1,-1,-1,-1
1014,478,1.00,368.00,35.00,108.00,1,-1,-1,-1
1014,477,539.00,420.00,55.00,123.00,1,-1,-1,-1
1014,476,347.00,589.00,60.00,128.00,1,-1,-1,-1
1014,473,247.00,396.00,52.00,110.00,1,-1,-1,-1
1015,476,346.00,588.00,60.00,125.00,1,-1,-1,-1
1015,471,203.00,263.00,50.00,98.00,1,-1,-1,-1
1016,476,345.00,587.00,61.00,123.00,1,-1,-1,-1
1016,471,205.00,261.00,50.00,100.00,1,-1,-1,-1
1017,476,346.00,584.00,60.00,124.00,1,-1,-1,-1
1018,476,345.00,583.00,59.00,124.00,1,-1,-1,-1
1018,471,205.00,257.00,50.00,103.00,1,-1,-1,-1
1019,476,344.00,580.00,59.00,126.00,1,-1,-1,-1
1020,476,344.00,577.00,59.00,127.00,1,-1,-1,-1
1020,473,254.00,386.00,51.00,111.00,1,-1,-1,-1
1021,473,256.00,385.00,49.00,112.00,1,-1,-1,-1
1021,471,206.00,256.00,50.00,98.00,1,-1,-1,-1
1022,473,257.00,383.00,50.00,113.00,1,-1,-1,-1
1023,473,258.00,382.00,49.00,112.00,1,-1,-1,-1
1024,473,258.00,381.00,50.00,110.00,1,-1,-1,-1
1025,473,259.00,380.00,51.00,109.00,1,-1,-1,-1
1026,473,259.00,379.00,52.00,107.00,1,-1,-1,-1
1027,473,261.00,378.00,51.00,108.00,1,-1,-1,-1
1029,473,261.00,373.00,52.00,109.00,1,-1,-1,-1
1030,473,262.00,372.00,52.00,108.00,1,-1,-1,-1
1032,479,472.00,242.00,57.00,96.00,1,-1,-1,-1
1032,473,263.00,368.00,53.00,112.00,1,-1,-1,-1
1033,479,473.00,240.00,57.00,96.00,1,-1,-1,-1
1033,473,264.00,367.00,51.00,112.00,1,-1,-1,-1
1034,480,543.00,733.00,64.00,133.00,1,-1,-1,-1
1035,480,544.00,733.00,65.00,131.00,1,-1,-1,-1
1035,473,266.00,365.00,52.00,109.00,1,-1,-1,-1
1036,480,544.00,731.00,65.00,133.00,1,-1,-1,-1
1036,471,216.00,229.00,48.00,95.00,1,-1,-1,-1
1037,480,542.00,729.00,65.00,133.00,1,-1,-1,-1
1038,480,541.00,728.00,66.00,133.00,1,-1,-1,-1
1039,471,217.00,226.00,48.00,94.00,1,-1,-1,-1
1040,471,218.00,225.00,48.00,94.00,1,-1,-1,-1
1041,471,219.00,225.00,48.00,95.00,1,-1,-1,-1
1042,480,540.00,721.00,64.00,128.00,1,-1,-1,-1
1043,480,540.00,718.00,63.00,129.00,1,-1,-1,-1
1043,479,474.00,228.00,56.00,101.00,1,-1,-1,-1
1043,473,277.00,355.00,52.00,109.00,1,-1,-1,-1
1043,471,220.00,225.00,48.00,93.00,1,-1,-1,-1
1044,473,278.00,354.00,52.00,108.00,1,-1,-1,-1
1044,471,221.00,222.00,47.00,94.00,1,-1,-1,-1
1045,480,538.00,715.00,62.00,130.00,1,-1,-1,-1
1045,473,278.00,353.00,52.00,107.00,1,-1,-1,-1
1045,471,220.00,221.00,48.00,93.00,1,-1,-1,-1
1046,473,280.00,352.00,50.00,107.00,1,-1,-1,-1
1046,471,222.00,219.00,48.00,96.00,1,-1,-1,-1
1047,479,474.00,223.00,57.00,101.00,1,-1,-1,-1
1047,473,281.00,352.00,50.00,107.00,1,-1,-1,-1
1048,473,283.00,351.00,49.00,106.00,1,-1,-1,-1
1049,471,223.00,214.00,48.00,92.00,1,-1,-1,-1
1050,473,285.00,349.00,49.00,107.00,1,-1,-1,-1
1050,471,224.00,212.00,46.00,92.00,1,-1,-1,-1
1051,473,286.00,347.00,49.00,106.00,1,-1,-1,-1
1051,471,225.00,213.00,46.00,91.00,1,-1,-1,-1
1052,473,287.00,346.00,49.00,107.00,1,-1,-1,-1
1052,471,225.00,210.00,46.00,92.00,1,-1,-1,-1
1053,473,288.00,345.00,50.00,106.00,1,-1,-1,-1
1053,471,226.00,210.00,46.00,90.00,1,-1,-1,-1
1054,473,289.00,344.00,50.00,105.00,1,-1,-1,-1
1054,471,227.00,210.00,46.00,92.00,1,-1,-1,-1
1055,473,290.00,342.00,50.00,107.00,1,-1,-1,-1
1055,471,226.00,209.00,47.00,92.00,1,-1,-1,-1
1056,473,291.00,341.00,50.00,107.00,1,-1,-1,-1
1056,471,227.00,206.00,47.00,92.00,1,-1,-1,-1
1057,473,291.00,339.00,50.00,109.00,1,-1,-1,-1
1058,471,229.00,203.00,46.00,93.00,1,-1,-1,-1
1060,473,294.00,335.00,51.00,109.00,1,-1,-1,-1
1061,473,294.00,335.00,51.00,108.00,1,-1,-1,-1
1062,473,295.00,334.00,51.00,108.00,1,-1,-1,-1
1062,471,232.00,199.00,45.00,96.00,1,-1,-1,-1
1063,480,531.00,684.00,65.00,126.00,1,-1,-1,-1
1063,473,298.00,335.00,51.00,105.00,1,-1,-1,-1
1063,471,232.00,198.00,45.00,95.00,1,-1,-1,-1
1064,473,299.00,335.00,50.00,105.00,1,-1,-1,-1
1065,471,233.00,196.00,45.00,94.00,1,-1,-1,-1
1066,471,234.00,194.00,45.00,95.00,1,-1,-1,-1
1067,471,233.00,192.00,46.00,92.00,1,-1,-1,-1
1068,480,530.00,673.00,63.00,126.00,1,-1,-1,-1
1068,471,235.00,190.00,45.00,92.00,1,-1,-1,-1
1071,471,236.00,186.00,45.00,92.00,1,-1,-1,-1
1073,481,321.00,492.00,62.00,128.00,1,-1,-1,-1
1073,473,311.00,322.00,51.00,104.00,1,-1,-1,-1
1075,479,474.00,195.00,58.00,97.00,1,-1,-1,-1
1075,473,314.00,320.00,49.00,105.00,1,-1,-1,-1
1076,473,315.00,319.00,49.00,104.00,1,-1,-1,-1
1077,473,316.00,318.00,49.00,103.00,1,-1,-1,-1
1078,473,316.00,316.00,50.00,104.00,1,-1,-1,-1
1079,473,317.00,315.00,50.00,103.00,1,-1,-1,-1
1080,483,1129.00,596.00,43.00,129.00,1,-1,-1,-1
1080,482,561.00,378.00,46.00,112.00,1,-1,-1,-1
1080,473,318.00,314.00,49.00,102.00,1,-1,-1,-1
1081,473,320.00,312.00,48.00,103.00,1,-1,-1,-1
1082,482,563.00,377.00,45.00,109.00,1,-1,-1,-1
1082,480,523.00,643.00,65.00,130.00,1,-1,-1,-1
1082,473,322.00,309.00,49.00,105.00,1,-1,-1,-1
1083,480,523.00,641.00,66.00,130.00,1,-1,-1,-1
1085,471,243.00,169.00,46.00,93.00,1,-1,-1,-1
1088,484,871.00,467.00,56.00,116.00,1,-1,-1,-1
1089,484,870.00,465.00,56.00,120.00,1,-1,-1,-1
1091,484,869.00,466.00,54.00,118.00,1,-1,-1,-1
1092,484,867.00,464.00,54.00,114.00,1,-1,-1,-1
1093,484,865.00,461.00,56.00,111.00,1,-1,-1,-1
1093,480,521.00,623.00,65.00,127.00,1,-1,-1,-1
1093,471,248.00,159.00,46.00,92.00,1,-1,-1,-1
1094,480,520.00,621.00,66.00,129.00,1,-1,-1,-1
1094,471,248.00,157.00,46.00,92.00,1,-1,-1,-1
1095,480,521.00,620.00,66.00,129.00,1,-1,-1,-1
1095,471,248.00,157.00,46.00,91.00,1,-1,-1,-1
1096,480,520.00,618.00,66.00,130.00,1,-1,-1,-1
1096,471,248.00,157.00,46.00,91.00,1,-1,-1,-1
1097,473,335.00,292.00,52.00,104.00,1,-1,-1,-1
1097,471,248.00,155.00,46.00,91.00,1,-1,-1,-1
1098,473,334.00,291.00,53.00,104.00,1,-1,-1,-1
1098,471,248.00,153.00,45.00,91.00,1,-1,-1,-1
1100,471,248.00,151.00,46.00,90.00,1,-1,-1,-1
1101,473,336.00,290.00,53.00,104.00,1,-1,-1,-1
1101,471,248.00,150.00,47.00,91.00,1,-1,-1,-1
1102,473,337.00,289.00,52.00,103.00,1,-1,-1,-1
1103,473,338.00,288.00,53.00,102.00,1,-1,-1,-1
1104,473,338.00,285.00,53.00,101.00,1,-1,-1,-1
1105,473,339.00,284.00,54.00,103.00,1,-1,-1,-1
1105,471,250.00,146.00,46.00,92.00,1,-1,-1,-1
1106,473,339.00,283.00,55.00,101.00,1,-1,-1,-1
1107,473,340.00,281.00,54.00,102.00,1,-1,-1,-1
1109,473,341.00,280.00,55.00,104.00,1,-1,-1,-1
1110,473,341.00,280.00,56.00,103.00,1,-1,-1,-1
1110,471,251.00,140.00,45.00,91.00,1,-1,-1,-1
1111,473,342.00,279.00,55.00,104.00,1,-1,-1,-1
1111,471,252.00,140.00,45.00,92.00,1,-1,-1,-1
1112,473,343.00,278.00,56.00,104.00,1,-1,-1,-1
1112,471,252.00,139.00,45.00,91.00,1,-1,-1,-1
1113,473,343.00,278.00,56.00,103.00,1,-1,-1,-1
1113,471,253.00,139.00,45.00,92.00,1,-1,-1,-1
1115,471,254.00,137.00,45.00,92.00,1,-1,-1,-1
1116,471,255.00,136.00,44.00,91.00,1,-1,-1,-1
1117,485,507.00,295.00,45.00,108.00,1,-1,-1,-1
1117,471,255.00,136.00,44.00,91.00,1,-1,-1,-1
1118,473,348.00,273.00,55.00,103.00,1,-1,-1,-1
1118,471,255.00,135.00,44.00,89.00,1,-1,-1,-1
1119,473,349.00,272.00,54.00,102.00,1,-1,-1,-1
1119,471,255.00,135.00,45.00,88.00,1,-1,-1,-1
1120,471,256.00,133.00,45.00,88.00,1,-1,-1,-1
1121,473,351.00,271.00,53.00,100.00,1,-1,-1,-1
1121,471,256.00,131.00,45.00,90.00,1,-1,-1,-1
1122,471,257.00,129.00,44.00,90.00,1,-1,-1,-1
1124,486,257.00,403.00,57.00,118.00,1,-1,-1,-1
1125,486,258.00,403.00,57.00,117.00,1,-1,-1,-1
1125,483,1125.00,589.00,47.00,125.00,1,-1,-1,-1
1126,483,1126.00,590.00,46.00,125.00,1,-1,-1,-1
1127,486,259.00,400.00,56.00,117.00,1,-1,-1,-1
1127,483,1126.00,590.00,46.00,127.00,1,-1,-1,-1
1127,471,260.00,125.00,44.00,92.00,1,-1,-1,-1
1128,483,1126.00,590.00,46.00,125.00,1,-1,-1,-1
1129,483,1126.00,590.00,46.00,125.00,1,-1,-1,-1
1130,483,1126.00,589.00,46.00,128.00,1,-1,-1,-1
1131,473,359.00,260.00,52.00,100.00,1,-1,-1,-1
1132,483,1126.00,589.00,46.00,127.00,1,-1,-1,-1
1132,473,360.00,258.00,51.00,99.00,1,-1,-1,-1
1137,484,839.00,405.00,48.00,112.00,1,-1,-1,-1
1138,484,839.00,404.00,47.00,112.00,1,-1,-1,-1
1139,484,837.00,404.00,49.00,112.00,1,-1,-1,-1
1139,483,1128.00,587.00,44.00,128.00,1,-1,-1,-1
1140,484,837.00,403.00,48.00,112.00,1,-1,-1,-1
1140,483,1127.00,587.00,45.00,129.00,1,-1,-1,-1
1140,473,369.00,250.00,52.00,102.00,1,-1,-1,-1
1140,471,265.00,110.00,44.00,90.00,1,-1,-1,-1
1141,484,836.00,401.00,47.00,115.00,1,-1,-1,-1
1141,483,1127.00,587.00,45.00,128.00,1,-1,-1,-1
1141,480,509.00,549.00,60.00,120.00,1,-1,-1,-1
1141,473,370.00,250.00,52.00,100.00,1,-1,-1,-1
1142,483,1127.00,587.00,45.00,128.00,1,-1,-1,-1
1142,473,371.00,248.00,52.00,103.00,1,-1,-1,-1
1143,473,371.00,247.00,53.00,102.00,1,-1,-1,-1
1144,473,372.00,246.00,52.00,103.00,1,-1,-1,-1
1145,473,372.00,244.00,52.00,104.00,1,-1,-1,-1
1146,473,372.00,243.00,52.00,103.00,1,-1,-1,-1
1147,485,501.00,266.00,47.00,109.00,1,-1,-1,-1
1147,483,1125.00,588.00,47.00,124.00,1,-1,-1,-1
1147,473,373.00,243.00,52.00,99.00,1,-1,-1,-1
1148,483,1125.00,589.00,47.00,124.00,1,-1,-1,-1
1148,473,374.00,243.00,51.00,100.00,1,-1,-1,-1
1149,485,501.00,264.00,46.00,109.00,1,-1,-1,-1
1149,483,1125.00,589.00,47.00,124.00,1,-1,-1,-1
1149,473,374.00,243.00,52.00,102.00,1,-1,-1,-1
1150,485,500.00,264.00,45.00,106.00,1,-1,-1,-1
1150,483,1124.00,590.00,48.00,123.00,1,-1,-1,-1
1150,473,374.00,242.00,53.00,99.00,1,-1,-1,-1
1151,485,499.00,263.00,45.00,107.00,1,-1,-1,-1
1151,483,1125.00,590.00,47.00,123.00,1,-1,-1,-1
1151,473,375.00,242.00,52.00,99.00,1,-1,-1,-1
1152,483,1125.00,589.00,47.00,123.00,1,-1,-1,-1
1152,473,376.00,241.00,51.00,98.00,1,-1,-1,-1
1153,483,1125.00,589.00,47.00,124.00,1,-1,-1,-1
1153,473,376.00,239.00,51.00,98.00,1,-1,-1,-1
1154,473,376.00,239.00,52.00,98.00,1,-1,-1,-1
1155,473,376.00,237.00,53.00,100.00,1,-1,-1,-1
1156,473,378.00,235.00,51.00,100.00,1,-1,-1,-1
1157,473,379.00,233.00,51.00,101.00,1,-1,-1,-1
1158,473,379.00,232.00,52.00,100.00,1,-1,-1,-1
1159,487,623.00,297.00,44.00,102.00,1,-1,-1,-1
1159,473,379.00,232.00,53.00,100.00,1,-1,-1,-1
1160,473,381.00,231.00,53.00,101.00,1,-1,-1,-1
1161,473,381.00,230.00,53.00,101.00,1,-1,-1,-1
1162,483,1123.00,590.00,49.00,124.00,1,-1,-1,-1
1162,473,382.00,229.00,52.00,101.00,1,-1,-1,-1
1163,483,1124.00,590.00,48.00,125.00,1,-1,-1,-1
1163,473,383.00,228.00,52.00,101.00,1,-1,-1,-1
1164,483,1124.00,590.00,48.00,125.00,1,-1,-1,-1
1164,473,384.00,228.00,52.00,100.00,1,-1,-1,-1
1165,483,1124.00,590.00,48.00,123.00,1,-1,-1,-1
1165,473,385.00,229.00,51.00,100.00,1,-1,-1,-1
1166,483,1124.00,590.00,48.00,123.00,1,-1,-1,-1
1166,473,386.00,228.00,51.00,100.00,1,-1,-1,-1
1167,488,1019.00,763.00,62.00,116.00,1,-1,-1,-1
1167,483,1125.00,589.00,47.00,125.00,1,-1,-1,-1
1167,473,387.00,227.00,49.00,99.00,1,-1,-1,-1
1168,488,1019.00,761.00,63.00,118.00,1,-1,-1,-1
1168,483,1125.00,590.00,47.00,125.00,1,-1,-1,-1
1168,473,388.00,226.00,51.00,101.00,1,-1,-1,-1
1169,488,1018.00,760.00,63.00,119.00,1,-1,-1,-1
1169,483,1125.00,590.00,47.00,124.00,1,-1,-1,-1
1169,473,389.00,224.00,50.00,102.00,1,-1,-1,-1
1170,488,1018.00,759.00,61.00,120.00,1,-1,-1,-1
1170,483,1125.00,591.00,47.00,124.00,1,-1,-1,-1
1171,483,1125.00,590.00,47.00,125.00,1,-1,-1,-1
1172,483,1125.00,590.00,47.00,126.00,1,-1,-1,-1
1172,473,390.00,221.00,50.00,102.00,1,-1,-1,-1
1174,488,1013.00,754.00,60.00,125.00,1,-1,-1,-1
1175,488,1012.00,751.00,61.00,128.00,1,-1,-1,-1
1175,483,1125.00,589.00,47.00,126.00,1,-1,-1,-1
1175,473,392.00,219.00,50.00,103.00,1,-1,-1,-1
1176,483,1125.00,590.00,47.00,124.00,1,-1,-1,-1
1176,473,393.00,219.00,51.00,102.00,1,-1,-1,-1
1177,483,1125.00,589.00,47.00,124.00,1,-1,-1,-1
1178,484,818.00,363.00,47.00,107.00,1,-1,-1,-1
1178,483,1126.00,590.00,46.00,125.00,1,-1,-1,-1
1179,488,1005.00,746.00,61.00,131.00,1,-1,-1,-1
1179,473,394.00,218.00,50.00,99.00,1,-1,-1,-1
1180,488,1005.00,743.00,61.00,134.00,1,-1,-1,-1
1180,483,1126.00,590.00,46.00,126.00,1,-1,-1,-1
1181,483,1125.00,590.00,47.00,125.00,1,-1,-1,-1
1181,473,395.00,215.00,49.00,98.00,1,-1,-1,-1
1182,473,396.00,214.00,49.00,96.00,1,-1,-1,-1
1184,483,1126.00,590.00,46.00,127.00,1,-1,-1,-1
1184,473,397.00,213.00,50.00,98.00,1,-1,-1,-1
1185,483,1126.00,590.00,46.00,127.00,1,-1,-1,-1
1185,473,397.00,212.00,51.00,98.00,1,-1,-1,-1
1186,483,1126.00,590.00,46.00,127.00,1,-1,-1,-1
1186,473,398.00,212.00,49.00,97.00,1,-1,-1,-1
1187,483,1126.00,590.00,46.00,127.00,1,-1,-1,-1
1187,473,398.00,211.00,50.00,97.00,1,-1,-1,-1
1188,473,398.00,211.00,50.00,97.00,1,-1,-1,-1
1192,483,1126.00,590.00,46.00,126.00,1,-1,-1,-1
1193,483,1126.00,590.00,46.00,126.00,1,-1,-1,-1
1195,483,1126.00,590.00,46.00,125.00,1,-1,-1,-1
1197,483,1127.00,590.00,45.00,126.00,1,-1,-1,-1
1198,483,1127.00,590.00,45.00,128.00,1,-1,-1,-1
1199,483,1126.00,589.00,46.00,127.00,1,-1,-1,-1
1200,483,1126.00,589.00,46.00,129.00,1,-1,-1,-1
1203,483,1126.00,590.00,46.00,128.00,1,-1,-1,-1
1206,483,1126.00,589.00,46.00,133.00,1,-1,-1,-1
1207,483,1126.00,589.00,46.00,134.00,1,-1,-1,-1
1208,483,1126.00,589.00,46.00,135.00,1,-1,-1,-1
1209,483,1126.00,590.00,46.00,137.00,1,-1,-1,-1
1210,483,1125.00,590.00,47.00,136.00,1,-1,-1,-1
1211,483,1126.00,589.00,46.00,137.00,1,-1,-1,-1
1212,483,1125.00,589.00,47.00,136.00,1,-1,-1,-1
1213,483,1126.00,590.00,46.00,137.00,1,-1,-1,-1
1214,483,1126.00,590.00,46.00,137.00,1,-1,-1,-1
1215,483,1125.00,589.00,47.00,139.00,1,-1,-1,-1
1217,483,1125.00,590.00,47.00,138.00,1,-1,-1,-1
1219,483,1126.00,588.00,46.00,138.00,1,-1,-1,-1
1226,483,1126.00,589.00,46.00,140.00,1,-1,-1,-1
1228,483,1126.00,590.00,46.00,138.00,1,-1,-1,-1
1229,483,1126.00,590.00,46.00,137.00,1,-1,-1,-1
1250,483,1125.00,589.00,47.00,136.00,1,-1,-1,-1
1251,483,1124.00,590.00,48.00,136.00,1,-1,-1,-1
1261,489,1056.00,530.00,51.00,121.00,1,-1,-1,-1
1262,489,1054.00,528.00,51.00,120.00,1,-1,-1,-1
1263,489,1052.00,528.00,51.00,118.00,1,-1,-1,-1
1264,489,1051.00,526.00,51.00,118.00,1,-1,-1,-1
1268,483,1126.00,585.00,46.00,140.00,1,-1,-1,-1
1274,483,1126.00,584.00,46.00,142.00,1,-1,-1,-1
1276,490,180.00,328.00,48.00,115.00,1,-1,-1,-1
1298,491,496.00,341.00,50.00,103.00,1,-1,-1,-1
1300,492,1.00,369.00,39.00,122.00,1,-1,-1,-1
1306,493,331.00,774.00,68.00,105.00,1,-1,-1,-1
1312,493,327.00,760.00,63.00,119.00,1,-1,-1,-1
1315,493,325.00,753.00,64.00,126.00,1,-1,-1,-1
1316,493,324.00,750.00,65.00,129.00,1,-1,-1,-1
1318,494,376.00,167.00,53.00,97.00,1,-1,-1,-1
1318,493,323.00,746.00,65.00,131.00,1,-1,-1,-1
1319,493,322.00,744.00,64.00,135.00,1,-1,-1,-1
1320,493,321.00,741.00,65.00,137.00,1,-1,-1,-1
1321,493,321.00,739.00,65.00,139.00,1,-1,-1,-1
1322,493,319.00,737.00,67.00,141.00,1,-1,-1,-1
1323,493,320.00,735.00,66.00,142.00,1,-1,-1,-1
1324,493,320.00,734.00,65.00,142.00,1,-1,-1,-1
1328,495,11.00,320.00,53.00,115.00,1,-1,-1,-1
1329,495,12.00,317.00,53.00,116.00,1,-1,-1,-1
1330,495,12.00,315.00,53.00,116.00,1,-1,-1,-1
1331,495,12.00,313.00,54.00,117.00,1,-1,-1,-1
1332,495,11.00,312.00,56.00,118.00,1,-1,-1,-1
1333,495,13.00,311.00,55.00,118.00,1,-1,-1,-1
1334,495,13.00,310.00,56.00,117.00,1,-1,-1,-1
1335,495,14.00,309.00,55.00,117.00,1,-1,-1,-1
1336,495,15.00,308.00,55.00,117.00,1,-1,-1,-1
1343,496,675.00,764.00,73.00,115.00,1,-1,-1,-1
1344,496,675.00,763.00,72.00,116.00,1,-1,-1,-1
1345,496,673.00,759.00,72.00,120.00,1,-1,-1,-1
1346,496,673.00,758.00,71.00,121.00,1,-1,-1,-1
1347,496,672.00,756.00,70.00,123.00,1,-1,-1,-1
1348,496,670.00,754.00,71.00,125.00,1,-1,-1,-1
1349,496,670.00,752.00,69.00,127.00,1,-1,-1,-1
1353,497,1128.00,563.00,44.00,141.00,1,-1,-1,-1
1354,495,41.00,283.00,54.00,111.00,1,-1,-1,-1
1358,497,1128.00,563.00,44.00,138.00,1,-1,-1,-1
1402,498,527.00,303.00,50.00,113.00,1,-1,-1,-1
1403,497,1127.00,559.00,45.00,141.00,1,-1,-1,-1
1406,497,1127.00,562.00,45.00,134.00,1,-1,-1,-1
1407,498,528.00,297.00,49.00,110.00,1,-1,-1,-1
1408,498,528.00,295.00,49.00,112.00,1,-1,-1,-1
1408,497,1127.00,560.00,45.00,134.00,1,-1,-1,-1
1409,498,528.00,295.00,49.00,111.00,1,-1,-1,-1
1410,498,528.00,294.00,49.00,110.00,1,-1,-1,-1
1410,497,1127.00,559.00,45.00,134.00,1,-1,-1,-1
1411,497,1127.00,558.00,45.00,134.00,1,-1,-1,-1
1412,497,1126.00,558.00,46.00,135.00,1,-1,-1,-1
1414,497,1126.00,558.00,46.00,135.00,1,-1,-1,-1
1423,498,527.00,273.00,51.00,113.00,1,-1,-1,-1
1436,499,811.00,333.00,55.00,113.00,1,-1,-1,-1
1437,499,810.00,332.00,56.00,113.00,1,-1,-1,-1
1438,499,811.00,332.00,55.00,112.00,1,-1,-1,-1
1440,499,810.00,330.00,54.00,115.00,1,-1,-1,-1
1440,497,1127.00,558.00,45.00,136.00,1,-1,-1,-1
1447,499,811.00,322.00,54.00,110.00,1,-1,-1,-1
1449,499,811.00,318.00,54.00,109.00,1,-1,-1,-1
1451,499,810.00,316.00,55.00,108.00,1,-1,-1,-1
1453,500,122.00,772.00,60.00,107.00,1,-1,-1,-1
1454,499,810.00,314.00,54.00,109.00,1,-1,-1,-1
1460,500,122.00,773.00,59.00,106.00,1,-1,-1,-1
1468,500,122.00,774.00,59.00,105.00,1,-1,-1,-1
1470,500,123.00,774.00,60.00,105.00,1,-1,-1,-1
1470,497,1128.00,558.00,44.00,138.00,1,-1,-1,-1
1471,500,123.00,774.00,60.00,105.00,1,-1,-1,-1
1471,497,1127.00,556.00,45.00,139.00,1,-1,-1,-1
1472,500,123.00,774.00,59.00,105.00,1,-1,-1,-1
1472,497,1128.00,558.00,44.00,140.00,1,-1,-1,-1
1473,500,122.00,774.00,61.00,105.00,1,-1,-1,-1
1473,497,1128.00,557.00,44.00,139.00,1,-1,-1,-1
1474,500,123.00,774.00,60.00,105.00,1,-1,-1,-1
1474,497,1127.00,556.00,45.00,140.00,1,-1,-1,-1
1476,500,123.00,774.00,60.00,105.00,1,-1,-1,-1
1481,500,123.00,775.00,60.00,104.00,1,-1,-1,-1
1486,500,121.00,775.00,61.00,104.00,1,-1,-1,-1
1490,500,121.00,776.00,60.00,103.00,1,-1,-1,-1
1492,500,121.00,776.00,60.00,103.00,1,-1,-1,-1
1493,500,121.00,777.00,60.00,102.00,1,-1,-1,-1
1496,500,122.00,777.00,59.00,102.00,1,-1,-1,-1
1497,500,121.00,777.00,60.00,102.00,1,-1,-1,-1
1498,500,121.00,776.00,60.00,103.00,1,-1,-1,-1
1499,500,121.00,776.00,60.00,103.00,1,-1,-1,-1
1500,500,120.00,777.00,60.00,102.00,1,-1,-1,-1
1501,500,121.00,775.00,60.00,104.00,1,-1,-1,-1
1502,500,121.00,775.00,60.00,104.00,1,-1,-1,-1
1503,500,122.00,776.00,60.00,103.00,1,-1,-1,-1
1504,500,121.00,776.00,60.00,103.00,1,-1,-1,-1
1507,500,121.00,775.00,61.00,104.00,1,-1,-1,-1
1509,500,121.00,774.00,60.00,105.00,1,-1,-1,-1
1510,500,121.00,774.00,60.00,105.00,1,-1,-1,-1
1513,500,122.00,772.00,60.00,107.00,1,-1,-1,-1
1518,500,123.00,772.00,60.00,107.00,1,-1,-1,-1
1519,500,123.00,771.00,59.00,108.00,1,-1,-1,-1
1521,500,123.00,771.00,60.00,108.00,1,-1,-1,-1
1552,501,1.00,339.00,38.00,107.00,1,-1,-1,-1
1569,501,7.00,317.00,51.00,103.00,1,-1,-1,-1
1570,501,8.00,315.00,51.00,104.00,1,-1,-1,-1
1571,501,9.00,311.00,52.00,106.00,1,-1,-1,-1
1572,502,176.00,762.00,57.00,117.00,1,-1,-1,-1
1572,501,9.00,310.00,52.00,106.00,1,-1,-1,-1
1574,501,12.00,308.00,52.00,106.00,1,-1,-1,-1
1575,501,13.00,308.00,51.00,106.00,1,-1,-1,-1
1576,503,129.00,759.00,60.00,120.00,1,-1,-1,-1
1631,504,77.00,231.00,50.00,100.00,1,-1,-1,-1
1632,504,79.00,229.00,50.00,100.00,1,-1,-1,-1
1658,504,103.00,201.00,49.00,100.00,1,-1,-1,-1
1661,505,135.00,750.00,58.00,128.00,1,-1,-1,-1
1662,505,133.00,752.00,59.00,127.00,1,-1,-1,-1
1663,505,133.00,750.00,59.00,129.00,1,-1,-1,-1
1665,505,134.00,750.00,58.00,129.00,1,-1,-1,-1
1666,505,135.00,750.00,57.00,129.00,1,-1,-1,-1
1667,505,135.00,749.00,57.00,130.00,1,-1,-1,-1
1668,505,134.00,749.00,57.00,130.00,1,-1,-1,-1
1669,505,134.00,749.00,58.00,130.00,1,-1,-1,-1
1670,505,134.00,749.00,58.00,130.00,1,-1,-1,-1
1671,505,134.00,749.00,58.00,130.00,1,-1,-1,-1
1672,505,134.00,750.00,58.00,129.00,1,-1,-1,-1
1673,505,134.00,750.00,57.00,129.00,1,-1,-1,-1
1674,505,135.00,751.00,57.00,128.00,1,-1,-1,-1
1676,505,137.00,751.00,55.00,128.00,1,-1,-1,-1
1677,505,137.00,752.00,56.00,127.00,1,-1,-1,-1
1678,505,138.00,752.00,55.00,127.00,1,-1,-1,-1
1693,505,140.00,753.00,55.00,126.00,1,-1,-1,-1
1696,505,141.00,755.00,56.00,124.00,1,-1,-1,-1
1697,505,141.00,755.00,56.00,124.00,1,-1,-1,-1
1698,505,141.00,756.00,55.00,123.00,1,-1,-1,-1
1699,505,142.00,756.00,56.00,123.00,1,-1,-1,-1
1704,505,141.00,756.00,56.00,123.00,1,-1,-1,-1
1836,506,755.00,747.00,75.00,132.00,1,-1,-1,-1
1837,506,754.00,745.00,73.00,134.00,1,-1,-1,-1
1838,506,752.00,742.00,75.00,137.00,1,-1,-1,-1
1839,506,751.00,740.00,75.00,139.00,1,-1,-1,-1
1840,506,748.00,738.00,77.00,141.00,1,-1,-1,-1
1841,506,746.00,734.00,78.00,143.00,1,-1,-1,-1
1843,506,745.00,731.00,79.00,145.00,1,-1,-1,-1
1844,506,744.00,730.00,80.00,144.00,1,-1,-1,-1
1845,506,745.00,730.00,79.00,143.00,1,-1,-1,-1
1846,506,743.00,728.00,80.00,143.00,1,-1,-1,-1
1847,506,744.00,727.00,77.00,147.00,1,-1,-1,-1
1848,506,743.00,728.00,78.00,145.00,1,-1,-1,-1
1849,506,742.00,726.00,79.00,145.00,1,-1,-1,-1
1851,506,741.00,723.00,79.00,144.00,1,-1,-1,-1
1852,506,741.00,720.00,77.00,143.00,1,-1,-1,-1
1853,506,740.00,718.00,78.00,143.00,1,-1,-1,-1
1854,506,740.00,715.00,78.00,146.00,1,-1,-1,-1
1855,507,1088.00,751.00,68.00,128.00,1,-1,-1,-1
1855,506,739.00,713.00,75.00,147.00,1,-1,-1,-1
1856,507,1088.00,749.00,68.00,130.00,1,-1,-1,-1
1856,506,737.00,709.00,77.00,151.00,1,-1,-1,-1
1857,506,736.00,707.00,76.00,152.00,1,-1,-1,-1
1858,506,734.00,707.00,77.00,150.00,1,-1,-1,-1
1859,506,733.00,706.00,77.00,152.00,1,-1,-1,-1
1860,506,731.00,705.00,78.00,152.00,1,-1,-1,-1
1861,506,729.00,704.00,77.00,150.00,1,-1,-1,-1
1862,506,728.00,702.00,78.00,151.00,1,-1,-1,-1
1863,506,726.00,700.00,78.00,149.00,1,-1,-1,-1
1864,506,724.00,699.00,79.00,148.00,1,-1,-1,-1
1865,506,723.00,697.00,78.00,148.00,1,-1,-1,-1
1866,506,720.00,695.00,81.00,148.00,1,-1,-1,-1
1867,506,719.00,692.00,80.00,149.00,1,-1,-1,-1
1868,506,717.00,691.00,80.00,149.00,1,-1,-1,-1
1869,506,716.00,690.00,80.00,149.00,1,-1,-1,-1
1870,506,716.00,689.00,78.00,148.00,1,-1,-1,-1
1871,506,716.00,686.00,76.00,148.00,1,-1,-1,-1
1872,506,715.00,686.00,76.00,149.00,1,-1,-1,-1
1873,506,714.00,686.00,77.00,148.00,1,-1,-1,-1
1877,506,713.00,677.00,74.00,148.00,1,-1,-1,-1
1878,506,710.00,674.00,76.00,146.00,1,-1,-1,-1
1879,506,708.00,672.00,78.00,144.00,1,-1,-1,-1
1880,506,708.00,671.00,76.00,144.00,1,-1,-1,-1
1886,506,700.00,661.00,79.00,145.00,1,-1,-1,-1
1894,506,690.00,642.00,77.00,150.00,1,-1,-1,-1
1895,506,689.00,641.00,80.00,150.00,1,-1,-1,-1
1896,506,687.00,638.00,82.00,149.00,1,-1,-1,-1
1897,506,687.00,637.00,83.00,147.00,1,-1,-1,-1
1898,506,687.00,636.00,82.00,148.00,1,-1,-1,-1
1899,506,687.00,636.00,81.00,149.00,1,-1,-1,-1
1900,506,685.00,635.00,82.00,148.00,1,-1,-1,-1
1901,506,685.00,634.00,82.00,147.00,1,-1,-1,-1
1902,506,684.00,632.00,83.00,146.00,1,-1,-1,-1
1903,506,683.00,630.00,82.00,145.00,1,-1,-1,-1
1904,506,683.00,629.00,79.00,142.00,1,-1,-1,-1
1910,506,677.00,618.00,77.00,144.00,1,-1,-1,-1
1911,506,677.00,615.00,75.00,144.00,1,-1,-1,-1
1912,506,675.00,615.00,76.00,143.00,1,-1,-1,-1
1913,506,673.00,613.00,78.00,142.00,1,-1,-1,-1
1914,506,672.00,613.00,77.00,142.00,1,-1,-1,-1
1915,506,672.00,612.00,75.00,141.00,1,-1,-1,-1
1916,506,670.00,610.00,74.00,140.00,1,-1,-1,-1
1917,506,668.00,608.00,74.00,142.00,1,-1,-1,-1
1918,506,667.00,607.00,73.00,141.00,1,-1,-1,-1
1919,506,665.00,605.00,73.00,143.00,1,-1,-1,-1
1920,506,663.00,604.00,74.00,142.00,1,-1,-1,-1
1921,506,662.00,603.00,74.00,140.00,1,-1,-1,-1
1922,506,661.00,601.00,75.00,141.00,1,-1,-1,-1
1923,506,661.00,600.00,75.00,142.00,1,-1,-1,-1
1924,506,659.00,600.00,76.00,141.00,1,-1,-1,-1
1925,506,661.00,598.00,75.00,142.00,1,-1,-1,-1
1926,506,660.00,599.00,75.00,140.00,1,-1,-1,-1
1935,506,655.00,585.00,74.00,141.00,1,-1,-1,-1
1938,506,649.00,582.00,79.00,144.00,1,-1,-1,-1
1939,506,649.00,582.00,79.00,143.00,1,-1,-1,-1
1940,506,648.00,582.00,78.00,142.00,1,-1,-1,-1
1948,508,592.00,746.00,60.00,130.00,1,-1,-1,-1
1949,508,592.00,742.00,60.00,132.00,1,-1,-1,-1
1950,508,592.00,741.00,60.00,133.00,1,-1,-1,-1
1954,508,587.00,742.00,64.00,134.00,1,-1,-1,-1
1955,508,587.00,741.00,63.00,134.00,1,-1,-1,-1
1956,508,586.00,742.00,62.00,133.00,1,-1,-1,-1
1977,508,576.00,744.00,65.00,132.00,1,-1,-1,-1
1978,508,576.00,745.00,65.00,132.00,1,-1,-1,-1
1979,508,576.00,746.00,64.00,131.00,1,-1,-1,-1
1980,508,576.00,747.00,63.00,130.00,1,-1,-1,-1
1995,508,574.00,747.00,62.00,130.00,1,-1,-1,-1
1998,509,1.00,756.00,39.00,123.00,1,-1,-1,-1
2003,508,573.00,744.00,65.00,130.00,1,-1,-1,-1
2004,508,573.00,744.00,64.00,130.00,1,-1,-1,-1
2014,509,1.00,723.00,54.00,131.00,1,-1,-1,-1
2015,509,1.00,717.00,52.00,134.00,1,-1,-1,-1
2016,509,1.00,713.00,51.00,133.00,1,-1,-1,-1
2028,509,1.00,682.00,68.00,133.00,1,-1,-1,-1
2093,510,595.00,638.00,60.00,128.00,1,-1,-1,-1
2097,511,192.00,648.00,57.00,126.00,1,-1,-1,-1
2100,511,190.00,647.00,56.00,127.00,1,-1,-1,-1
2101,511,190.00,647.00,55.00,125.00,1,-1,-1,-1
2102,511,190.00,646.00,56.00,125.00,1,-1,-1,-1
2103,511,190.00,646.00,54.00,124.00,1,-1,-1,-1
2104,511,189.00,646.00,55.00,125.00,1,-1,-1,-1
2275,512,444.00,325.00,52.00,110.00,1,-1,-1,-1
2299,513,922.00,753.00,69.00,126.00,1,-1,-1,-1
