5,645,595.63,269.00,53.37,113.80,1,-1,-1,-1
15,651,800.19,753.60,75.41,125.40,1,-1,-1,-1
16,651,797.14,751.61,76.47,127.39,1,-1,-1,-1
17,651,792.96,747.85,78.43,131.15,1,-1,-1,-1
18,651,789.71,745.22,79.55,133.78,1,-1,-1,-1
19,651,785.44,741.59,81.04,137.41,1,-1,-1,-1
20,651,784.95,741.09,80.61,137.91,1,-1,-1,-1
21,651,783.03,740.35,80.24,138.65,1,-1,-1,-1
22,651,781.29,739.49,79.86,139.51,1,-1,-1,-1
23,651,778.61,737.92,79.82,141.08,1,-1,-1,-1
24,651,776.30,736.07,79.85,142.93,1,-1,-1,-1
25,651,773.44,733.45,79.94,144.89,1,-1,-1,-1
26,651,771.82,731.21,79.27,145.57,1,-1,-1,-1
27,651,770.17,730.42,77.50,144.44,1,-1,-1,-1
28,651,768.01,728.22,76.46,144.59,1,-1,-1,-1
29,651,767.11,725.48,75.58,144.61,1,-1,-1,-1
30,651,765.93,723.19,75.52,145.89,1,-1,-1,-1
31,653,1109.20,568.00,60.60,118.20,1,-1,-1,-1
32,653,1109.40,569.54,59.78,116.50,1,-1,-1,-1
33,653,1108.63,570.06,59.56,115.94,1,-1,-1,-1
34,653,1108.32,569.42,59.59,115.81,1,-1,-1,-1
35,653,1107.43,569.91,59.69,115.81,1,-1,-1,-1
35,651,758.29,715.24,75.40,147.91,1,-1,-1,-1
36,653,1107.03,570.06,60.55,117.24,1,-1,-1,-1
36,651,758.15,714.04,74.47,148.00,1,-1,-1,-1
37,653,1105.81,570.10,61.26,118.45,1,-1,-1,-1
37,651,756.72,710.99,74.88,150.68,1,-1,-1,-1
37,645,576.63,250.01,50.39,107.00,1,-1,-1,-1
38,645,575.84,248.41,50.96,108.36,1,-1,-1,-1
39,653,1105.25,570.15,61.61,118.93,1,-1,-1,-1
40,653,1105.12,570.16,61.75,118.99,1,-1,-1,-1
41,653,1104.26,570.15,61.94,119.01,1,-1,-1,-1
43,653,1102.73,570.15,62.40,119.80,1,-1,-1,-1
44,653,1103.29,570.13,62.31,119.28,1,-1,-1,-1
45,651,740.37,689.65,73.80,153.86,1,-1,-1,-1
46,651,740.48,687.21,72.26,154.71,1,-1,-1,-1
52,651,734.20,672.31,68.66,149.42,1,-1,-1,-1
53,651,733.55,669.36,67.47,148.98,1,-1,-1,-1
69,651,715.54,629.97,63.37,145.04,1,-1,-1,-1
74,664,570.23,212.40,51.77,106.60,1,-1,-1,-1
77,651,704.38,613.77,60.73,140.20,1,-1,-1,-1
78,651,701.95,610.44,60.49,139.95,1,-1,-1,-1
79,651,701.17,608.02,60.41,140.53,1,-1,-1,-1
81,664,569.17,201.13,50.85,105.02,1,-1,-1,-1
92,651,684.22,581.85,58.73,140.01,1,-1,-1,-1
92,664,571.19,191.81,50.71,105.00,1,-1,-1,-1
95,664,572.30,189.81,50.58,104.15,1,-1,-1,-1
96,664,572.54,189.65,50.47,103.33,1,-1,-1,-1
98,651,678.29,571.80,57.58,139.07,1,-1,-1,-1
98,664,572.96,187.96,50.10,102.25,1,-1,-1,-1
99,651,677.09,569.97,57.08,139.69,1,-1,-1,-1
99,664,572.65,186.31,50.41,102.73,1,-1,-1,-1
100,664,572.25,185.75,50.81,103.56,1,-1,-1,-1
101,651,675.72,566.03,55.38,136.02,1,-1,-1,-1
102,651,675.01,564.72,54.89,135.20,1,-1,-1,-1
105,664,573.10,177.35,50.86,103.97,1,-1,-1,-1
126,664,579.61,155.96,50.37,101.02,1,-1,-1,-1
128,664,578.90,153.96,51.21,101.78,1,-1,-1,-1
130,664,578.49,151.16,50.84,100.39,1,-1,-1,-1
131,664,578.65,150.01,50.48,99.38,1,-1,-1,-1
140,668,10.00,790.60,83.20,88.40,1,-1,-1,-1
141,668,7.44,787.85,85.61,91.15,1,-1,-1,-1
142,668,5.48,785.38,87.52,93.62,1,-1,-1,-1
143,668,3.41,782.44,89.57,96.56,1,-1,-1,-1
147,671,900.59,642.20,70.81,143.60,1,-1,-1,-1
152,671,897.96,634.17,69.13,140.08,1,-1,-1,-1
153,664,577.89,134.90,50.13,98.01,1,-1,-1,-1
154,664,577.20,134.76,50.09,97.99,1,-1,-1,-1
154,671,896.76,632.62,70.00,141.57,1,-1,-1,-1
155,664,577.43,134.04,49.63,97.31,1,-1,-1,-1
155,671,895.57,630.96,70.49,142.66,1,-1,-1,-1
156,664,577.55,133.13,49.43,97.06,1,-1,-1,-1
157,664,577.88,131.48,49.74,97.64,1,-1,-1,-1
157,671,894.54,629.58,70.44,143.02,1,-1,-1,-1
158,671,894.51,628.84,70.30,143.00,1,-1,-1,-1
159,671,894.78,628.61,69.99,142.33,1,-1,-1,-1
159,664,578.17,130.75,49.74,97.91,1,-1,-1,-1
160,671,893.45,627.89,69.98,142.75,1,-1,-1,-1
161,671,892.90,626.33,70.05,142.90,1,-1,-1,-1
162,671,893.28,625.78,69.51,141.64,1,-1,-1,-1
163,671,893.89,623.62,69.54,141.16,1,-1,-1,-1
164,671,893.51,620.19,69.50,140.33,1,-1,-1,-1
165,671,892.14,617.62,70.07,140.68,1,-1,-1,-1
165,664,577.41,126.97,49.65,98.00,1,-1,-1,-1
166,671,891.25,616.71,70.68,140.83,1,-1,-1,-1
166,664,576.91,126.09,49.40,98.00,1,-1,-1,-1
167,671,889.40,615.76,71.11,140.89,1,-1,-1,-1
167,664,575.92,125.14,49.47,98.67,1,-1,-1,-1
167,673,492.20,781.00,69.00,98.00,1,-1,-1,-1
167,668,23.69,749.10,110.17,129.90,1,-1,-1,-1
168,664,575.68,123.48,49.38,98.91,1,-1,-1,-1
170,664,576.45,121.99,49.24,99.00,1,-1,-1,-1
171,664,577.60,121.09,48.93,98.32,1,-1,-1,-1
171,671,887.24,611.76,71.69,140.09,1,-1,-1,-1
173,673,471.69,763.28,80.46,115.72,1,-1,-1,-1
173,664,578.39,120.68,48.50,97.27,1,-1,-1,-1
174,664,578.79,120.00,48.19,96.38,1,-1,-1,-1
175,673,466.44,755.41,84.22,123.59,1,-1,-1,-1
176,673,465.83,752.26,84.66,126.74,1,-1,-1,-1
176,671,880.84,605.91,72.45,139.09,1,-1,-1,-1
177,673,464.95,748.51,85.49,130.49,1,-1,-1,-1
177,664,578.28,117.93,48.73,97.72,1,-1,-1,-1
178,673,465.63,747.11,84.83,131.89,1,-1,-1,-1
178,664,578.27,116.35,48.75,97.96,1,-1,-1,-1
180,673,464.74,742.12,85.73,136.11,1,-1,-1,-1
181,673,463.55,739.25,85.70,138.80,1,-1,-1,-1
182,673,462.65,736.92,85.52,141.07,1,-1,-1,-1
183,673,462.39,734.75,84.74,142.57,1,-1,-1,-1
184,673,461.77,731.34,83.69,143.77,1,-1,-1,-1
185,673,460.54,725.49,83.65,146.81,1,-1,-1,-1
186,673,459.57,722.66,82.87,148.60,1,-1,-1,-1
187,673,459.79,719.02,82.01,149.90,1,-1,-1,-1
188,673,458.69,715.73,80.94,151.01,1,-1,-1,-1
189,673,459.72,713.23,79.12,150.09,1,-1,-1,-1
194,673,455.63,700.58,76.51,148.27,1,-1,-1,-1
196,676,996.18,793.80,81.02,85.20,1,-1,-1,-1
196,673,453.45,692.22,74.91,148.01,1,-1,-1,-1
197,673,454.66,688.59,73.71,148.00,1,-1,-1,-1
198,673,456.12,686.02,72.93,148.00,1,-1,-1,-1
199,673,455.98,685.15,71.38,146.68,1,-1,-1,-1
200,673,457.23,683.60,70.86,146.84,1,-1,-1,-1
201,673,457.10,681.77,70.64,147.57,1,-1,-1,-1
202,673,457.54,679.85,70.10,147.19,1,-1,-1,-1
203,673,456.98,677.89,69.99,147.70,1,-1,-1,-1
204,673,457.11,674.59,70.30,149.22,1,-1,-1,-1
205,676,957.58,767.20,103.54,111.80,1,-1,-1,-1
206,676,956.64,764.79,103.15,114.21,1,-1,-1,-1
207,676,954.63,761.38,103.43,117.62,1,-1,-1,-1
207,673,453.36,663.79,68.37,145.69,1,-1,-1,-1
208,676,952.26,757.57,103.89,121.43,1,-1,-1,-1
208,673,452.41,659.70,68.52,146.48,1,-1,-1,-1
209,676,951.34,754.88,103.47,124.12,1,-1,-1,-1
209,673,451.49,657.66,68.49,147.41,1,-1,-1,-1
210,676,952.00,753.28,102.34,125.72,1,-1,-1,-1
210,673,451.67,655.67,68.00,147.10,1,-1,-1,-1
211,676,952.15,751.47,101.42,127.53,1,-1,-1,-1
211,673,450.33,654.36,67.28,146.33,1,-1,-1,-1
212,676,953.24,750.21,100.08,128.79,1,-1,-1,-1
212,673,449.78,652.64,67.08,146.70,1,-1,-1,-1
213,676,953.86,748.53,98.78,129.83,1,-1,-1,-1
213,673,449.64,652.09,66.31,145.53,1,-1,-1,-1
214,676,954.01,747.32,97.76,131.43,1,-1,-1,-1
214,673,449.34,650.64,65.65,144.43,1,-1,-1,-1
215,676,954.29,745.64,96.53,132.62,1,-1,-1,-1
215,673,449.25,648.19,65.42,144.03,1,-1,-1,-1
216,676,955.37,743.77,94.48,132.35,1,-1,-1,-1
216,673,448.44,645.37,65.48,144.55,1,-1,-1,-1
217,676,955.96,741.19,93.57,133.46,1,-1,-1,-1
217,673,447.91,641.74,65.76,145.42,1,-1,-1,-1
218,676,956.39,738.97,93.06,135.12,1,-1,-1,-1
218,673,447.49,638.47,65.46,145.10,1,-1,-1,-1
219,676,954.97,735.59,93.19,137.65,1,-1,-1,-1
219,673,448.01,635.34,65.37,144.98,1,-1,-1,-1
220,679,288.00,111.00,46.00,98.00,1,-1,-1,-1
221,679,287.65,111.00,46.35,98.77,1,-1,-1,-1
222,679,287.54,110.23,46.46,99.03,1,-1,-1,-1
222,673,448.20,630.45,64.55,143.28,1,-1,-1,-1
223,673,448.73,629.40,64.02,142.35,1,-1,-1,-1
224,673,449.39,627.72,64.04,142.70,1,-1,-1,-1
224,679,287.55,110.86,46.45,99.05,1,-1,-1,-1
225,673,450.12,625.19,64.23,143.50,1,-1,-1,-1
225,679,287.60,109.58,46.40,98.99,1,-1,-1,-1
226,673,450.70,622.99,64.01,143.81,1,-1,-1,-1
226,679,288.62,109.15,46.07,98.28,1,-1,-1,-1
227,673,451.87,620.26,63.65,143.93,1,-1,-1,-1
227,679,289.28,108.32,45.67,97.34,1,-1,-1,-1
228,673,454.16,617.34,63.65,144.63,1,-1,-1,-1
229,673,455.38,615.00,63.29,144.90,1,-1,-1,-1
229,679,290.30,107.90,45.55,97.01,1,-1,-1,-1
230,673,456.40,612.22,63.25,145.66,1,-1,-1,-1
230,682,807.28,319.20,51.72,112.60,1,-1,-1,-1
231,673,457.45,610.60,62.55,144.62,1,-1,-1,-1
232,673,459.05,608.76,62.40,144.88,1,-1,-1,-1
232,683,855.14,534.20,59.66,137.20,1,-1,-1,-1
233,673,460.60,608.15,61.38,143.00,1,-1,-1,-1
233,683,854.60,534.82,59.58,137.05,1,-1,-1,-1
234,673,462.51,606.69,60.98,142.28,1,-1,-1,-1
234,683,854.44,533.46,59.54,136.99,1,-1,-1,-1
234,684,165.16,232.00,50.64,109.20,1,-1,-1,-1
235,673,464.06,605.56,60.64,141.36,1,-1,-1,-1
235,684,166.07,232.77,49.88,107.50,1,-1,-1,-1
236,673,464.66,603.88,61.12,142.35,1,-1,-1,-1
236,684,167.19,231.46,50.39,108.51,1,-1,-1,-1
236,683,852.57,531.22,58.75,135.26,1,-1,-1,-1
237,673,465.31,601.34,60.86,141.41,1,-1,-1,-1
237,684,167.50,230.29,50.57,108.86,1,-1,-1,-1
237,685,2.12,592.00,28.68,139.40,1,-1,-1,-1
237,683,850.60,529.40,58.83,135.69,1,-1,-1,-1
238,673,466.60,598.47,60.35,139.73,1,-1,-1,-1
238,684,166.60,228.47,50.86,109.70,1,-1,-1,-1
238,685,3.06,591.23,28.67,139.09,1,-1,-1,-1
238,683,852.15,528.12,58.07,133.75,1,-1,-1,-1
239,685,4.23,590.97,28.59,138.21,1,-1,-1,-1
239,683,852.76,527.72,57.79,133.06,1,-1,-1,-1
240,685,5.05,588.65,28.07,134.93,1,-1,-1,-1
241,685,5.83,586.45,28.09,133.90,1,-1,-1,-1
242,685,6.92,583.63,28.66,135.04,1,-1,-1,-1
242,684,167.22,222.30,50.84,110.00,1,-1,-1,-1
243,684,168.30,221.77,50.49,109.30,1,-1,-1,-1
244,684,169.07,221.59,50.63,109.74,1,-1,-1,-1
244,683,853.11,520.98,57.67,132.96,1,-1,-1,-1
245,683,852.22,519.85,57.26,132.31,1,-1,-1,-1
246,683,852.57,519.47,57.15,132.09,1,-1,-1,-1
247,683,853.03,518.05,57.45,132.68,1,-1,-1,-1
248,673,480.63,574.01,59.18,138.04,1,-1,-1,-1
249,673,483.16,572.55,58.52,136.59,1,-1,-1,-1
250,683,853.02,515.71,56.98,131.26,1,-1,-1,-1
253,683,852.19,511.15,56.89,131.02,1,-1,-1,-1
259,689,884.18,748.40,66.82,130.60,1,-1,-1,-1
259,685,27.84,559.88,35.06,136.98,1,-1,-1,-1
260,689,883.22,746.56,67.78,132.44,1,-1,-1,-1
260,685,24.45,558.81,39.70,137.73,1,-1,-1,-1
261,689,882.76,745.16,68.24,133.07,1,-1,-1,-1
262,689,881.00,744.03,69.26,134.70,1,-1,-1,-1
263,689,878.46,741.55,70.11,135.92,1,-1,-1,-1
264,689,875.09,738.64,71.51,138.40,1,-1,-1,-1
264,685,23.78,555.73,43.59,136.22,1,-1,-1,-1
265,685,21.13,555.60,47.06,136.02,1,-1,-1,-1
267,690,609.64,754.00,68.16,125.00,1,-1,-1,-1
269,690,607.97,750.42,70.01,128.58,1,-1,-1,-1
270,690,607.36,749.05,70.65,129.95,1,-1,-1,-1
271,690,606.86,747.94,71.16,131.06,1,-1,-1,-1
272,690,605.80,745.52,72.22,133.48,1,-1,-1,-1
273,690,605.34,743.33,72.68,134.98,1,-1,-1,-1
274,690,603.71,739.89,73.63,137.50,1,-1,-1,-1
275,690,602.16,737.34,74.26,139.71,1,-1,-1,-1
276,690,600.69,733.14,75.38,143.13,1,-1,-1,-1
277,690,598.52,729.65,76.12,146.33,1,-1,-1,-1
279,690,597.23,725.43,75.97,148.09,1,-1,-1,-1
280,690,599.46,724.99,74.14,145.99,1,-1,-1,-1
283,690,599.08,718.77,74.70,148.50,1,-1,-1,-1
284,690,600.14,716.52,74.40,148.93,1,-1,-1,-1
285,690,600.96,713.10,73.84,148.41,1,-1,-1,-1
286,690,600.42,708.56,73.83,149.53,1,-1,-1,-1
287,690,601.44,705.59,72.59,147.97,1,-1,-1,-1
288,690,601.52,701.89,71.79,147.36,1,-1,-1,-1
289,690,599.86,697.93,71.85,149.12,1,-1,-1,-1
290,690,598.91,695.86,71.55,149.77,1,-1,-1,-1
291,690,598.62,693.84,71.39,150.67,1,-1,-1,-1
292,690,598.74,691.19,71.10,151.00,1,-1,-1,-1
293,690,599.15,689.61,71.31,151.77,1,-1,-1,-1
294,690,599.10,688.44,70.95,151.39,1,-1,-1,-1
295,690,598.71,687.43,70.53,150.58,1,-1,-1,-1
296,690,599.43,685.80,70.19,149.59,1,-1,-1,-1
297,690,598.86,683.28,69.59,147.89,1,-1,-1,-1
298,690,598.18,681.09,69.17,147.25,1,-1,-1,-1
299,690,597.37,677.02,69.59,148.35,1,-1,-1,-1
300,690,596.53,673.59,68.98,147.44,1,-1,-1,-1
301,690,595.53,669.74,69.45,149.09,1,-1,-1,-1
302,690,595.15,667.06,69.65,149.71,1,-1,-1,-1
304,690,595.71,663.56,69.79,149.18,1,-1,-1,-1
305,690,594.73,661.76,70.33,149.71,1,-1,-1,-1
306,690,594.19,660.50,70.04,148.58,1,-1,-1,-1
308,694,526.24,459.40,56.36,127.80,1,-1,-1,-1
309,694,526.80,458.32,56.11,127.18,1,-1,-1,-1
309,690,594.78,653.97,68.23,143.84,1,-1,-1,-1
310,694,527.78,457.18,56.01,126.98,1,-1,-1,-1
311,694,529.17,456.11,55.64,126.18,1,-1,-1,-1
311,695,266.15,784.40,63.05,94.60,1,-1,-1,-1
311,690,591.00,647.41,68.65,144.67,1,-1,-1,-1
312,690,590.49,644.85,69.18,145.61,1,-1,-1,-1
313,690,589.73,642.00,69.29,145.95,1,-1,-1,-1
313,694,531.57,450.62,55.27,125.12,1,-1,-1,-1
313,695,264.32,780.45,65.60,98.55,1,-1,-1,-1
314,690,588.30,640.37,69.84,147.38,1,-1,-1,-1
315,690,587.07,639.20,69.45,146.60,1,-1,-1,-1
316,690,587.56,639.53,69.02,145.62,1,-1,-1,-1
316,694,531.02,444.06,55.36,125.00,1,-1,-1,-1
317,690,586.84,637.10,69.14,145.91,1,-1,-1,-1
317,697,987.21,758.40,59.79,120.60,1,-1,-1,-1
317,694,530.81,442.67,56.12,126.40,1,-1,-1,-1
318,690,585.81,634.29,68.64,144.69,1,-1,-1,-1
319,690,583.92,631.99,68.65,144.89,1,-1,-1,-1
320,690,582.69,629.89,68.55,144.30,1,-1,-1,-1
321,690,581.97,628.53,68.14,143.42,1,-1,-1,-1
322,690,582.57,626.78,67.81,142.43,1,-1,-1,-1
322,695,257.74,765.22,74.26,113.78,1,-1,-1,-1
323,690,582.84,624.88,67.68,142.06,1,-1,-1,-1
324,690,582.41,622.26,68.19,143.26,1,-1,-1,-1
324,701,336.20,747.00,59.00,132.00,1,-1,-1,-1
324,694,527.73,429.03,56.56,127.93,1,-1,-1,-1
324,695,258.40,762.43,74.48,116.57,1,-1,-1,-1
325,690,581.40,619.37,69.26,145.70,1,-1,-1,-1
325,701,336.13,745.46,59.69,133.54,1,-1,-1,-1
325,694,528.99,427.04,55.77,125.94,1,-1,-1,-1
325,695,259.13,760.76,73.92,118.24,1,-1,-1,-1
326,690,581.06,617.70,68.98,145.30,1,-1,-1,-1
326,701,334.33,742.62,60.92,136.38,1,-1,-1,-1
326,694,528.93,425.05,55.32,125.28,1,-1,-1,-1
327,690,581.30,616.50,69.19,145.81,1,-1,-1,-1
327,701,333.16,740.28,61.89,138.72,1,-1,-1,-1
327,694,529.89,423.71,54.84,124.38,1,-1,-1,-1
328,690,581.47,615.46,68.55,144.01,1,-1,-1,-1
328,701,331.81,738.86,62.46,140.14,1,-1,-1,-1
328,694,530.05,422.62,54.86,124.71,1,-1,-1,-1
328,702,386.34,442.40,50.66,120.60,1,-1,-1,-1
329,690,581.86,614.49,67.33,140.67,1,-1,-1,-1
329,701,330.74,738.44,62.57,140.56,1,-1,-1,-1
329,694,530.47,421.61,55.16,125.50,1,-1,-1,-1
330,701,329.89,737.00,63.09,142.00,1,-1,-1,-1
330,694,531.14,420.64,54.77,124.49,1,-1,-1,-1
330,703,737.76,624.00,59.64,126.20,1,-1,-1,-1
331,701,329.50,735.86,63.37,143.14,1,-1,-1,-1
331,694,531.85,420.34,54.15,122.78,1,-1,-1,-1
331,703,736.41,620.91,60.68,128.36,1,-1,-1,-1
332,701,329.55,734.15,63.30,143.51,1,-1,-1,-1
332,694,531.80,419.63,54.24,122.81,1,-1,-1,-1
332,695,255.38,752.50,75.85,126.50,1,-1,-1,-1
332,702,386.12,442.01,50.88,120.99,1,-1,-1,-1
333,694,532.89,418.09,53.83,121.51,1,-1,-1,-1
333,690,577.38,601.54,67.88,141.81,1,-1,-1,-1
334,694,533.77,416.24,53.85,121.03,1,-1,-1,-1
335,694,533.09,414.93,53.54,120.20,1,-1,-1,-1
336,694,533.10,411.84,53.82,120.58,1,-1,-1,-1
337,694,533.28,409.41,53.73,120.07,1,-1,-1,-1
337,695,254.90,742.90,77.02,134.28,1,-1,-1,-1
337,690,572.73,592.81,69.32,144.66,1,-1,-1,-1
338,694,532.70,407.90,53.68,119.89,1,-1,-1,-1
338,695,256.39,740.70,74.93,135.63,1,-1,-1,-1
338,690,571.70,592.18,69.41,144.97,1,-1,-1,-1
339,695,257.78,739.29,72.67,136.10,1,-1,-1,-1
339,690,571.25,590.65,69.53,145.08,1,-1,-1,-1
339,702,385.24,429.45,50.80,121.00,1,-1,-1,-1
340,702,385.02,428.06,50.96,121.70,1,-1,-1,-1
340,703,720.12,609.07,62.02,130.98,1,-1,-1,-1
340,694,532.32,405.60,53.00,118.33,1,-1,-1,-1
341,702,384.22,426.93,51.08,122.59,1,-1,-1,-1
341,703,715.95,606.59,62.15,131.04,1,-1,-1,-1
341,694,531.24,404.59,53.16,118.75,1,-1,-1,-1
342,702,383.82,424.57,51.23,123.58,1,-1,-1,-1
342,703,712.33,604.44,61.78,130.40,1,-1,-1,-1
342,694,531.28,403.59,52.79,117.56,1,-1,-1,-1
343,702,384.38,423.07,51.24,123.95,1,-1,-1,-1
343,703,708.94,601.69,62.41,132.15,1,-1,-1,-1
343,694,531.07,401.96,52.89,117.79,1,-1,-1,-1
343,707,13.01,224.00,46.99,94.00,1,-1,-1,-1
343,690,566.97,582.09,66.60,139.73,1,-1,-1,-1
344,702,384.15,423.87,50.37,122.09,1,-1,-1,-1
344,703,706.46,599.39,62.62,133.46,1,-1,-1,-1
344,694,530.07,400.09,53.19,118.54,1,-1,-1,-1
344,707,14.95,224.00,46.60,93.23,1,-1,-1,-1
344,690,566.99,580.04,65.85,138.36,1,-1,-1,-1
345,702,384.12,423.58,49.99,121.38,1,-1,-1,-1
345,703,704.14,597.92,62.84,134.60,1,-1,-1,-1
345,694,530.29,397.47,53.38,118.83,1,-1,-1,-1
345,690,564.77,577.35,65.81,138.59,1,-1,-1,-1
346,702,384.97,422.84,49.66,120.45,1,-1,-1,-1
346,703,702.83,597.42,62.12,133.71,1,-1,-1,-1
346,694,529.28,395.22,53.89,120.26,1,-1,-1,-1
346,690,563.93,575.10,65.86,138.69,1,-1,-1,-1
346,701,321.70,710.31,66.31,152.87,1,-1,-1,-1
346,707,15.22,224.86,46.88,93.88,1,-1,-1,-1
347,702,385.49,421.94,49.33,119.43,1,-1,-1,-1
347,703,702.45,597.30,61.15,132.02,1,-1,-1,-1
347,694,529.03,391.81,54.61,122.11,1,-1,-1,-1
347,701,322.31,709.65,65.59,153.12,1,-1,-1,-1
347,707,15.96,224.96,46.92,94.05,1,-1,-1,-1
348,702,384.98,420.32,49.26,119.06,1,-1,-1,-1
348,694,528.91,389.26,54.92,122.81,1,-1,-1,-1
349,694,529.37,389.03,54.53,121.75,1,-1,-1,-1
350,694,529.77,389.03,54.17,120.67,1,-1,-1,-1
351,694,530.94,387.78,53.68,118.93,1,-1,-1,-1
351,702,385.07,416.09,48.89,118.12,1,-1,-1,-1
352,694,531.89,386.71,53.65,118.27,1,-1,-1,-1
352,702,384.73,414.22,49.21,118.70,1,-1,-1,-1
353,694,531.28,385.04,53.94,118.70,1,-1,-1,-1
353,702,384.02,412.93,49.26,118.90,1,-1,-1,-1
354,694,530.83,383.82,54.26,119.52,1,-1,-1,-1
354,690,562.15,560.75,64.56,133.23,1,-1,-1,-1
354,703,690.18,586.14,58.84,127.28,1,-1,-1,-1
355,694,531.51,382.09,54.20,119.18,1,-1,-1,-1
355,690,558.67,557.49,65.94,134.36,1,-1,-1,-1
355,703,688.25,584.21,58.73,126.96,1,-1,-1,-1
356,694,531.15,380.18,54.13,119.05,1,-1,-1,-1
356,690,556.52,554.43,67.41,136.03,1,-1,-1,-1
356,703,686.43,581.57,59.22,128.19,1,-1,-1,-1
356,702,384.30,410.65,48.66,117.30,1,-1,-1,-1
357,694,531.42,377.53,54.36,119.66,1,-1,-1,-1
357,690,554.40,550.72,68.64,137.98,1,-1,-1,-1
357,702,384.45,410.51,48.48,116.35,1,-1,-1,-1
358,694,531.80,375.28,54.16,119.23,1,-1,-1,-1
358,690,552.85,549.40,69.23,138.72,1,-1,-1,-1
359,694,531.23,374.49,53.47,117.75,1,-1,-1,-1
359,690,552.07,548.34,69.68,138.99,1,-1,-1,-1
359,702,384.54,409.59,47.60,113.67,1,-1,-1,-1
360,694,531.02,373.60,53.20,117.19,1,-1,-1,-1
360,690,551.39,548.03,69.60,138.43,1,-1,-1,-1
361,694,529.45,372.01,53.26,117.65,1,-1,-1,-1
361,690,550.14,546.01,69.94,138.86,1,-1,-1,-1
361,702,383.71,406.20,48.24,114.67,1,-1,-1,-1
362,694,528.54,371.47,52.95,117.17,1,-1,-1,-1
362,690,549.81,544.67,69.95,138.36,1,-1,-1,-1
362,702,382.91,404.22,49.01,116.29,1,-1,-1,-1
363,694,528.26,370.66,52.79,116.99,1,-1,-1,-1
363,702,382.24,401.56,49.68,118.18,1,-1,-1,-1
364,694,527.85,368.43,53.04,117.60,1,-1,-1,-1
364,702,382.06,399.30,49.86,118.88,1,-1,-1,-1
365,694,527.16,366.98,53.03,117.83,1,-1,-1,-1
365,702,381.83,397.19,50.10,119.79,1,-1,-1,-1
366,694,526.66,364.51,52.61,117.26,1,-1,-1,-1
366,702,382.25,395.79,50.34,120.77,1,-1,-1,-1
367,694,526.78,362.31,52.82,117.71,1,-1,-1,-1
367,702,381.85,394.67,50.34,121.12,1,-1,-1,-1
368,694,527.04,360.88,52.05,115.90,1,-1,-1,-1
368,702,382.44,393.65,50.26,121.24,1,-1,-1,-1
369,694,528.01,358.42,52.22,115.88,1,-1,-1,-1
369,702,382.32,393.33,49.92,120.60,1,-1,-1,-1
370,694,527.62,356.23,52.39,115.89,1,-1,-1,-1
370,702,382.35,392.61,49.05,118.36,1,-1,-1,-1
370,690,542.67,526.19,69.41,137.07,1,-1,-1,-1
371,694,528.22,354.82,52.38,115.23,1,-1,-1,-1
371,702,382.35,391.74,48.74,117.49,1,-1,-1,-1
371,690,542.30,524.72,69.46,136.99,1,-1,-1,-1
372,702,381.99,390.13,48.32,116.50,1,-1,-1,-1
372,690,542.53,522.89,69.12,136.29,1,-1,-1,-1
373,702,382.20,388.26,48.49,116.80,1,-1,-1,-1
374,702,381.74,386.28,48.44,116.25,1,-1,-1,-1
374,694,528.35,351.56,51.68,113.30,1,-1,-1,-1
374,690,539.81,519.71,68.66,135.25,1,-1,-1,-1
375,694,527.72,349.94,52.25,114.42,1,-1,-1,-1
375,690,538.00,516.52,68.49,135.05,1,-1,-1,-1
376,694,527.58,348.74,52.37,114.79,1,-1,-1,-1
376,690,536.24,513.44,68.24,134.32,1,-1,-1,-1
376,702,381.25,382.26,48.70,116.81,1,-1,-1,-1
377,694,527.81,347.02,52.13,114.27,1,-1,-1,-1
377,702,380.70,381.53,48.55,116.29,1,-1,-1,-1
378,694,527.55,345.12,52.40,114.74,1,-1,-1,-1
378,702,380.71,380.64,48.29,115.44,1,-1,-1,-1
379,694,527.42,342.48,52.53,114.92,1,-1,-1,-1
380,694,526.44,338.91,52.86,115.64,1,-1,-1,-1
381,694,525.77,337.63,52.62,115.26,1,-1,-1,-1
381,702,380.66,379.37,48.24,115.05,1,-1,-1,-1
382,694,525.29,336.56,52.76,115.77,1,-1,-1,-1
382,702,380.72,379.41,48.19,115.01,1,-1,-1,-1
383,702,381.31,378.76,48.27,114.99,1,-1,-1,-1
384,702,380.59,377.24,48.58,115.65,1,-1,-1,-1
384,708,1.00,444.20,6.00,109.00,1,-1,-1,-1
384,694,524.16,333.00,52.97,116.75,1,-1,-1,-1
385,702,380.54,376.04,48.48,115.24,1,-1,-1,-1
385,708,2.59,443.28,5.96,107.46,1,-1,-1,-1
385,709,404.47,657.40,55.33,133.40,1,-1,-1,-1
386,702,381.05,374.31,48.58,115.08,1,-1,-1,-1
386,708,3.07,442.18,5.99,106.94,1,-1,-1,-1
386,690,529.44,497.72,66.47,130.13,1,-1,-1,-1
387,702,380.27,372.38,48.94,115.68,1,-1,-1,-1
387,709,403.54,655.23,55.54,133.94,1,-1,-1,-1
388,702,380.00,369.72,49.70,117.23,1,-1,-1,-1
388,709,403.86,653.36,55.86,134.79,1,-1,-1,-1
388,690,527.65,492.35,67.15,129.97,1,-1,-1,-1
389,702,379.71,366.78,50.18,118.47,1,-1,-1,-1
389,709,405.24,651.35,55.41,133.60,1,-1,-1,-1
389,690,525.19,489.35,68.11,132.03,1,-1,-1,-1
389,694,524.96,325.89,51.92,113.33,1,-1,-1,-1
390,702,379.87,365.72,50.10,118.27,1,-1,-1,-1
390,709,405.69,649.30,55.27,133.18,1,-1,-1,-1
390,690,523.32,486.34,68.81,133.41,1,-1,-1,-1
391,702,379.23,364.72,50.11,118.84,1,-1,-1,-1
391,690,522.51,483.97,69.86,135.24,1,-1,-1,-1
392,702,378.88,363.74,50.22,119.71,1,-1,-1,-1
392,690,522.35,482.50,70.15,135.27,1,-1,-1,-1
393,702,379.44,362.77,50.22,120.02,1,-1,-1,-1
394,702,379.64,362.45,49.58,118.81,1,-1,-1,-1
396,694,524.11,316.81,50.93,111.11,1,-1,-1,-1
396,702,380.06,361.58,48.18,115.10,1,-1,-1,-1
397,702,380.09,360.21,47.95,114.22,1,-1,-1,-1
398,702,379.12,359.08,48.17,114.59,1,-1,-1,-1
399,702,378.49,356.70,48.54,115.40,1,-1,-1,-1
399,694,523.84,312.83,51.06,110.99,1,-1,-1,-1
400,702,378.90,355.19,48.69,115.72,1,-1,-1,-1
400,694,524.09,309.70,51.51,111.00,1,-1,-1,-1
401,702,378.63,354.00,48.53,115.19,1,-1,-1,-1
401,694,523.22,306.64,51.96,111.67,1,-1,-1,-1
402,702,379.16,353.60,48.50,114.99,1,-1,-1,-1
402,694,522.46,304.25,52.56,112.57,1,-1,-1,-1
403,702,378.67,352.17,48.52,114.93,1,-1,-1,-1
403,694,522.09,303.41,52.87,112.91,1,-1,-1,-1
404,702,378.65,351.01,49.04,116.24,1,-1,-1,-1
404,694,522.21,302.51,52.08,111.72,1,-1,-1,-1
405,702,378.90,350.61,48.97,116.07,1,-1,-1,-1
405,694,522.26,301.59,51.78,111.25,1,-1,-1,-1
406,702,378.99,349.85,48.95,116.01,1,-1,-1,-1
406,694,521.11,301.30,51.52,111.08,1,-1,-1,-1
407,702,379.02,348.94,48.95,115.99,1,-1,-1,-1
407,694,521.88,299.93,51.54,111.01,1,-1,-1,-1
408,694,520.94,298.81,51.48,110.99,1,-1,-1,-1
410,702,379.65,345.97,48.34,114.30,1,-1,-1,-1
411,702,379.92,344.29,48.07,113.36,1,-1,-1,-1
412,702,380.85,343.06,47.81,112.37,1,-1,-1,-1
413,702,380.20,341.32,48.04,112.68,1,-1,-1,-1
414,702,379.91,339.38,48.18,112.80,1,-1,-1,-1
415,702,379.51,338.70,48.52,113.52,1,-1,-1,-1
416,702,379.10,337.83,48.90,114.46,1,-1,-1,-1
417,702,377.91,336.88,49.42,116.14,1,-1,-1,-1
418,702,378.84,336.57,48.90,114.80,1,-1,-1,-1
419,702,379.18,335.83,48.72,114.28,1,-1,-1,-1
420,702,378.86,334.94,48.44,113.42,1,-1,-1,-1
420,710,1007.77,738.80,89.03,140.20,1,-1,-1,-1
421,702,379.61,333.98,48.13,112.44,1,-1,-1,-1
421,710,1004.33,735.89,90.33,142.34,1,-1,-1,-1
421,694,521.34,278.03,51.58,111.00,1,-1,-1,-1
422,702,379.02,331.66,48.22,112.74,1,-1,-1,-1
422,710,1000.43,734.13,91.19,143.84,1,-1,-1,-1
422,694,521.28,276.14,51.00,109.62,1,-1,-1,-1
423,702,377.99,329.51,49.06,114.84,1,-1,-1,-1
423,694,521.27,274.18,51.46,110.50,1,-1,-1,-1
424,702,377.32,328.09,49.01,114.98,1,-1,-1,-1
425,702,377.54,326.27,49.18,115.69,1,-1,-1,-1
425,710,995.23,731.09,91.71,145.00,1,-1,-1,-1
425,694,522.92,270.97,50.80,108.54,1,-1,-1,-1
426,702,377.53,324.98,48.68,114.63,1,-1,-1,-1
426,710,993.91,730.17,91.89,145.72,1,-1,-1,-1
427,702,377.31,323.88,48.71,114.89,1,-1,-1,-1
427,710,990.68,727.14,93.39,148.68,1,-1,-1,-1
428,702,377.94,323.51,48.68,114.98,1,-1,-1,-1
428,710,990.13,725.39,92.71,147.74,1,-1,-1,-1
429,702,377.80,322.77,48.39,114.35,1,-1,-1,-1
430,702,378.34,323.19,47.69,112.79,1,-1,-1,-1
430,710,986.88,720.75,92.28,147.23,1,-1,-1,-1
432,712,1095.23,603.20,61.77,125.60,1,-1,-1,-1
432,702,378.87,321.79,47.09,111.35,1,-1,-1,-1
433,710,979.75,709.34,94.30,151.30,1,-1,-1,-1
434,713,852.59,743.20,69.41,135.80,1,-1,-1,-1
434,702,379.95,320.68,46.79,110.26,1,-1,-1,-1
435,702,380.32,319.19,46.60,109.37,1,-1,-1,-1
436,702,379.45,317.35,46.87,109.73,1,-1,-1,-1
436,713,846.69,740.32,69.91,136.88,1,-1,-1,-1
437,702,379.96,316.05,46.80,109.20,1,-1,-1,-1
437,713,842.80,736.81,70.62,138.57,1,-1,-1,-1
438,713,838.93,735.02,71.40,140.53,1,-1,-1,-1
439,713,837.13,733.08,71.54,141.17,1,-1,-1,-1
439,702,380.39,313.09,46.57,108.22,1,-1,-1,-1
440,713,835.12,731.09,71.68,142.04,1,-1,-1,-1
440,714,236.59,363.00,57.01,113.00,1,-1,-1,-1
441,713,833.11,728.41,71.08,141.64,1,-1,-1,-1
441,694,521.97,250.88,50.07,107.02,1,-1,-1,-1
443,715,501.58,401.40,60.82,123.60,1,-1,-1,-1
443,702,379.68,310.57,47.33,109.80,1,-1,-1,-1
444,715,500.36,399.54,60.96,123.91,1,-1,-1,-1
445,715,499.26,396.59,60.92,124.01,1,-1,-1,-1
446,715,498.28,393.47,60.82,124.04,1,-1,-1,-1
447,715,497.76,391.09,61.03,124.76,1,-1,-1,-1
447,702,378.37,306.92,46.86,108.22,1,-1,-1,-1
448,715,497.86,387.56,61.57,126.41,1,-1,-1,-1
449,715,498.38,385.72,61.99,127.67,1,-1,-1,-1
450,715,498.36,385.83,61.70,127.43,1,-1,-1,-1
451,715,498.18,384.63,61.76,127.99,1,-1,-1,-1
452,715,498.84,383.60,61.07,126.83,1,-1,-1,-1
453,715,498.00,382.62,60.57,126.37,1,-1,-1,-1
454,715,498.72,382.33,59.36,124.18,1,-1,-1,-1
454,712,1088.59,597.01,62.42,129.00,1,-1,-1,-1
455,715,498.98,380.95,58.26,122.01,1,-1,-1,-1
456,715,497.51,378.49,58.76,123.90,1,-1,-1,-1
456,702,378.73,299.89,47.19,108.00,1,-1,-1,-1
456,712,1087.21,594.54,62.88,132.19,1,-1,-1,-1
457,715,497.12,376.97,58.81,124.60,1,-1,-1,-1
457,702,379.46,299.69,47.21,106.61,1,-1,-1,-1
457,712,1087.64,593.40,62.29,132.16,1,-1,-1,-1
458,715,495.85,374.47,59.31,126.20,1,-1,-1,-1
458,702,378.70,298.28,47.55,106.83,1,-1,-1,-1
458,712,1087.94,592.99,61.93,132.81,1,-1,-1,-1
459,715,494.87,372.93,59.35,126.79,1,-1,-1,-1
459,712,1088.63,592.19,61.90,133.70,1,-1,-1,-1
460,715,494.92,371.75,58.96,126.35,1,-1,-1,-1
460,712,1089.36,592.57,61.42,133.37,1,-1,-1,-1
461,715,495.64,371.37,58.81,126.18,1,-1,-1,-1
461,712,1089.39,592.07,60.84,132.56,1,-1,-1,-1
461,702,378.38,294.21,47.66,106.96,1,-1,-1,-1
462,715,495.31,371.29,58.71,126.10,1,-1,-1,-1
462,712,1089.25,591.89,60.77,132.91,1,-1,-1,-1
462,702,377.36,293.03,47.97,107.68,1,-1,-1,-1
463,715,495.50,370.65,58.37,125.41,1,-1,-1,-1
463,702,377.68,291.97,48.06,107.92,1,-1,-1,-1
463,714,253.59,344.02,56.39,111.00,1,-1,-1,-1
464,715,496.43,370.46,58.06,124.48,1,-1,-1,-1
464,702,377.69,290.95,48.21,108.01,1,-1,-1,-1
464,712,1090.17,592.64,60.54,132.24,1,-1,-1,-1
465,715,495.77,369.11,57.64,123.47,1,-1,-1,-1
465,702,378.49,291.27,47.48,106.06,1,-1,-1,-1
465,712,1090.63,592.87,60.26,131.37,1,-1,-1,-1
465,714,253.17,342.05,57.12,112.58,1,-1,-1,-1
466,715,496.69,367.99,56.99,121.77,1,-1,-1,-1
466,702,378.90,290.77,47.75,106.65,1,-1,-1,-1
466,712,1090.74,592.29,60.22,131.06,1,-1,-1,-1
466,717,591.00,415.00,59.00,113.00,1,-1,-1,-1
466,694,526.62,216.99,50.34,108.99,1,-1,-1,-1
467,715,496.04,365.61,57.09,121.80,1,-1,-1,-1
467,702,378.74,290.62,47.50,106.21,1,-1,-1,-1
467,712,1091.79,592.74,59.85,129.63,1,-1,-1,-1
467,694,527.04,215.89,50.02,109.02,1,-1,-1,-1
468,715,496.20,364.11,56.74,120.50,1,-1,-1,-1
468,702,379.51,290.59,47.24,105.38,1,-1,-1,-1
468,712,1090.96,592.91,60.27,130.43,1,-1,-1,-1
468,694,526.82,216.18,49.60,108.37,1,-1,-1,-1
468,714,256.12,339.94,57.60,112.96,1,-1,-1,-1
469,715,494.75,360.27,57.47,122.02,1,-1,-1,-1
469,702,378.93,289.29,47.35,105.74,1,-1,-1,-1
469,712,1090.92,592.97,60.82,131.40,1,-1,-1,-1
469,694,527.61,216.35,49.23,108.12,1,-1,-1,-1
469,714,257.70,339.75,57.83,113.00,1,-1,-1,-1
470,715,493.25,358.22,57.38,121.94,1,-1,-1,-1
470,702,379.79,288.83,46.97,104.55,1,-1,-1,-1
470,712,1090.55,593.00,60.73,131.11,1,-1,-1,-1
470,694,527.99,215.79,49.00,108.03,1,-1,-1,-1
470,717,591.48,410.16,58.52,112.03,1,-1,-1,-1
471,715,492.18,355.53,57.87,123.24,1,-1,-1,-1
471,712,1090.48,593.67,60.61,131.01,1,-1,-1,-1
471,694,528.87,215.63,48.84,107.99,1,-1,-1,-1
471,718,944.00,313.00,53.00,108.00,1,-1,-1,-1
471,717,591.85,409.04,58.15,111.22,1,-1,-1,-1
472,715,492.69,355.24,57.81,123.07,1,-1,-1,-1
472,712,1090.75,594.58,60.27,130.31,1,-1,-1,-1
472,694,528.82,215.60,48.49,107.32,1,-1,-1,-1
472,718,943.23,312.23,53.00,108.00,1,-1,-1,-1
472,717,591.65,407.30,58.35,111.67,1,-1,-1,-1
473,715,491.67,354.53,57.71,123.01,1,-1,-1,-1
473,712,1091.12,596.24,59.88,129.39,1,-1,-1,-1
473,718,942.56,311.97,52.63,107.22,1,-1,-1,-1
474,715,491.63,353.01,57.99,123.65,1,-1,-1,-1
474,712,1091.24,596.20,59.75,129.05,1,-1,-1,-1
474,718,941.97,310.41,52.92,107.73,1,-1,-1,-1
475,715,490.89,351.83,58.19,123.89,1,-1,-1,-1
475,712,1091.31,595.51,60.34,130.25,1,-1,-1,-1
475,718,942.45,310.64,53.09,107.91,1,-1,-1,-1
476,715,491.47,350.78,57.41,122.00,1,-1,-1,-1
476,712,1091.97,595.24,60.59,130.71,1,-1,-1,-1
476,718,941.86,310.05,52.53,106.56,1,-1,-1,-1
476,702,380.03,281.15,46.98,103.09,1,-1,-1,-1
477,715,491.39,349.12,57.44,121.95,1,-1,-1,-1
477,712,1092.77,595.13,60.79,130.89,1,-1,-1,-1
477,718,942.29,309.87,52.40,106.09,1,-1,-1,-1
477,702,380.25,280.00,47.46,102.99,1,-1,-1,-1
478,715,489.84,347.22,57.66,122.60,1,-1,-1,-1
478,712,1093.09,595.08,60.84,130.96,1,-1,-1,-1
478,718,942.08,309.13,52.73,106.62,1,-1,-1,-1
478,702,379.89,280.28,47.39,102.30,1,-1,-1,-1
479,715,490.15,345.25,57.52,122.18,1,-1,-1,-1
479,712,1093.20,595.72,60.87,130.99,1,-1,-1,-1
479,718,940.98,308.21,53.21,107.50,1,-1,-1,-1
479,702,380.30,279.76,47.48,102.04,1,-1,-1,-1
480,712,1093.72,595.30,61.05,131.66,1,-1,-1,-1
480,702,379.80,279.60,47.50,101.95,1,-1,-1,-1
481,712,1093.31,594.47,61.05,131.91,1,-1,-1,-1
481,702,380.75,280.24,47.03,100.60,1,-1,-1,-1
481,715,489.15,342.79,57.82,122.80,1,-1,-1,-1
482,702,380.21,278.52,47.08,100.77,1,-1,-1,-1
482,715,490.21,341.74,58.01,122.96,1,-1,-1,-1
482,718,940.82,306.07,53.09,107.07,1,-1,-1,-1
483,702,380.97,276.58,47.46,101.50,1,-1,-1,-1
483,715,490.14,340.74,57.87,122.35,1,-1,-1,-1
483,694,533.92,202.11,47.03,104.08,1,-1,-1,-1
484,702,380.31,275.22,47.88,102.44,1,-1,-1,-1
484,715,490.70,339.76,57.89,122.12,1,-1,-1,-1
484,712,1095.04,593.26,61.65,133.69,1,-1,-1,-1
485,702,380.46,273.42,48.30,103.46,1,-1,-1,-1
485,715,490.76,339.44,58.06,122.04,1,-1,-1,-1
485,712,1096.02,592.39,61.69,133.95,1,-1,-1,-1
486,702,379.63,272.12,48.69,104.51,1,-1,-1,-1
486,715,490.67,338.05,58.24,122.00,1,-1,-1,-1
486,712,1096.40,591.42,61.65,134.04,1,-1,-1,-1
486,717,594.29,386.03,58.67,111.01,1,-1,-1,-1
487,702,379.98,270.35,48.16,103.59,1,-1,-1,-1
487,715,490.35,337.58,57.94,121.33,1,-1,-1,-1
487,712,1096.82,591.07,61.34,133.41,1,-1,-1,-1
487,717,592.76,385.55,59.59,112.38,1,-1,-1,-1
488,702,379.44,269.06,48.63,104.55,1,-1,-1,-1
488,715,490.51,335.46,58.21,121.74,1,-1,-1,-1
488,717,591.38,384.71,60.12,113.49,1,-1,-1,-1
489,702,379.85,267.30,48.19,103.59,1,-1,-1,-1
489,715,490.14,334.05,58.08,121.24,1,-1,-1,-1
489,717,590.89,383.78,60.28,113.90,1,-1,-1,-1
489,712,1099.20,591.71,60.57,131.55,1,-1,-1,-1
490,702,380.66,266.68,48.02,103.22,1,-1,-1,-1
490,715,490.52,331.59,58.18,121.05,1,-1,-1,-1
490,717,590.73,383.48,60.32,114.05,1,-1,-1,-1
491,715,489.69,328.72,57.86,120.32,1,-1,-1,-1
491,717,590.35,383.42,59.33,112.11,1,-1,-1,-1
492,715,489.10,326.38,58.04,120.71,1,-1,-1,-1
492,717,590.46,382.79,59.37,112.03,1,-1,-1,-1
492,702,380.66,266.41,47.54,102.27,1,-1,-1,-1
493,715,488.32,325.56,58.00,120.87,1,-1,-1,-1
493,717,590.31,381.92,58.91,111.34,1,-1,-1,-1
494,715,488.48,323.33,58.20,121.59,1,-1,-1,-1
494,717,589.94,380.31,58.40,110.42,1,-1,-1,-1
494,718,936.01,296.04,54.02,108.96,1,-1,-1,-1
495,715,487.79,321.89,58.37,122.52,1,-1,-1,-1
495,717,590.41,379.75,57.61,108.74,1,-1,-1,-1
495,718,936.93,294.39,53.67,107.65,1,-1,-1,-1
495,712,1105.65,590.03,59.19,128.22,1,-1,-1,-1
495,702,380.67,264.76,47.38,102.03,1,-1,-1,-1
496,715,488.25,322.06,58.39,122.87,1,-1,-1,-1
496,717,590.65,378.91,57.26,108.13,1,-1,-1,-1
497,715,487.68,321.53,58.48,123.66,1,-1,-1,-1
497,717,590.19,377.31,57.03,107.91,1,-1,-1,-1
497,718,938.10,292.13,53.50,106.36,1,-1,-1,-1
498,715,488.98,320.72,57.67,121.98,1,-1,-1,-1
498,717,590.94,376.75,56.69,107.18,1,-1,-1,-1
498,718,937.86,291.06,53.31,105.39,1,-1,-1,-1
499,715,489.47,319.81,56.71,120.01,1,-1,-1,-1
499,717,590.54,375.92,56.59,106.92,1,-1,-1,-1
499,718,937.51,290.03,53.51,105.05,1,-1,-1,-1
499,712,1106.44,588.90,59.73,128.89,1,-1,-1,-1
500,715,490.15,318.19,56.53,119.27,1,-1,-1,-1
500,717,590.47,374.98,56.49,106.84,1,-1,-1,-1
500,718,936.93,289.02,54.04,105.60,1,-1,-1,-1
501,715,490.88,316.97,56.65,119.00,1,-1,-1,-1
501,717,589.82,374.66,56.42,106.83,1,-1,-1,-1
501,718,936.33,288.02,54.63,106.48,1,-1,-1,-1
501,714,280.51,312.02,55.51,108.01,1,-1,-1,-1
502,715,490.85,314.57,57.00,119.57,1,-1,-1,-1
502,717,590.26,373.92,56.38,106.83,1,-1,-1,-1
502,718,936.20,287.68,54.75,106.15,1,-1,-1,-1
503,715,489.68,312.39,57.63,121.12,1,-1,-1,-1
503,717,590.46,373.68,56.34,106.85,1,-1,-1,-1
503,718,936.28,287.59,55.34,106.69,1,-1,-1,-1
503,702,383.18,258.93,46.74,100.09,1,-1,-1,-1
504,717,590.60,373.62,55.61,105.54,1,-1,-1,-1
504,702,383.39,259.43,46.63,99.28,1,-1,-1,-1
506,717,589.99,368.04,57.52,108.95,1,-1,-1,-1
507,718,934.64,287.58,55.54,106.08,1,-1,-1,-1
509,717,588.97,363.21,57.24,108.21,1,-1,-1,-1
510,717,589.60,362.69,56.42,106.66,1,-1,-1,-1
510,715,489.19,305.78,56.87,119.12,1,-1,-1,-1
510,718,932.28,285.14,55.98,106.00,1,-1,-1,-1
511,717,588.27,361.18,57.01,108.13,1,-1,-1,-1
511,715,488.73,305.58,56.57,118.29,1,-1,-1,-1
511,712,1108.82,588.89,60.26,129.00,1,-1,-1,-1
512,717,587.51,361.32,56.85,108.02,1,-1,-1,-1
512,715,488.92,304.17,56.12,117.35,1,-1,-1,-1
512,712,1108.72,588.94,60.40,129.00,1,-1,-1,-1
513,715,489.13,302.35,55.83,116.35,1,-1,-1,-1
513,712,1109.23,588.29,60.57,129.66,1,-1,-1,-1
513,702,383.11,249.10,47.90,100.93,1,-1,-1,-1
514,712,1109.85,588.06,60.19,129.25,1,-1,-1,-1
514,717,587.21,361.38,56.74,107.99,1,-1,-1,-1
515,712,1110.74,587.31,60.71,131.08,1,-1,-1,-1
515,717,587.23,361.52,56.66,108.00,1,-1,-1,-1
516,712,1111.22,586.37,60.74,132.42,1,-1,-1,-1
516,717,587.28,360.25,56.59,108.00,1,-1,-1,-1
517,712,1111.65,586.03,60.49,132.92,1,-1,-1,-1
518,712,1112.28,585.91,59.91,132.44,1,-1,-1,-1
518,717,587.26,356.58,55.83,106.44,1,-1,-1,-1
519,712,1112.92,586.53,59.27,131.58,1,-1,-1,-1
519,717,586.99,353.82,55.28,105.41,1,-1,-1,-1
520,712,1113.42,587.44,58.76,130.59,1,-1,-1,-1
520,717,587.16,352.20,55.48,105.72,1,-1,-1,-1
520,724,535.00,167.20,48.00,98.00,1,-1,-1,-1
520,715,490.99,294.82,56.78,117.89,1,-1,-1,-1
521,717,586.95,351.64,55.19,105.18,1,-1,-1,-1
521,715,491.23,293.85,56.75,117.33,1,-1,-1,-1
522,717,587.54,350.82,55.08,104.98,1,-1,-1,-1
522,715,491.87,292.19,56.85,117.14,1,-1,-1,-1
522,712,1114.54,590.20,57.63,129.35,1,-1,-1,-1
523,717,587.67,349.23,55.14,104.92,1,-1,-1,-1
523,715,492.53,290.95,56.45,115.75,1,-1,-1,-1
524,717,587.38,348.67,55.50,105.56,1,-1,-1,-1
524,715,491.84,289.21,56.57,115.88,1,-1,-1,-1
525,717,587.82,347.85,55.76,105.81,1,-1,-1,-1
525,715,491.28,287.29,56.90,116.60,1,-1,-1,-1
526,717,587.56,347.58,55.63,105.25,1,-1,-1,-1
526,715,491.06,286.61,56.38,115.55,1,-1,-1,-1
527,717,587.47,346.86,55.57,105.04,1,-1,-1,-1
527,715,490.60,285.09,56.55,115.81,1,-1,-1,-1
528,715,489.85,284.57,56.53,115.92,1,-1,-1,-1
528,702,382.55,238.94,48.48,101.00,1,-1,-1,-1
529,715,490.25,284.42,55.85,114.63,1,-1,-1,-1
529,702,382.22,239.46,48.80,101.00,1,-1,-1,-1
529,717,586.29,344.95,55.12,104.20,1,-1,-1,-1
530,715,489.77,284.42,55.56,114.15,1,-1,-1,-1
530,702,381.74,239.62,48.60,100.33,1,-1,-1,-1
530,717,586.29,343.96,55.44,104.72,1,-1,-1,-1
530,712,1115.83,589.11,56.26,129.01,1,-1,-1,-1
531,717,586.57,341.64,55.28,104.24,1,-1,-1,-1
532,717,586.63,339.48,55.27,104.06,1,-1,-1,-1
539,725,192.37,292.20,48.63,104.20,1,-1,-1,-1
541,725,195.46,292.02,48.24,103.12,1,-1,-1,-1
542,725,196.62,291.99,48.30,102.94,1,-1,-1,-1
543,725,197.94,291.98,48.77,103.62,1,-1,-1,-1
544,725,198.23,291.98,49.04,103.87,1,-1,-1,-1
546,715,492.50,266.97,55.42,113.01,1,-1,-1,-1
547,725,199.72,291.11,49.47,104.86,1,-1,-1,-1
549,717,587.61,328.85,54.37,102.02,1,-1,-1,-1
549,715,492.71,262.22,55.33,112.99,1,-1,-1,-1
551,728,402.56,341.20,64.44,113.80,1,-1,-1,-1
551,717,590.05,327.87,54.33,101.19,1,-1,-1,-1
552,717,588.58,327.04,54.93,102.40,1,-1,-1,-1
552,725,202.00,285.45,49.20,104.08,1,-1,-1,-1
552,715,496.31,261.47,55.16,111.29,1,-1,-1,-1
553,717,588.88,325.43,55.00,102.16,1,-1,-1,-1
553,725,202.11,284.97,49.15,104.00,1,-1,-1,-1
553,715,495.76,261.53,55.52,111.04,1,-1,-1,-1
554,717,588.91,324.19,55.10,102.07,1,-1,-1,-1
554,715,496.15,261.56,55.73,110.28,1,-1,-1,-1
555,717,588.03,323.10,55.36,102.69,1,-1,-1,-1
555,715,497.10,261.60,55.65,109.35,1,-1,-1,-1
556,715,496.60,261.65,55.80,109.01,1,-1,-1,-1
557,715,497.19,261.02,55.72,108.23,1,-1,-1,-1
557,725,203.41,285.61,48.76,103.10,1,-1,-1,-1
558,715,497.07,259.48,56.03,108.61,1,-1,-1,-1
558,717,586.09,319.23,55.30,102.97,1,-1,-1,-1
559,715,496.96,258.93,56.19,108.77,1,-1,-1,-1
560,715,496.96,257.42,56.20,108.84,1,-1,-1,-1
561,715,496.96,256.88,56.19,108.88,1,-1,-1,-1
561,717,587.23,319.46,54.60,102.15,1,-1,-1,-1
562,715,495.56,256.05,56.25,109.56,1,-1,-1,-1
562,717,587.59,318.95,54.33,102.02,1,-1,-1,-1
563,715,496.40,255.76,55.56,108.50,1,-1,-1,-1
563,717,587.81,319.44,54.14,101.98,1,-1,-1,-1
563,728,406.34,338.01,64.64,115.00,1,-1,-1,-1
564,715,495.83,255.02,55.51,108.77,1,-1,-1,-1
564,717,587.02,318.98,54.29,102.63,1,-1,-1,-1
565,715,495.90,255.43,55.22,108.21,1,-1,-1,-1
565,717,587.39,318.16,53.67,101.55,1,-1,-1,-1
565,725,206.11,280.11,49.88,105.87,1,-1,-1,-1
565,728,407.85,336.32,64.08,114.22,1,-1,-1,-1
566,715,495.93,254.95,55.10,108.01,1,-1,-1,-1
566,717,586.72,316.55,53.60,101.81,1,-1,-1,-1
567,715,495.95,256.11,54.39,106.61,1,-1,-1,-1
567,725,209.65,282.19,48.91,103.65,1,-1,-1,-1
568,715,496.24,255.25,54.50,106.76,1,-1,-1,-1
568,725,210.34,282.04,48.72,103.13,1,-1,-1,-1
569,715,496.90,254.27,54.00,105.50,1,-1,-1,-1
570,715,496.12,252.59,54.17,105.71,1,-1,-1,-1
570,729,1128.00,609.80,44.00,135.00,1,-1,-1,-1
570,725,211.85,280.35,49.00,103.75,1,-1,-1,-1
571,715,496.74,251.99,53.99,105.13,1,-1,-1,-1
571,729,1128.49,611.50,43.51,133.46,1,-1,-1,-1
571,728,411.16,334.01,64.71,114.94,1,-1,-1,-1
572,715,496.91,251.79,53.99,104.93,1,-1,-1,-1
572,729,1128.61,612.06,43.39,132.94,1,-1,-1,-1
572,728,410.96,333.88,64.47,114.31,1,-1,-1,-1
573,715,497.38,250.41,54.25,105.53,1,-1,-1,-1
573,729,1129.09,613.69,42.91,131.32,1,-1,-1,-1
573,728,409.87,333.84,64.74,114.77,1,-1,-1,-1
574,715,497.57,249.91,54.32,105.76,1,-1,-1,-1
574,729,1128.98,614.18,43.02,131.56,1,-1,-1,-1
575,715,498.05,249.75,53.95,105.20,1,-1,-1,-1
575,729,1128.89,614.31,43.11,131.68,1,-1,-1,-1
575,725,215.64,275.28,48.38,102.16,1,-1,-1,-1
576,715,498.74,249.71,53.95,105.00,1,-1,-1,-1
576,729,1129.24,614.31,42.76,130.37,1,-1,-1,-1
576,725,216.75,274.88,48.15,101.31,1,-1,-1,-1
577,715,498.74,248.40,54.21,105.59,1,-1,-1,-1
577,729,1129.09,614.28,42.91,130.61,1,-1,-1,-1
577,725,217.57,274.75,48.29,101.03,1,-1,-1,-1
578,715,498.46,246.60,54.58,106.48,1,-1,-1,-1
579,715,498.78,246.61,54.29,106.16,1,-1,-1,-1
579,725,217.15,274.64,48.35,100.96,1,-1,-1,-1
580,715,498.30,245.32,54.11,106.04,1,-1,-1,-1
580,725,217.14,274.67,48.18,100.31,1,-1,-1,-1
580,729,1129.18,615.83,42.82,130.02,1,-1,-1,-1
581,715,498.27,244.86,53.89,105.99,1,-1,-1,-1
581,725,218.14,274.03,48.45,100.75,1,-1,-1,-1
581,729,1129.08,615.29,42.92,130.00,1,-1,-1,-1
581,717,587.02,305.01,52.94,100.03,1,-1,-1,-1
582,715,498.94,243.39,53.13,104.66,1,-1,-1,-1
582,725,218.72,273.81,48.32,100.25,1,-1,-1,-1
582,729,1128.79,615.78,43.21,130.67,1,-1,-1,-1
583,715,498.46,241.54,53.57,106.15,1,-1,-1,-1
583,729,1128.84,617.29,43.16,130.25,1,-1,-1,-1
584,715,498.63,240.87,54.04,107.37,1,-1,-1,-1
584,725,218.93,272.92,48.31,100.04,1,-1,-1,-1
585,715,498.77,240.65,54.14,107.83,1,-1,-1,-1
585,729,1127.45,617.96,43.77,132.41,1,-1,-1,-1
586,715,498.42,240.61,53.92,108.00,1,-1,-1,-1
586,729,1127.88,619.43,43.83,132.88,1,-1,-1,-1
587,715,499.11,239.30,54.33,109.37,1,-1,-1,-1
587,729,1128.28,619.29,43.62,132.39,1,-1,-1,-1
588,715,499.90,238.18,54.62,110.54,1,-1,-1,-1
588,729,1127.61,619.22,43.69,132.86,1,-1,-1,-1
589,715,500.81,237.12,54.10,109.67,1,-1,-1,-1
589,729,1127.59,618.52,43.49,132.36,1,-1,-1,-1
590,715,500.27,235.43,54.13,109.97,1,-1,-1,-1
590,729,1127.42,618.91,43.58,132.83,1,-1,-1,-1
590,725,223.86,269.02,48.93,100.93,1,-1,-1,-1
591,715,501.42,235.49,53.44,108.10,1,-1,-1,-1
591,729,1127.59,620.36,43.39,132.34,1,-1,-1,-1
592,715,501.45,234.88,52.91,106.72,1,-1,-1,-1
592,725,224.27,268.76,48.97,101.00,1,-1,-1,-1
593,715,501.75,234.03,52.41,105.53,1,-1,-1,-1
593,725,225.24,268.77,48.71,100.32,1,-1,-1,-1
594,715,502.48,232.41,52.27,105.10,1,-1,-1,-1
595,715,502.60,231.17,52.37,104.94,1,-1,-1,-1
596,715,502.73,230.74,52.31,104.23,1,-1,-1,-1
596,725,226.26,267.91,48.01,99.19,1,-1,-1,-1
597,715,502.90,231.28,52.16,103.31,1,-1,-1,-1
597,729,1129.56,623.93,42.34,128.31,1,-1,-1,-1
598,715,503.45,231.52,52.28,102.98,1,-1,-1,-1
598,729,1129.15,623.44,42.83,129.38,1,-1,-1,-1
599,715,503.59,230.97,52.39,102.87,1,-1,-1,-1
600,715,504.20,231.45,52.52,102.84,1,-1,-1,-1
600,729,1129.13,624.02,42.88,129.04,1,-1,-1,-1
601,715,505.00,231.65,52.65,102.84,1,-1,-1,-1
602,715,504.94,230.42,52.40,102.19,1,-1,-1,-1
603,715,504.11,229.97,51.77,101.30,1,-1,-1,-1
604,715,503.95,229.16,52.03,102.30,1,-1,-1,-1
605,715,503.36,226.89,52.00,102.69,1,-1,-1,-1
606,715,502.49,225.40,51.97,103.50,1,-1,-1,-1
609,729,1129.02,625.99,42.99,128.04,1,-1,-1,-1
610,729,1128.55,626.06,43.46,127.99,1,-1,-1,-1
611,729,1128.33,626.09,43.67,127.97,1,-1,-1,-1
613,715,503.47,222.80,49.57,100.19,1,-1,-1,-1
616,737,330.76,748.60,68.24,130.40,1,-1,-1,-1
617,737,329.43,748.14,68.04,130.09,1,-1,-1,-1
617,729,1128.10,626.99,43.90,127.99,1,-1,-1,-1
618,737,327.49,746.43,68.68,131.54,1,-1,-1,-1
618,729,1127.93,627.73,44.07,128.00,1,-1,-1,-1
619,737,326.62,745.16,69.19,132.75,1,-1,-1,-1
619,729,1127.62,627.97,44.38,128.67,1,-1,-1,-1
620,737,325.78,744.06,69.23,133.13,1,-1,-1,-1
621,737,324.67,743.73,69.40,133.92,1,-1,-1,-1
622,737,324.50,742.96,69.27,134.18,1,-1,-1,-1
623,737,323.40,742.04,69.61,135.61,1,-1,-1,-1
639,743,1013.97,743.40,74.43,134.80,1,-1,-1,-1
640,743,1011.66,742.32,74.90,135.72,1,-1,-1,-1
640,744,570.98,255.20,45.22,93.40,1,-1,-1,-1
641,743,1009.40,741.19,74.98,136.03,1,-1,-1,-1
642,743,1006.99,740.11,75.26,136.85,1,-1,-1,-1
643,744,571.93,252.16,45.03,93.02,1,-1,-1,-1
650,744,568.29,241.14,46.81,96.88,1,-1,-1,-1
651,744,568.85,239.23,46.82,97.09,1,-1,-1,-1
655,746,991.37,526.40,58.63,124.20,1,-1,-1,-1
655,744,568.31,234.06,45.85,95.28,1,-1,-1,-1
656,746,990.66,525.32,58.56,124.05,1,-1,-1,-1
656,744,566.80,233.68,45.81,95.71,1,-1,-1,-1
657,746,990.70,524.96,57.49,121.66,1,-1,-1,-1
657,744,567.25,232.88,45.50,95.19,1,-1,-1,-1
658,746,989.55,524.12,56.83,120.16,1,-1,-1,-1
659,747,616.43,407.40,52.37,111.80,1,-1,-1,-1
660,747,617.25,405.55,52.47,111.95,1,-1,-1,-1
661,747,616.75,403.38,52.51,112.01,1,-1,-1,-1
662,747,616.51,400.50,52.57,112.02,1,-1,-1,-1
663,747,616.07,398.19,52.96,112.74,1,-1,-1,-1
664,747,616.85,396.77,52.15,110.88,1,-1,-1,-1
665,747,617.09,395.68,51.91,110.20,1,-1,-1,-1
666,747,616.83,393.99,52.17,110.66,1,-1,-1,-1
667,747,617.38,392.77,52.30,110.83,1,-1,-1,-1
668,747,617.83,392.40,52.09,110.23,1,-1,-1,-1
669,747,617.07,391.65,52.27,110.69,1,-1,-1,-1
670,747,617.08,390.77,52.04,110.19,1,-1,-1,-1
674,747,616.16,383.23,51.96,110.00,1,-1,-1,-1
675,747,616.21,381.18,51.79,109.31,1,-1,-1,-1
676,747,616.91,379.83,51.72,109.08,1,-1,-1,-1
676,744,566.38,208.02,44.59,93.02,1,-1,-1,-1
677,747,616.99,377.40,51.88,109.66,1,-1,-1,-1
677,744,565.39,206.21,45.57,95.07,1,-1,-1,-1
678,747,617.45,375.89,51.51,109.22,1,-1,-1,-1
678,744,564.82,205.61,45.47,95.06,1,-1,-1,-1
679,744,564.64,205.44,45.40,95.05,1,-1,-1,-1
680,744,564.86,205.43,45.10,94.38,1,-1,-1,-1
680,747,616.66,372.09,52.33,111.38,1,-1,-1,-1
681,747,616.87,371.43,52.13,111.20,1,-1,-1,-1
682,747,617.01,371.24,51.99,111.13,1,-1,-1,-1
683,747,617.02,370.56,51.98,111.10,1,-1,-1,-1
683,748,1125.72,621.00,46.28,131.80,1,-1,-1,-1
684,747,616.73,369.04,51.62,110.42,1,-1,-1,-1
684,748,1126.22,621.77,45.78,130.42,1,-1,-1,-1
685,747,617.17,368.53,50.93,108.84,1,-1,-1,-1
685,748,1126.40,622.03,45.60,129.95,1,-1,-1,-1
686,747,617.88,366.40,50.79,108.24,1,-1,-1,-1
687,747,617.14,364.99,51.09,108.68,1,-1,-1,-1
688,747,616.81,362.53,51.24,108.86,1,-1,-1,-1
688,744,565.38,197.01,44.57,93.06,1,-1,-1,-1
689,747,616.09,360.33,51.24,108.93,1,-1,-1,-1
689,744,564.92,195.99,44.35,92.29,1,-1,-1,-1
690,744,564.60,194.99,44.45,92.71,1,-1,-1,-1
693,748,1125.11,620.01,46.89,133.92,1,-1,-1,-1
694,749,79.43,439.40,55.37,116.80,1,-1,-1,-1
695,749,82.16,438.32,55.10,116.18,1,-1,-1,-1
695,747,614.57,354.68,52.39,110.85,1,-1,-1,-1
696,749,83.08,437.18,55.00,115.98,1,-1,-1,-1
696,747,613.86,353.12,52.41,111.01,1,-1,-1,-1
697,749,82.99,435.36,55.28,116.68,1,-1,-1,-1
697,747,613.25,351.27,52.13,110.40,1,-1,-1,-1
698,749,84.68,434.08,55.06,116.20,1,-1,-1,-1
698,747,613.43,349.30,52.28,110.83,1,-1,-1,-1
699,747,613.78,347.95,52.06,110.32,1,-1,-1,-1
700,747,613.66,346.17,52.24,110.79,1,-1,-1,-1
703,747,614.71,342.84,52.07,110.14,1,-1,-1,-1
704,747,615.07,343.23,51.86,109.34,1,-1,-1,-1
705,747,614.85,342.04,52.14,109.73,1,-1,-1,-1
705,744,566.96,182.93,43.00,89.05,1,-1,-1,-1
706,747,614.71,340.97,52.29,109.88,1,-1,-1,-1
706,744,565.90,182.73,43.40,89.66,1,-1,-1,-1
707,747,614.62,339.95,52.39,109.94,1,-1,-1,-1
707,744,565.53,181.31,43.56,89.84,1,-1,-1,-1
708,747,614.16,339.61,52.19,109.30,1,-1,-1,-1
708,744,566.28,180.15,43.40,89.25,1,-1,-1,-1
709,747,614.19,338.20,51.91,108.40,1,-1,-1,-1
709,744,565.58,179.09,43.65,89.70,1,-1,-1,-1
710,744,565.31,178.06,43.76,89.87,1,-1,-1,-1
710,748,1125.70,617.06,46.30,134.00,1,-1,-1,-1
711,750,506.50,423.40,56.10,122.40,1,-1,-1,-1
712,750,506.18,422.33,55.96,122.09,1,-1,-1,-1
712,748,1125.73,616.96,46.27,134.79,1,-1,-1,-1
713,750,507.16,421.19,55.60,121.21,1,-1,-1,-1
713,748,1125.73,616.27,46.27,134.96,1,-1,-1,-1
714,750,507.44,420.86,55.53,120.95,1,-1,-1,-1
714,748,1125.75,616.69,46.25,135.02,1,-1,-1,-1
714,744,565.15,174.91,43.84,89.98,1,-1,-1,-1
715,750,505.48,419.34,56.10,122.33,1,-1,-1,-1
716,750,504.55,418.15,56.55,123.52,1,-1,-1,-1
716,748,1125.93,616.90,46.07,135.02,1,-1,-1,-1
717,748,1126.08,616.97,45.92,135.00,1,-1,-1,-1
718,748,1126.32,617.00,45.68,135.00,1,-1,-1,-1
718,750,505.02,417.74,55.89,122.34,1,-1,-1,-1
719,748,1126.89,617.67,45.11,133.67,1,-1,-1,-1
719,750,505.50,417.09,55.41,121.34,1,-1,-1,-1
719,749,108.18,404.02,53.81,114.01,1,-1,-1,-1
720,750,505.07,417.55,55.16,121.00,1,-1,-1,-1
720,749,109.46,402.88,54.25,114.67,1,-1,-1,-1
721,752,1072.62,763.80,64.78,115.20,1,-1,-1,-1
721,748,1127.29,617.15,44.71,132.33,1,-1,-1,-1
722,752,1070.83,762.43,65.50,116.57,1,-1,-1,-1
722,748,1127.52,617.01,44.48,131.38,1,-1,-1,-1
723,752,1069.07,761.18,66.13,117.82,1,-1,-1,-1
723,748,1127.26,616.96,44.74,131.72,1,-1,-1,-1
724,748,1126.90,616.95,45.10,132.52,1,-1,-1,-1
725,748,1127.01,616.95,44.99,132.16,1,-1,-1,-1
725,752,1063.83,758.32,67.55,120.68,1,-1,-1,-1
726,748,1126.95,616.95,45.05,132.03,1,-1,-1,-1
727,748,1126.97,616.95,45.03,131.98,1,-1,-1,-1
728,748,1127.07,617.62,44.93,131.30,1,-1,-1,-1
728,752,1053.35,750.90,71.06,128.10,1,-1,-1,-1
729,748,1126.84,617.88,45.16,131.71,1,-1,-1,-1
729,749,118.29,390.97,54.74,114.99,1,-1,-1,-1
730,748,1126.71,617.97,45.29,131.87,1,-1,-1,-1
730,753,620.59,21.60,45.61,94.20,1,-1,-1,-1
730,749,120.75,390.57,54.67,113.62,1,-1,-1,-1
731,748,1126.43,617.34,45.57,132.60,1,-1,-1,-1
731,753,622.04,21.14,44.77,92.50,1,-1,-1,-1
731,749,120.34,389.10,55.20,114.50,1,-1,-1,-1
732,749,121.55,387.28,55.98,115.49,1,-1,-1,-1
733,748,1125.96,617.07,46.04,133.70,1,-1,-1,-1
734,748,1126.37,617.01,45.63,131.92,1,-1,-1,-1
736,748,1127.13,618.53,44.87,128.84,1,-1,-1,-1
737,754,930.99,406.00,57.01,108.00,1,-1,-1,-1
737,748,1126.91,618.87,45.09,128.85,1,-1,-1,-1
738,748,1126.51,618.98,45.49,129.52,1,-1,-1,-1
739,748,1126.28,619.03,45.72,129.78,1,-1,-1,-1
739,754,928.78,406.00,56.52,107.10,1,-1,-1,-1
740,748,1126.23,619.04,45.77,129.88,1,-1,-1,-1
743,748,1126.43,619.86,45.57,129.12,1,-1,-1,-1
744,748,1126.21,620.66,45.79,129.70,1,-1,-1,-1
753,749,135.16,366.96,54.93,114.01,1,-1,-1,-1
753,748,1126.94,621.03,45.06,127.10,1,-1,-1,-1
754,748,1126.64,620.33,45.36,127.67,1,-1,-1,-1
755,748,1126.46,619.45,45.54,128.51,1,-1,-1,-1
756,748,1126.57,619.78,45.43,128.83,1,-1,-1,-1
757,748,1126.39,619.25,45.61,129.61,1,-1,-1,-1
758,748,1126.49,619.05,45.51,129.91,1,-1,-1,-1
758,754,912.13,377.08,57.86,109.99,1,-1,-1,-1
759,748,1126.63,618.98,45.37,130.01,1,-1,-1,-1
759,754,912.27,375.87,57.47,109.36,1,-1,-1,-1
760,754,911.01,374.80,57.32,109.15,1,-1,-1,-1
761,754,910.59,373.79,57.25,109.07,1,-1,-1,-1
761,748,1126.67,619.75,45.33,130.03,1,-1,-1,-1
762,748,1126.71,619.96,45.29,130.01,1,-1,-1,-1
763,748,1126.94,620.03,45.06,129.34,1,-1,-1,-1
763,754,909.68,373.36,56.38,107.46,1,-1,-1,-1
764,748,1126.63,619.38,45.37,130.41,1,-1,-1,-1
764,749,141.38,351.11,53.65,111.07,1,-1,-1,-1
765,748,1126.66,619.14,45.34,130.81,1,-1,-1,-1
766,748,1127.13,620.37,44.87,129.65,1,-1,-1,-1
767,748,1127.16,620.17,44.84,129.86,1,-1,-1,-1
767,754,908.13,367.16,55.74,106.14,1,-1,-1,-1
767,749,142.35,346.95,52.86,109.27,1,-1,-1,-1
768,748,1127.03,620.09,44.97,130.61,1,-1,-1,-1
768,754,907.89,365.23,55.86,106.01,1,-1,-1,-1
768,749,142.58,345.13,53.28,110.41,1,-1,-1,-1
769,748,1126.75,619.40,45.25,131.55,1,-1,-1,-1
769,754,907.31,363.93,56.39,106.63,1,-1,-1,-1
769,749,142.78,344.52,53.30,110.13,1,-1,-1,-1
770,748,1126.86,619.79,45.14,131.24,1,-1,-1,-1
770,754,906.61,362.17,57.09,107.53,1,-1,-1,-1
770,749,143.26,342.36,53.56,111.36,1,-1,-1,-1
772,748,1127.03,620.77,44.97,131.08,1,-1,-1,-1
773,748,1127.15,620.32,44.85,131.02,1,-1,-1,-1
774,748,1127.24,620.16,44.76,130.99,1,-1,-1,-1
775,748,1127.60,620.76,44.40,129.67,1,-1,-1,-1
775,756,654.61,739.00,59.99,140.00,1,-1,-1,-1
775,749,145.81,336.84,53.17,111.04,1,-1,-1,-1
776,748,1127.50,620.98,44.50,129.83,1,-1,-1,-1
776,757,287.44,389.60,59.16,122.40,1,-1,-1,-1
776,749,147.92,335.87,53.28,111.00,1,-1,-1,-1
777,748,1127.33,621.71,44.67,129.90,1,-1,-1,-1
777,757,288.30,386.84,59.37,122.86,1,-1,-1,-1
777,749,148.03,335.54,53.24,110.99,1,-1,-1,-1
778,748,1127.49,621.98,44.51,129.27,1,-1,-1,-1
778,757,289.71,385.13,59.10,122.24,1,-1,-1,-1
778,749,149.64,334.80,52.96,109.66,1,-1,-1,-1
779,748,1127.51,622.08,44.49,129.03,1,-1,-1,-1
779,749,150.74,333.90,53.00,109.16,1,-1,-1,-1
780,748,1127.39,622.10,44.61,128.95,1,-1,-1,-1
780,749,150.60,332.94,53.54,109.65,1,-1,-1,-1
780,754,903.11,348.97,57.82,107.99,1,-1,-1,-1
781,748,1127.46,622.77,44.54,128.93,1,-1,-1,-1
781,749,151.31,331.96,53.62,109.17,1,-1,-1,-1
781,754,901.88,348.58,57.61,106.62,1,-1,-1,-1
782,748,1127.03,622.35,44.97,130.25,1,-1,-1,-1
782,749,150.85,330.31,54.35,110.33,1,-1,-1,-1
782,754,901.11,347.11,57.90,106.84,1,-1,-1,-1
783,748,1127.27,622.84,44.73,129.43,1,-1,-1,-1
783,749,150.30,329.06,54.98,111.42,1,-1,-1,-1
783,754,900.24,346.61,57.95,106.92,1,-1,-1,-1
784,748,1127.33,623.02,44.67,129.12,1,-1,-1,-1
784,754,899.27,347.13,57.97,106.96,1,-1,-1,-1
785,748,1127.34,623.74,44.66,129.01,1,-1,-1,-1
785,754,898.79,346.71,57.44,106.31,1,-1,-1,-1
786,748,1127.12,622.68,44.88,129.63,1,-1,-1,-1
786,754,898.71,346.59,57.16,106.07,1,-1,-1,-1
787,748,1127.24,622.27,44.76,129.21,1,-1,-1,-1
787,754,898.52,345.26,56.58,105.32,1,-1,-1,-1
788,748,1127.26,622.11,44.74,129.05,1,-1,-1,-1
788,754,899.34,345.45,55.49,103.05,1,-1,-1,-1
789,748,1127.06,622.05,44.94,129.65,1,-1,-1,-1
789,758,2.56,675.20,3.04,132.80,1,-1,-1,-1
790,748,1126.79,622.03,45.21,130.54,1,-1,-1,-1
790,758,3.58,674.28,3.10,132.95,1,-1,-1,-1
791,748,1126.71,622.02,45.29,130.88,1,-1,-1,-1
791,758,4.62,673.97,3.19,132.23,1,-1,-1,-1
792,748,1126.70,622.67,45.30,131.00,1,-1,-1,-1
792,758,6.20,670.89,3.44,133.50,1,-1,-1,-1
792,749,154.29,319.99,53.80,108.13,1,-1,-1,-1
792,754,896.62,339.23,56.33,104.74,1,-1,-1,-1
793,748,1126.91,622.26,45.09,130.38,1,-1,-1,-1
793,758,7.19,669.19,3.73,133.20,1,-1,-1,-1
793,749,155.21,318.99,53.63,107.26,1,-1,-1,-1
793,754,896.55,337.27,56.95,105.67,1,-1,-1,-1
794,748,1126.99,621.44,45.01,130.14,1,-1,-1,-1
794,758,7.98,669.37,4.04,130.27,1,-1,-1,-1
794,754,896.64,335.94,57.05,105.32,1,-1,-1,-1
795,748,1126.82,621.13,45.18,130.71,1,-1,-1,-1
795,758,9.19,667.41,4.55,129.92,1,-1,-1,-1
796,758,9.84,665.38,5.15,129.82,1,-1,-1,-1
796,754,895.45,333.07,57.55,105.90,1,-1,-1,-1
797,758,10.92,664.02,5.83,127.76,1,-1,-1,-1
797,748,1126.66,620.23,45.34,130.95,1,-1,-1,-1
798,758,11.96,662.90,6.74,128.39,1,-1,-1,-1
798,748,1126.58,620.04,45.42,130.99,1,-1,-1,-1
799,758,12.94,661.87,7.77,128.64,1,-1,-1,-1
799,748,1126.62,620.64,45.38,131.00,1,-1,-1,-1
800,748,1126.19,622.19,45.15,130.35,1,-1,-1,-1
801,748,1126.98,624.10,44.77,128.77,1,-1,-1,-1
802,748,1127.39,624.15,44.52,127.52,1,-1,-1,-1
802,754,893.18,326.92,57.82,106.00,1,-1,-1,-1
803,748,1127.15,624.82,44.82,128.39,1,-1,-1,-1
804,749,156.69,307.92,55.35,110.90,1,-1,-1,-1
804,754,892.72,323.35,58.14,106.00,1,-1,-1,-1
805,754,890.95,321.36,58.56,106.68,1,-1,-1,-1
805,748,1127.16,625.07,44.83,128.04,1,-1,-1,-1
806,748,1127.26,625.74,44.74,127.33,1,-1,-1,-1
806,749,156.01,303.63,55.34,111.04,1,-1,-1,-1
807,748,1127.01,625.97,44.99,127.75,1,-1,-1,-1
807,749,156.74,302.19,55.11,111.01,1,-1,-1,-1
808,748,1126.86,626.05,45.14,127.90,1,-1,-1,-1
808,749,157.08,300.37,54.95,111.00,1,-1,-1,-1
809,748,1126.76,626.08,45.24,127.96,1,-1,-1,-1
809,749,157.67,299.07,55.08,111.66,1,-1,-1,-1
810,748,1126.68,626.08,45.33,127.99,1,-1,-1,-1
810,749,157.97,297.96,55.04,111.90,1,-1,-1,-1
811,748,1126.61,626.07,45.39,127.99,1,-1,-1,-1
811,758,25.46,643.97,12.55,128.01,1,-1,-1,-1
812,748,1126.45,625.41,45.55,128.00,1,-1,-1,-1
812,758,23.27,641.43,16.57,129.38,1,-1,-1,-1
813,748,1126.51,626.47,45.49,127.34,1,-1,-1,-1
813,758,21.23,638.61,19.87,130.49,1,-1,-1,-1
814,748,1126.04,624.89,45.97,128.41,1,-1,-1,-1
814,754,884.59,311.93,57.55,105.07,1,-1,-1,-1
815,748,1125.91,623.63,46.09,128.82,1,-1,-1,-1
815,758,21.68,635.06,23.11,130.16,1,-1,-1,-1
816,748,1125.31,622.49,46.04,128.97,1,-1,-1,-1
816,758,20.23,634.51,25.87,130.03,1,-1,-1,-1
816,754,882.11,309.92,57.25,104.19,1,-1,-1,-1
817,748,1125.60,622.07,46.15,129.02,1,-1,-1,-1
817,758,20.35,633.02,28.86,131.32,1,-1,-1,-1
817,754,881.40,308.23,57.45,104.04,1,-1,-1,-1
818,748,1125.88,621.92,46.03,128.38,1,-1,-1,-1
818,754,880.91,306.99,57.78,103.98,1,-1,-1,-1
819,748,1126.01,621.88,45.96,128.13,1,-1,-1,-1
819,754,879.87,305.25,58.78,105.29,1,-1,-1,-1
820,748,1125.97,622.53,46.03,128.04,1,-1,-1,-1
820,754,879.27,305.30,58.73,105.13,1,-1,-1,-1
820,749,164.77,285.06,53.16,108.13,1,-1,-1,-1
821,748,1125.99,624.11,46.01,128.01,1,-1,-1,-1
821,754,878.51,304.71,58.62,105.06,1,-1,-1,-1
821,749,165.48,283.95,53.33,108.66,1,-1,-1,-1
822,748,1125.99,624.05,46.01,127.99,1,-1,-1,-1
822,754,877.31,303.87,58.84,105.70,1,-1,-1,-1
823,748,1125.70,624.03,46.31,128.65,1,-1,-1,-1
824,748,1125.85,624.02,46.15,128.24,1,-1,-1,-1
824,749,167.16,279.99,52.87,108.07,1,-1,-1,-1
825,748,1125.92,624.01,46.09,128.08,1,-1,-1,-1
826,748,1125.85,624.01,46.16,128.02,1,-1,-1,-1
827,748,1125.68,623.35,46.33,128.00,1,-1,-1,-1
828,748,1125.62,623.76,46.39,127.99,1,-1,-1,-1
828,754,872.84,293.35,59.15,105.99,1,-1,-1,-1
829,748,1125.35,623.25,46.65,128.65,1,-1,-1,-1
829,754,871.57,292.69,58.83,105.31,1,-1,-1,-1
830,748,1125.45,623.06,46.56,128.24,1,-1,-1,-1
830,754,870.46,291.80,58.75,105.09,1,-1,-1,-1
831,748,1125.56,623.00,46.44,127.42,1,-1,-1,-1
831,758,33.25,616.94,33.85,124.13,1,-1,-1,-1
832,748,1125.61,622.97,46.40,127.11,1,-1,-1,-1
832,758,31.09,616.64,38.45,123.91,1,-1,-1,-1
833,748,1125.58,622.97,46.42,127.00,1,-1,-1,-1
833,758,28.86,613.84,42.14,125.17,1,-1,-1,-1
833,754,866.62,289.68,57.80,104.16,1,-1,-1,-1
834,748,1125.54,623.63,46.46,126.96,1,-1,-1,-1
834,758,27.30,610.85,44.85,126.31,1,-1,-1,-1
835,748,1124.82,623.88,46.52,127.61,1,-1,-1,-1
835,758,25.62,608.46,46.91,127.41,1,-1,-1,-1
836,758,24.85,606.29,48.43,127.83,1,-1,-1,-1
837,758,24.13,604.21,49.38,127.99,1,-1,-1,-1
837,748,1125.51,623.21,46.32,127.13,1,-1,-1,-1
838,758,24.05,602.83,50.16,128.04,1,-1,-1,-1
838,748,1125.37,623.05,46.57,128.38,1,-1,-1,-1
839,758,24.83,601.71,50.93,128.05,1,-1,-1,-1
839,748,1125.54,622.99,46.45,128.16,1,-1,-1,-1
840,748,1125.16,622.98,46.18,128.07,1,-1,-1,-1
841,748,1125.70,623.63,46.05,128.04,1,-1,-1,-1
842,748,1126.07,623.88,45.85,128.02,1,-1,-1,-1
843,748,1126.11,623.98,45.87,128.68,1,-1,-1,-1
846,748,1126.15,624.89,45.86,128.97,1,-1,-1,-1
847,748,1126.44,625.03,45.57,128.31,1,-1,-1,-1
848,748,1126.26,625.08,45.75,128.75,1,-1,-1,-1
849,748,1126.58,625.09,45.43,127.60,1,-1,-1,-1
850,748,1126.65,625.08,45.35,127.16,1,-1,-1,-1
851,748,1126.64,625.74,45.37,127.00,1,-1,-1,-1
852,748,1126.69,625.98,45.31,126.95,1,-1,-1,-1
853,748,1126.73,626.06,45.27,126.93,1,-1,-1,-1
854,748,1125.99,625.42,45.35,127.59,1,-1,-1,-1
855,748,1126.27,625.18,45.49,127.85,1,-1,-1,-1
856,748,1126.64,625.74,45.27,127.28,1,-1,-1,-1
857,748,1126.79,625.95,45.18,127.07,1,-1,-1,-1
858,748,1127.06,626.69,44.93,126.33,1,-1,-1,-1
859,748,1126.65,626.30,45.35,127.38,1,-1,-1,-1
860,748,1126.47,626.80,45.54,127.78,1,-1,-1,-1
861,748,1126.38,626.99,45.63,127.93,1,-1,-1,-1
862,748,1126.12,627.06,45.88,128.65,1,-1,-1,-1
863,748,1126.03,627.07,45.98,128.92,1,-1,-1,-1
864,748,1126.19,627.07,45.81,128.36,1,-1,-1,-1
865,748,1126.24,627.73,45.76,128.14,1,-1,-1,-1
866,748,1126.44,627.97,45.56,127.39,1,-1,-1,-1
868,748,1126.26,627.28,45.75,127.85,1,-1,-1,-1
869,748,1125.78,627.10,46.22,129.32,1,-1,-1,-1
870,748,1125.84,626.38,46.16,129.18,1,-1,-1,-1
871,748,1125.67,626.10,46.33,129.78,1,-1,-1,-1
872,748,1125.64,626.66,46.37,130.00,1,-1,-1,-1
873,748,1125.84,626.88,46.16,129.41,1,-1,-1,-1
874,748,1125.93,626.96,46.07,129.18,1,-1,-1,-1
875,748,1126.06,626.99,45.94,129.09,1,-1,-1,-1
876,748,1125.96,626.34,46.04,129.72,1,-1,-1,-1
877,748,1126.09,626.75,45.91,129.29,1,-1,-1,-1
878,748,1125.93,626.25,46.07,129.78,1,-1,-1,-1
879,748,1126.28,626.72,45.72,128.65,1,-1,-1,-1
880,748,1126.18,626.91,45.82,128.87,1,-1,-1,-1
881,748,1126.14,626.97,45.86,128.96,1,-1,-1,-1
882,748,1126.41,627.00,45.59,128.33,1,-1,-1,-1
883,748,1126.34,625.68,45.66,128.76,1,-1,-1,-1
885,748,1126.14,625.87,45.86,128.95,1,-1,-1,-1
886,748,1126.32,625.93,45.68,128.31,1,-1,-1,-1
887,748,1126.15,625.95,45.85,128.75,1,-1,-1,-1
888,748,1126.29,626.63,45.71,128.26,1,-1,-1,-1
889,748,1126.32,626.22,45.68,128.07,1,-1,-1,-1
890,748,1125.91,625.40,46.09,129.32,1,-1,-1,-1
891,748,1125.77,625.10,46.23,129.80,1,-1,-1,-1
892,748,1125.64,623.67,46.36,129.97,1,-1,-1,-1
893,748,1125.36,622.48,46.64,130.69,1,-1,-1,-1
894,748,1125.73,623.35,46.27,129.64,1,-1,-1,-1
895,748,1126.08,625.02,45.92,128.58,1,-1,-1,-1
896,748,1125.80,624.33,46.20,129.50,1,-1,-1,-1
897,748,1125.71,624.74,46.29,129.84,1,-1,-1,-1
898,748,1125.90,624.24,46.10,129.31,1,-1,-1,-1
899,748,1125.77,624.05,46.23,129.77,1,-1,-1,-1
900,748,1125.95,623.98,46.05,128.62,1,-1,-1,-1
901,748,1126.39,623.30,45.61,126.86,1,-1,-1,-1
902,748,1126.88,623.71,45.12,124.87,1,-1,-1,-1
903,748,1126.63,623.87,45.37,124.81,1,-1,-1,-1
904,748,1126.18,623.93,45.82,125.46,1,-1,-1,-1
905,748,1126.22,624.62,45.78,124.40,1,-1,-1,-1
906,748,1125.83,624.22,46.17,124.67,1,-1,-1,-1
907,748,1125.83,625.39,46.17,124.12,1,-1,-1,-1
908,748,1125.51,625.17,46.49,124.59,1,-1,-1,-1
909,748,1124.99,626.41,47.01,126.10,1,-1,-1,-1
910,748,1124.90,626.21,47.10,126.68,1,-1,-1,-1
911,748,1124.95,625.47,47.05,126.24,1,-1,-1,-1
912,748,1125.01,625.18,46.99,126.07,1,-1,-1,-1
913,748,1124.93,625.73,47.07,126.01,1,-1,-1,-1
914,748,1124.76,625.28,47.24,125.99,1,-1,-1,-1
915,748,1124.48,625.10,47.52,126.64,1,-1,-1,-1
916,748,1124.66,625.69,47.34,126.23,1,-1,-1,-1
917,748,1124.64,625.26,47.36,126.07,1,-1,-1,-1
918,748,1124.70,625.09,47.30,126.01,1,-1,-1,-1
919,748,1125.06,625.03,46.94,124.67,1,-1,-1,-1
920,748,1124.60,624.34,47.40,125.49,1,-1,-1,-1
921,748,1123.71,624.09,48.29,127.79,1,-1,-1,-1
927,748,1124.58,627.75,47.42,125.21,1,-1,-1,-1
928,748,1124.79,628.04,47.21,124.30,1,-1,-1,-1
929,748,1124.80,628.13,47.20,124.00,1,-1,-1,-1
929,768,328.49,316.20,42.31,109.80,1,-1,-1,-1
930,748,1124.83,628.16,47.17,123.23,1,-1,-1,-1
930,769,378.79,730.20,58.01,139.00,1,-1,-1,-1
931,748,1124.72,627.49,47.28,122.96,1,-1,-1,-1
931,769,378.47,729.28,57.72,138.23,1,-1,-1,-1
932,748,1124.04,626.56,47.96,124.86,1,-1,-1,-1
932,768,327.81,315.06,41.28,107.15,1,-1,-1,-1
934,748,1124.12,626.13,47.88,124.95,1,-1,-1,-1
935,748,1124.53,626.02,47.47,123.64,1,-1,-1,-1
940,748,1123.75,624.10,48.25,125.78,1,-1,-1,-1
941,748,1123.84,623.94,48.16,126.00,1,-1,-1,-1
942,748,1123.95,623.88,48.05,126.07,1,-1,-1,-1
943,748,1124.07,623.87,47.93,126.09,1,-1,-1,-1
944,748,1124.26,623.22,47.74,125.43,1,-1,-1,-1
944,769,374.52,704.07,59.48,142.98,1,-1,-1,-1
945,748,1124.31,623.64,47.69,125.17,1,-1,-1,-1
945,769,375.06,703.43,58.88,141.73,1,-1,-1,-1
946,769,374.38,702.55,59.55,143.98,1,-1,-1,-1
947,769,373.60,700.96,59.67,144.80,1,-1,-1,-1
948,748,1124.71,624.71,47.29,124.19,1,-1,-1,-1
949,771,162.16,359.00,49.64,108.20,1,-1,-1,-1
949,748,1124.68,624.22,47.32,124.03,1,-1,-1,-1
949,769,372.39,698.02,59.02,143.50,1,-1,-1,-1
950,748,1124.63,624.06,47.37,123.97,1,-1,-1,-1
951,748,1124.24,623.34,47.76,124.62,1,-1,-1,-1
952,748,1123.71,622.41,48.29,126.18,1,-1,-1,-1
952,771,166.36,352.37,47.52,103.27,1,-1,-1,-1
953,748,1123.87,622.72,48.13,125.46,1,-1,-1,-1
954,748,1123.65,622.85,48.35,125.84,1,-1,-1,-1
954,768,329.68,290.01,41.28,106.00,1,-1,-1,-1
955,748,1123.33,622.90,48.67,126.64,1,-1,-1,-1
956,748,1123.19,622.27,48.81,126.93,1,-1,-1,-1
956,773,466.12,324.40,56.88,100.60,1,-1,-1,-1
956,768,330.17,287.13,41.65,106.79,1,-1,-1,-1
957,748,1123.66,624.01,48.34,125.72,1,-1,-1,-1
957,773,466.31,323.33,57.46,101.67,1,-1,-1,-1
959,748,1123.99,624.03,48.01,125.17,1,-1,-1,-1
960,748,1124.03,624.71,47.97,125.03,1,-1,-1,-1
961,748,1124.05,623.62,47.95,124.99,1,-1,-1,-1
961,773,465.08,319.16,58.01,102.97,1,-1,-1,-1
962,773,465.81,318.13,57.92,103.03,1,-1,-1,-1
964,748,1123.76,623.07,48.24,125.83,1,-1,-1,-1
964,773,466.52,313.74,58.26,103.84,1,-1,-1,-1
965,748,1123.74,622.99,48.26,125.98,1,-1,-1,-1
966,748,1123.75,623.62,48.25,126.02,1,-1,-1,-1
967,748,1123.77,623.86,48.23,126.04,1,-1,-1,-1
968,748,1124.21,623.95,47.79,124.72,1,-1,-1,-1
969,774,195.15,448.20,52.65,114.20,1,-1,-1,-1
970,774,196.84,448.82,51.89,112.50,1,-1,-1,-1
971,774,198.15,447.45,51.67,111.94,1,-1,-1,-1
976,771,180.75,316.90,48.24,104.99,1,-1,-1,-1
976,748,1125.01,622.07,46.99,122.12,1,-1,-1,-1
977,771,180.56,315.81,48.63,105.72,1,-1,-1,-1
978,771,181.37,315.44,48.56,105.31,1,-1,-1,-1
979,771,181.85,314.70,48.33,104.47,1,-1,-1,-1
979,748,1125.16,621.88,46.84,121.13,1,-1,-1,-1
980,748,1124.82,621.87,47.18,121.70,1,-1,-1,-1
983,748,1124.76,621.85,47.24,121.95,1,-1,-1,-1
985,748,1125.00,621.89,47.00,120.41,1,-1,-1,-1
988,748,1125.64,622.73,46.36,117.48,1,-1,-1,-1
989,748,1124.98,622.88,47.02,118.44,1,-1,-1,-1
990,748,1124.63,622.26,47.37,118.77,1,-1,-1,-1
990,774,219.48,425.01,52.49,112.99,1,-1,-1,-1
991,748,1124.18,622.69,47.82,119.55,1,-1,-1,-1
991,774,220.74,423.94,52.99,113.72,1,-1,-1,-1
992,748,1123.94,622.20,48.06,119.85,1,-1,-1,-1
992,774,221.99,422.91,52.99,113.29,1,-1,-1,-1
993,748,1123.69,622.02,48.31,120.62,1,-1,-1,-1
993,774,222.75,421.91,53.31,113.79,1,-1,-1,-1
994,771,191.50,293.04,47.50,101.05,1,-1,-1,-1
995,774,225.40,419.94,53.48,113.98,1,-1,-1,-1
996,774,226.20,419.66,53.17,113.32,1,-1,-1,-1
997,771,195.61,288.91,47.07,98.41,1,-1,-1,-1
998,771,195.69,289.18,47.45,98.05,1,-1,-1,-1
999,771,195.91,287.94,48.05,98.60,1,-1,-1,-1
1000,771,195.42,288.20,48.15,98.15,1,-1,-1,-1
1000,774,231.20,415.09,51.91,109.48,1,-1,-1,-1
1002,777,351.75,610.80,56.65,129.20,1,-1,-1,-1
1002,771,196.43,285.15,47.75,97.20,1,-1,-1,-1
1002,774,233.03,412.12,52.02,109.02,1,-1,-1,-1
1003,771,197.48,282.56,48.11,97.72,1,-1,-1,-1
1004,771,198.06,279.68,48.68,98.56,1,-1,-1,-1
1005,771,198.72,278.65,48.44,97.56,1,-1,-1,-1
1005,774,234.77,407.10,53.26,110.71,1,-1,-1,-1
1006,771,199.21,277.67,48.73,97.84,1,-1,-1,-1
1007,771,199.57,276.04,48.64,97.28,1,-1,-1,-1
1008,771,200.36,274.83,48.59,97.07,1,-1,-1,-1
1008,774,237.39,403.82,53.63,110.98,1,-1,-1,-1
1010,771,201.45,271.94,49.38,98.56,1,-1,-1,-1
1011,771,202.42,270.79,49.43,98.24,1,-1,-1,-1
1012,779,0.75,372.40,34.25,108.80,1,-1,-1,-1
1012,774,243.44,398.09,53.35,110.11,1,-1,-1,-1
1013,779,0.94,370.55,34.06,108.18,1,-1,-1,-1
1013,771,202.87,267.19,49.43,98.08,1,-1,-1,-1
1014,779,1.76,368.38,34.02,107.98,1,-1,-1,-1
1014,777,350.43,589.09,56.57,128.00,1,-1,-1,-1
1014,774,245.93,395.87,53.10,110.01,1,-1,-1,-1
1015,777,350.10,587.80,56.16,125.87,1,-1,-1,-1
1015,771,203.65,263.25,49.47,98.01,1,-1,-1,-1
1016,777,350.11,586.71,55.92,123.84,1,-1,-1,-1
1016,771,204.49,261.21,50.09,99.36,1,-1,-1,-1
1017,777,349.63,584.35,56.32,123.78,1,-1,-1,-1
1018,777,348.01,582.88,56.58,123.77,1,-1,-1,-1
1018,771,203.90,257.23,51.31,102.22,1,-1,-1,-1
1019,777,346.08,580.40,57.34,125.12,1,-1,-1,-1
1020,777,345.04,577.54,57.96,126.30,1,-1,-1,-1
1020,774,251.97,386.12,53.10,110.93,1,-1,-1,-1
1021,774,252.62,384.88,52.74,111.69,1,-1,-1,-1
1021,771,206.51,255.53,49.65,98.70,1,-1,-1,-1
1022,774,254.09,383.14,52.70,112.61,1,-1,-1,-1
1023,774,255.19,381.88,52.10,112.29,1,-1,-1,-1
1024,774,256.80,380.80,51.29,110.83,1,-1,-1,-1
1025,774,258.89,379.79,50.79,109.61,1,-1,-1,-1
1026,774,260.66,378.80,50.24,107.83,1,-1,-1,-1
1027,774,261.67,377.82,50.32,107.83,1,-1,-1,-1
1029,774,262.40,373.42,50.85,108.68,1,-1,-1,-1
1030,774,263.25,371.89,50.82,108.26,1,-1,-1,-1
1032,774,263.75,368.11,52.24,111.20,1,-1,-1,-1
1033,781,472.80,240.40,57.00,96.00,1,-1,-1,-1
1033,774,263.28,366.80,52.36,111.84,1,-1,-1,-1
1035,782,545.35,733.00,63.25,131.40,1,-1,-1,-1
1035,774,266.36,364.74,51.48,109.71,1,-1,-1,-1
1036,782,545.04,731.45,63.86,132.64,1,-1,-1,-1
1036,771,216.14,229.08,47.86,95.05,1,-1,-1,-1
1037,782,543.37,729.39,64.09,133.05,1,-1,-1,-1
1038,782,542.79,728.03,64.21,133.14,1,-1,-1,-1
1039,771,217.55,225.64,47.53,94.12,1,-1,-1,-1
1040,771,218.30,224.66,47.56,94.01,1,-1,-1,-1
1041,771,218.92,224.35,47.88,94.65,1,-1,-1,-1
1042,782,542.00,721.21,62.08,128.38,1,-1,-1,-1
1043,782,540.89,718.53,62.23,128.61,1,-1,-1,-1
1043,781,470.44,228.07,59.56,100.97,1,-1,-1,-1
1043,774,277.52,354.92,51.30,109.02,1,-1,-1,-1
1043,771,220.61,224.22,47.37,93.36,1,-1,-1,-1
1044,774,278.87,353.87,51.13,108.30,1,-1,-1,-1
1044,771,220.70,222.34,47.47,93.75,1,-1,-1,-1
1045,774,279.48,352.85,50.91,107.40,1,-1,-1,-1
1045,771,220.91,221.03,47.32,93.22,1,-1,-1,-1
1045,782,537.73,714.98,62.63,129.60,1,-1,-1,-1
1046,774,279.84,351.86,50.66,107.07,1,-1,-1,-1
1046,771,221.42,219.26,48.15,95.02,1,-1,-1,-1
1047,774,280.63,351.53,50.53,106.96,1,-1,-1,-1
1047,781,471.61,223.19,59.29,101.05,1,-1,-1,-1
1048,774,281.96,350.79,50.08,106.26,1,-1,-1,-1
1049,771,224.00,214.24,47.04,92.48,1,-1,-1,-1
1050,771,223.76,212.28,46.73,92.07,1,-1,-1,-1
1050,774,283.83,348.86,50.15,106.78,1,-1,-1,-1
1051,771,224.67,212.29,46.30,91.26,1,-1,-1,-1
1051,774,285.15,347.18,49.83,106.28,1,-1,-1,-1
1052,771,224.72,210.35,46.42,91.64,1,-1,-1,-1
1052,774,286.05,345.95,49.93,106.77,1,-1,-1,-1
1053,771,225.98,209.67,45.87,90.47,1,-1,-1,-1
1053,774,287.89,344.87,49.75,106.28,1,-1,-1,-1
1054,771,226.50,209.47,46.26,91.37,1,-1,-1,-1
1054,774,289.45,343.86,49.44,105.44,1,-1,-1,-1
1055,771,226.61,208.77,46.48,91.71,1,-1,-1,-1
1055,774,290.09,342.20,49.90,106.45,1,-1,-1,-1
1056,771,227.27,206.57,46.58,91.85,1,-1,-1,-1
1056,774,290.96,340.96,50.06,106.82,1,-1,-1,-1
1057,774,290.73,339.23,50.63,108.29,1,-1,-1,-1
1058,771,228.07,203.23,46.90,92.72,1,-1,-1,-1
1060,774,293.96,335.10,50.94,108.92,1,-1,-1,-1
1061,774,294.59,334.66,50.70,108.31,1,-1,-1,-1
1062,774,295.44,333.85,50.65,108.09,1,-1,-1,-1
1062,771,229.09,198.87,47.92,95.64,1,-1,-1,-1
1063,774,298.46,334.25,49.88,106.03,1,-1,-1,-1
1063,771,229.75,197.89,47.42,95.29,1,-1,-1,-1
1063,782,534.12,683.97,61.78,126.04,1,-1,-1,-1
1064,774,299.57,334.45,49.58,105.26,1,-1,-1,-1
1065,771,231.31,195.93,46.72,94.33,1,-1,-1,-1
1066,771,232.16,194.31,46.68,94.75,1,-1,-1,-1
1067,771,233.26,192.43,45.85,92.91,1,-1,-1,-1
1068,771,234.40,190.43,45.47,92.22,1,-1,-1,-1
1068,782,531.11,673.13,62.01,125.99,1,-1,-1,-1
1071,771,235.75,186.02,45.31,91.99,1,-1,-1,-1
1073,774,312.55,322.10,49.33,104.03,1,-1,-1,-1
1075,781,474.77,195.01,57.23,97.02,1,-1,-1,-1
1075,774,313.74,319.88,49.57,104.79,1,-1,-1,-1
1076,774,314.86,318.85,49.30,104.28,1,-1,-1,-1
1077,774,316.16,317.85,48.94,103.44,1,-1,-1,-1
1078,774,316.87,316.20,49.20,103.78,1,-1,-1,-1
1079,774,317.97,314.96,49.09,103.26,1,-1,-1,-1
1080,774,318.65,313.89,48.74,102.39,1,-1,-1,-1
1081,774,319.34,312.20,48.79,102.74,1,-1,-1,-1
1082,774,320.97,309.64,49.39,104.20,1,-1,-1,-1
1082,782,523.78,643.02,64.21,129.94,1,-1,-1,-1
1083,782,523.92,640.97,64.64,130.06,1,-1,-1,-1
1085,771,243.14,168.93,45.84,92.98,1,-1,-1,-1
1089,787,868.67,465.40,57.53,119.20,1,-1,-1,-1
1091,787,866.41,465.94,56.92,118.12,1,-1,-1,-1
1092,787,865.99,464.51,55.33,114.90,1,-1,-1,-1
1093,787,866.83,461.86,53.92,111.72,1,-1,-1,-1
1093,782,522.37,622.96,63.62,127.10,1,-1,-1,-1
1093,771,248.45,159.01,45.52,92.05,1,-1,-1,-1
1094,782,521.38,621.05,64.53,128.36,1,-1,-1,-1
1094,771,248.58,157.24,45.59,91.99,1,-1,-1,-1
1095,782,521.62,619.74,64.93,128.76,1,-1,-1,-1
1095,771,248.84,156.65,45.40,91.31,1,-1,-1,-1
1096,782,520.73,617.99,65.41,129.57,1,-1,-1,-1
1096,771,248.86,156.48,45.39,91.05,1,-1,-1,-1
1097,771,248.80,155.13,45.43,90.97,1,-1,-1,-1
1097,774,337.15,291.95,49.85,104.00,1,-1,-1,-1
1098,771,248.18,153.34,45.36,90.94,1,-1,-1,-1
1098,774,336.93,290.92,50.41,104.00,1,-1,-1,-1
1100,771,248.89,150.96,45.13,90.18,1,-1,-1,-1
1101,771,249.20,149.89,45.57,90.71,1,-1,-1,-1
1101,774,338.37,289.60,50.85,104.00,1,-1,-1,-1
1102,774,338.59,288.88,50.77,103.31,1,-1,-1,-1
1103,774,339.99,287.98,50.73,102.41,1,-1,-1,-1
1104,774,340.57,285.69,50.63,101.42,1,-1,-1,-1
1105,774,341.25,284.20,51.43,102.38,1,-1,-1,-1
1105,771,249.89,145.86,46.12,91.85,1,-1,-1,-1
1106,774,342.41,283.02,51.46,101.43,1,-1,-1,-1
1107,774,342.40,281.29,51.87,101.74,1,-1,-1,-1
1109,774,343.02,279.72,52.98,103.47,1,-1,-1,-1
1110,774,343.74,279.50,53.23,103.22,1,-1,-1,-1
1110,771,250.52,140.03,45.62,91.08,1,-1,-1,-1
1111,774,343.62,278.78,53.67,103.79,1,-1,-1,-1
1111,771,251.02,139.67,45.77,91.69,1,-1,-1,-1
1112,774,344.68,277.89,54.02,104.00,1,-1,-1,-1
1112,771,251.53,138.88,45.48,91.23,1,-1,-1,-1
1113,774,345.23,277.60,53.97,103.41,1,-1,-1,-1
1113,771,252.13,138.62,45.62,91.72,1,-1,-1,-1
1115,771,253.22,136.95,45.63,91.94,1,-1,-1,-1
1116,771,253.89,136.02,45.18,91.31,1,-1,-1,-1
1117,771,254.18,135.70,44.95,91.09,1,-1,-1,-1
1118,771,254.88,134.95,44.26,89.68,1,-1,-1,-1
1118,774,349.08,273.01,53.95,103.05,1,-1,-1,-1
1119,771,255.96,134.71,43.85,88.49,1,-1,-1,-1
1119,774,349.62,272.04,53.64,102.31,1,-1,-1,-1
1120,771,256.93,133.32,43.78,88.05,1,-1,-1,-1
1121,771,256.64,131.50,44.39,89.24,1,-1,-1,-1
1121,774,351.41,270.81,52.76,100.48,1,-1,-1,-1
1122,771,256.60,129.53,44.54,89.68,1,-1,-1,-1
1125,789,258.18,403.00,56.62,117.20,1,-1,-1,-1
1126,790,1125.01,589.80,46.99,125.00,1,-1,-1,-1
1127,790,1124.46,589.95,47.54,126.54,1,-1,-1,-1
1127,771,258.54,124.90,45.36,91.79,1,-1,-1,-1
1127,789,258.46,400.30,56.52,117.02,1,-1,-1,-1
1128,790,1124.88,590.01,47.12,125.51,1,-1,-1,-1
1129,790,1125.05,590.02,46.95,125.14,1,-1,-1,-1
1130,790,1124.37,589.29,47.63,127.19,1,-1,-1,-1
1131,774,358.58,259.99,52.42,100.01,1,-1,-1,-1
1132,774,359.30,258.27,51.91,99.30,1,-1,-1,-1
1132,790,1124.50,589.08,47.50,127.11,1,-1,-1,-1
1138,791,838.21,404.20,47.99,112.00,1,-1,-1,-1
1139,791,838.04,404.05,48.01,112.00,1,-1,-1,-1
1139,790,1124.63,587.14,47.37,127.96,1,-1,-1,-1
1140,791,837.21,403.22,48.01,112.00,1,-1,-1,-1
1140,790,1124.66,587.00,47.34,128.71,1,-1,-1,-1
1140,771,264.62,110.07,44.40,90.04,1,-1,-1,-1
1140,774,367.80,249.93,53.00,101.88,1,-1,-1,-1
1141,791,834.57,401.46,48.89,114.25,1,-1,-1,-1
1141,790,1125.04,586.95,46.96,128.29,1,-1,-1,-1
1141,774,369.57,249.62,52.36,100.66,1,-1,-1,-1
1142,790,1125.29,586.94,46.71,128.13,1,-1,-1,-1
1142,774,370.04,248.19,52.94,102.24,1,-1,-1,-1
1143,774,371.07,247.04,52.93,102.16,1,-1,-1,-1
1144,774,371.27,245.98,53.07,102.78,1,-1,-1,-1
1145,774,371.12,244.30,53.32,103.67,1,-1,-1,-1
1146,774,371.40,243.05,53.04,103.34,1,-1,-1,-1
1147,774,373.32,242.62,51.75,100.56,1,-1,-1,-1
1147,790,1126.42,587.88,45.58,124.36,1,-1,-1,-1
1148,774,373.78,242.51,51.49,100.16,1,-1,-1,-1
1148,790,1126.36,588.68,45.64,124.00,1,-1,-1,-1
1149,774,373.93,242.51,52.05,101.34,1,-1,-1,-1
1149,790,1126.24,588.94,45.76,123.88,1,-1,-1,-1
1150,774,375.39,241.88,51.49,99.81,1,-1,-1,-1
1150,790,1126.20,589.70,45.80,123.19,1,-1,-1,-1
1150,794,500.41,264.00,44.99,106.60,1,-1,-1,-1
1151,774,375.91,241.68,51.29,99.22,1,-1,-1,-1
1151,790,1126.15,589.97,45.85,122.94,1,-1,-1,-1
1151,794,499.20,263.22,45.12,106.91,1,-1,-1,-1
1152,774,376.42,240.97,50.87,98.34,1,-1,-1,-1
1152,790,1126.06,589.40,45.94,122.86,1,-1,-1,-1
1153,774,376.56,239.40,50.73,98.02,1,-1,-1,-1
1153,790,1125.75,589.18,46.25,123.51,1,-1,-1,-1
1154,774,377.14,238.85,50.81,97.91,1,-1,-1,-1
1155,774,377.24,237.35,51.59,99.21,1,-1,-1,-1
1156,774,377.39,235.49,51.75,99.70,1,-1,-1,-1
1157,774,377.85,233.51,52.05,100.55,1,-1,-1,-1
1158,774,378.92,232.14,51.90,100.22,1,-1,-1,-1
1159,774,379.86,231.66,51.95,100.08,1,-1,-1,-1
1160,774,381.16,230.86,52.32,100.69,1,-1,-1,-1
1161,774,381.59,229.94,52.49,100.92,1,-1,-1,-1
1162,774,381.80,228.97,52.48,101.01,1,-1,-1,-1
1162,790,1125.16,589.94,46.84,123.97,1,-1,-1,-1
1163,774,382.54,227.98,52.45,101.03,1,-1,-1,-1
1163,790,1124.77,589.98,47.23,124.70,1,-1,-1,-1
1164,774,383.77,227.65,52.12,100.38,1,-1,-1,-1
1164,790,1124.59,590.00,47.41,124.94,1,-1,-1,-1
1165,774,384.30,228.22,51.90,100.13,1,-1,-1,-1
1165,790,1124.89,590.00,47.11,123.70,1,-1,-1,-1
1166,774,385.18,227.81,51.78,100.04,1,-1,-1,-1
1166,790,1124.93,590.00,47.07,123.23,1,-1,-1,-1
1167,774,385.35,227.03,51.20,99.34,1,-1,-1,-1
1167,790,1124.57,589.34,47.43,124.38,1,-1,-1,-1
1168,774,386.71,226.10,51.65,100.41,1,-1,-1,-1
1168,790,1124.48,589.75,47.52,124.81,1,-1,-1,-1
1168,796,1018.95,761.40,62.85,117.60,1,-1,-1,-1
1169,774,387.06,224.46,51.96,101.47,1,-1,-1,-1
1169,790,1124.70,589.91,47.30,124.31,1,-1,-1,-1
1169,796,1017.77,760.33,63.42,118.67,1,-1,-1,-1
1170,790,1124.79,590.63,47.21,124.12,1,-1,-1,-1
1170,796,1015.50,759.19,63.94,119.81,1,-1,-1,-1
1171,790,1124.62,590.24,47.38,124.71,1,-1,-1,-1
1172,790,1124.38,590.09,47.62,125.59,1,-1,-1,-1
1172,774,388.22,221.18,51.96,101.94,1,-1,-1,-1
1174,796,1007.03,754.25,66.14,124.75,1,-1,-1,-1
1175,796,1005.67,751.77,66.99,127.23,1,-1,-1,-1
1175,790,1124.33,589.23,47.67,125.96,1,-1,-1,-1
1175,774,389.89,218.97,52.11,102.85,1,-1,-1,-1
1176,790,1124.82,589.77,47.18,124.63,1,-1,-1,-1
1176,774,391.80,218.75,51.75,102.30,1,-1,-1,-1
1177,790,1124.99,589.29,47.01,124.17,1,-1,-1,-1
1178,790,1124.94,589.78,47.06,124.67,1,-1,-1,-1
1179,796,998.16,746.50,68.03,130.71,1,-1,-1,-1
1179,774,393.92,217.79,50.33,99.51,1,-1,-1,-1
1180,796,997.23,743.96,68.40,133.05,1,-1,-1,-1
1180,790,1124.73,589.97,47.27,125.69,1,-1,-1,-1
1181,790,1124.89,590.00,47.11,125.26,1,-1,-1,-1
1181,774,394.66,215.28,49.62,98.25,1,-1,-1,-1
1182,774,396.02,214.10,48.89,96.69,1,-1,-1,-1
1184,790,1124.55,590.03,47.45,126.74,1,-1,-1,-1
1184,774,397.31,212.75,49.44,97.66,1,-1,-1,-1
1185,790,1124.65,590.03,47.35,126.96,1,-1,-1,-1
1185,774,398.03,211.87,49.75,97.93,1,-1,-1,-1
1186,790,1124.77,590.03,47.23,127.04,1,-1,-1,-1
1186,774,398.04,211.57,49.43,97.37,1,-1,-1,-1
1187,790,1124.90,590.03,47.10,127.06,1,-1,-1,-1
1187,774,398.60,210.85,49.40,97.15,1,-1,-1,-1
1188,774,398.74,210.61,49.43,97.06,1,-1,-1,-1
1192,790,1125.35,590.07,46.65,126.11,1,-1,-1,-1
1193,790,1125.47,590.06,46.53,126.00,1,-1,-1,-1
1195,790,1125.78,590.03,46.22,125.20,1,-1,-1,-1
1197,790,1125.75,589.99,46.25,125.81,1,-1,-1,-1
1198,790,1125.45,589.97,46.55,127.32,1,-1,-1,-1
1199,790,1125.55,589.30,46.45,127.18,1,-1,-1,-1
1200,790,1125.21,589.06,46.79,128.45,1,-1,-1,-1
1203,790,1125.41,589.88,46.59,128.12,1,-1,-1,-1
1206,790,1124.22,589.21,47.78,132.26,1,-1,-1,-1
1207,790,1124.05,589.08,47.95,133.57,1,-1,-1,-1
1208,790,1123.95,589.04,48.05,134.68,1,-1,-1,-1
1209,790,1123.66,589.67,48.34,136.40,1,-1,-1,-1
1210,790,1123.81,589.92,48.19,136.37,1,-1,-1,-1
1211,790,1123.85,589.35,48.15,136.99,1,-1,-1,-1
1212,790,1124.09,589.13,47.91,136.55,1,-1,-1,-1
1213,790,1124.14,589.70,47.86,137.02,1,-1,-1,-1
1214,790,1124.27,589.92,47.73,137.18,1,-1,-1,-1
1215,790,1123.94,589.34,48.06,138.53,1,-1,-1,-1
1217,790,1124.13,589.98,47.87,138.24,1,-1,-1,-1
1219,790,1124.41,588.65,47.59,138.03,1,-1,-1,-1
1226,790,1124.12,589.07,47.88,139.89,1,-1,-1,-1
1228,790,1124.81,589.89,47.19,138.43,1,-1,-1,-1
1229,790,1125.25,590.07,46.75,137.41,1,-1,-1,-1
1250,790,1125.54,589.02,46.46,136.01,1,-1,-1,-1
1251,790,1125.23,589.68,46.77,135.99,1,-1,-1,-1
1262,798,1054.73,528.40,50.67,120.20,1,-1,-1,-1
1263,798,1053.57,528.09,49.98,118.50,1,-1,-1,-1
1264,798,1052.37,526.42,49.77,117.94,1,-1,-1,-1
1268,790,1124.46,585.04,47.54,139.96,1,-1,-1,-1
1274,790,1124.37,584.04,47.63,141.88,1,-1,-1,-1
1316,804,323.79,750.60,65.21,128.40,1,-1,-1,-1
1318,804,321.75,746.47,66.36,130.73,1,-1,-1,-1
1319,804,318.54,744.26,67.91,134.14,1,-1,-1,-1
1320,804,316.95,741.47,68.97,136.62,1,-1,-1,-1
1321,804,315.97,739.17,69.81,138.81,1,-1,-1,-1
1322,804,315.13,737.06,70.63,140.89,1,-1,-1,-1
1323,804,314.79,735.01,70.98,142.26,1,-1,-1,-1
1324,804,314.34,733.67,70.78,142.69,1,-1,-1,-1
1329,806,11.44,317.60,53.36,115.80,1,-1,-1,-1
1330,806,11.53,315.60,53.43,115.95,1,-1,-1,-1
1331,806,11.97,313.37,53.81,116.78,1,-1,-1,-1
1332,806,12.45,311.98,54.33,117.78,1,-1,-1,-1
1333,806,13.31,310.88,54.50,118.10,1,-1,-1,-1
1334,806,14.53,309.86,54.32,117.47,1,-1,-1,-1
1335,806,14.92,308.87,54.26,117.23,1,-1,-1,-1
1336,806,15.69,307.89,54.27,117.13,1,-1,-1,-1
1344,807,673.71,763.20,73.49,115.80,1,-1,-1,-1
1345,807,670.05,759.97,75.46,119.03,1,-1,-1,-1
1346,807,667.69,758.11,76.48,120.89,1,-1,-1,-1
1347,807,664.86,756.12,77.44,122.88,1,-1,-1,-1
1348,807,662.65,754.11,78.36,124.89,1,-1,-1,-1
1349,807,660.16,752.09,79.07,126.91,1,-1,-1,-1
1354,806,42.93,283.05,51.96,111.05,1,-1,-1,-1
1408,813,527.30,295.40,49.70,111.60,1,-1,-1,-1
1409,813,527.51,295.09,49.49,111.14,1,-1,-1,-1
1410,813,527.92,294.21,49.08,110.21,1,-1,-1,-1
1411,815,1127.00,558.20,45.00,134.00,1,-1,-1,-1
1412,815,1126.73,558.05,45.27,134.77,1,-1,-1,-1
1414,815,1126.62,558.03,45.38,135.01,1,-1,-1,-1
1423,813,527.59,273.07,50.40,112.98,1,-1,-1,-1
1437,816,810.99,332.20,55.01,113.00,1,-1,-1,-1
1438,816,811.36,332.05,54.64,112.23,1,-1,-1,-1
1440,815,1126.45,558.01,45.55,136.00,1,-1,-1,-1
1440,816,808.46,330.16,55.76,114.67,1,-1,-1,-1
1447,816,811.25,322.22,53.62,110.16,1,-1,-1,-1
1449,816,811.74,318.41,53.21,109.11,1,-1,-1,-1
1451,816,811.94,315.86,53.03,108.22,1,-1,-1,-1
1454,816,810.70,313.59,53.42,108.87,1,-1,-1,-1
1470,815,1126.55,558.00,45.45,137.99,1,-1,-1,-1
1471,820,123.00,774.00,60.00,105.00,1,-1,-1,-1
1471,815,1126.52,556.62,45.48,138.71,1,-1,-1,-1
1472,820,122.25,774.00,59.98,105.00,1,-1,-1,-1
1472,815,1126.63,557.49,45.37,139.62,1,-1,-1,-1
1473,820,122.74,774.00,60.01,105.00,1,-1,-1,-1
1473,815,1126.95,557.16,45.05,139.28,1,-1,-1,-1
1474,820,122.92,774.00,60.01,105.00,1,-1,-1,-1
1474,815,1126.83,556.37,45.17,139.82,1,-1,-1,-1
1476,820,123.00,774.00,60.01,105.00,1,-1,-1,-1
1481,820,123.49,774.94,59.53,104.06,1,-1,-1,-1
1486,820,122.41,775.00,59.68,104.00,1,-1,-1,-1
1490,820,121.79,775.89,59.30,103.11,1,-1,-1,-1
1492,820,121.61,776.00,59.34,103.00,1,-1,-1,-1
1493,820,121.83,776.68,59.11,102.32,1,-1,-1,-1
1496,820,121.98,776.96,58.96,102.04,1,-1,-1,-1
1497,820,121.88,776.99,59.08,102.01,1,-1,-1,-1
1498,820,121.46,776.34,59.50,102.66,1,-1,-1,-1
1499,820,121.29,776.10,59.67,102.90,1,-1,-1,-1
1500,820,120.87,776.67,59.44,102.33,1,-1,-1,-1
1501,820,120.69,775.56,60.04,103.44,1,-1,-1,-1
1502,820,120.65,775.15,60.24,103.85,1,-1,-1,-1
1503,820,121.64,775.66,59.97,103.34,1,-1,-1,-1
1504,820,121.34,775.86,59.88,103.14,1,-1,-1,-1
1507,820,121.50,775.12,60.38,103.88,1,-1,-1,-1
1509,820,120.44,774.22,60.78,104.78,1,-1,-1,-1
1510,820,120.29,774.04,60.77,104.96,1,-1,-1,-1
1513,820,120.31,772.30,61.54,106.70,1,-1,-1,-1
1518,820,121.48,772.01,61.45,106.99,1,-1,-1,-1
1519,820,120.90,771.31,61.43,107.69,1,-1,-1,-1
1521,820,121.52,771.05,61.36,107.95,1,-1,-1,-1
1570,822,7.41,315.40,51.39,103.80,1,-1,-1,-1
1571,822,8.27,312.02,52.22,105.49,1,-1,-1,-1
1572,822,8.57,310.10,52.49,106.06,1,-1,-1,-1
1574,822,11.30,307.92,52.49,106.10,1,-1,-1,-1
1575,822,11.87,307.73,52.35,105.99,1,-1,-1,-1
1632,825,78.60,229.40,50.00,100.00,1,-1,-1,-1
1658,825,102.19,201.02,49.79,100.00,1,-1,-1,-1
1662,826,134.55,751.60,57.65,127.20,1,-1,-1,-1
1663,826,133.75,750.36,58.29,128.59,1,-1,-1,-1
1665,826,133.52,749.98,58.47,129.03,1,-1,-1,-1
1666,826,133.60,750.02,58.39,128.99,1,-1,-1,-1
1667,826,133.38,749.33,58.61,129.69,1,-1,-1,-1
1668,826,132.68,749.08,58.62,129.93,1,-1,-1,-1
1669,826,133.12,748.99,58.61,130.02,1,-1,-1,-1
1670,826,133.31,748.97,58.58,130.04,1,-1,-1,-1
1671,826,133.42,748.96,58.54,130.05,1,-1,-1,-1
1672,826,133.75,749.63,58.23,129.38,1,-1,-1,-1
1673,826,133.29,749.89,58.03,129.12,1,-1,-1,-1
1674,826,134.10,750.65,57.65,128.36,1,-1,-1,-1
1676,826,134.66,750.96,57.28,128.05,1,-1,-1,-1
1677,826,135.78,751.67,56.88,127.33,1,-1,-1,-1
1678,826,136.31,751.93,56.60,127.08,1,-1,-1,-1
1693,826,139.08,752.99,55.91,126.01,1,-1,-1,-1
1696,826,141.44,754.71,55.32,124.29,1,-1,-1,-1
1697,826,141.67,754.96,55.34,124.04,1,-1,-1,-1
1698,826,141.40,755.71,55.03,123.29,1,-1,-1,-1
1699,826,142.47,755.99,55.06,123.02,1,-1,-1,-1
1704,826,141.97,756.02,55.19,122.98,1,-1,-1,-1
1837,827,751.72,745.40,75.88,133.60,1,-1,-1,-1
1838,827,749.83,742.79,77.31,136.21,1,-1,-1,-1
1839,827,747.64,740.37,78.57,138.63,1,-1,-1,-1
1840,827,745.49,738.18,79.70,140.82,1,-1,-1,-1
1841,827,743.41,734.67,80.75,142.90,1,-1,-1,-1
1843,827,742.03,731.20,81.73,144.96,1,-1,-1,-1
1844,827,742.48,730.22,81.28,144.30,1,-1,-1,-1
1845,827,743.11,729.89,80.66,143.39,1,-1,-1,-1
1846,827,742.68,728.44,80.44,143.07,1,-1,-1,-1
1847,827,740.11,727.26,81.45,145.63,1,-1,-1,-1
1848,827,740.00,727.51,80.99,145.26,1,-1,-1,-1
1849,827,740.05,726.30,80.75,145.12,1,-1,-1,-1
1851,827,739.77,723.44,80.17,144.25,1,-1,-1,-1
1852,827,739.02,720.85,79.44,143.37,1,-1,-1,-1
1853,827,738.79,718.62,79.15,143.06,1,-1,-1,-1
1854,827,737.84,715.83,79.94,144.94,1,-1,-1,-1
1855,827,734.98,713.51,80.12,146.31,1,-1,-1,-1
1856,827,732.79,710.05,81.31,149.46,1,-1,-1,-1
1856,828,1087.16,749.40,68.84,129.60,1,-1,-1,-1
1857,827,730.76,707.48,81.68,151.30,1,-1,-1,-1
1858,827,730.22,706.56,80.96,150.67,1,-1,-1,-1
1859,827,729.00,705.62,81.09,151.72,1,-1,-1,-1
1860,827,728.06,704.67,80.98,152.10,1,-1,-1,-1
1861,827,726.64,703.71,80.07,150.91,1,-1,-1,-1
1862,827,725.89,702.08,79.97,151.09,1,-1,-1,-1
1863,827,725.05,700.20,79.22,149.83,1,-1,-1,-1
1864,827,724.36,698.89,78.68,148.68,1,-1,-1,-1
1865,827,722.88,697.13,78.42,148.24,1,-1,-1,-1
1866,827,722.10,695.20,78.59,148.07,1,-1,-1,-1
1867,827,720.19,692.55,78.99,148.67,1,-1,-1,-1
1868,827,718.15,690.95,79.19,148.90,1,-1,-1,-1
1869,827,716.72,689.75,79.31,148.98,1,-1,-1,-1
1870,827,715.36,688.70,78.90,148.35,1,-1,-1,-1
1871,827,713.80,686.38,78.51,148.11,1,-1,-1,-1
1872,827,712.44,685.57,78.53,148.69,1,-1,-1,-1
1873,827,712.33,685.33,78.19,148.24,1,-1,-1,-1
1877,827,709.23,677.30,77.59,148.02,1,-1,-1,-1
1878,827,709.10,674.51,76.80,146.63,1,-1,-1,-1
1879,827,709.45,672.25,76.14,144.82,1,-1,-1,-1
1880,827,708.37,670.81,75.82,144.16,1,-1,-1,-1
1886,827,702.30,660.81,76.61,144.92,1,-1,-1,-1
1894,827,688.42,642.18,78.76,149.78,1,-1,-1,-1
1895,827,688.94,640.70,79.08,150.05,1,-1,-1,-1
1896,827,689.01,638.21,79.29,149.48,1,-1,-1,-1
1897,827,689.95,636.69,79.16,147.93,1,-1,-1,-1
1898,827,689.23,635.54,79.55,148.00,1,-1,-1,-1
1899,827,688.00,635.18,80.03,148.68,1,-1,-1,-1
1900,827,687.03,634.46,80.08,148.28,1,-1,-1,-1
1901,827,686.86,633.59,79.93,147.46,1,-1,-1,-1
1902,827,686.88,632.01,79.82,146.48,1,-1,-1,-1
1903,827,685.79,630.15,79.58,145.46,1,-1,-1,-1
1904,827,684.48,628.85,78.42,143.08,1,-1,-1,-1
1910,827,675.64,617.94,78.60,143.91,1,-1,-1,-1
1911,827,674.15,615.30,78.17,144.01,1,-1,-1,-1
1912,827,673.39,614.42,77.63,143.38,1,-1,-1,-1
1913,827,673.31,612.83,77.28,142.48,1,-1,-1,-1
1914,827,672.05,612.31,77.09,142.14,1,-1,-1,-1
1915,827,670.82,611.52,76.50,141.35,1,-1,-1,-1
1916,827,668.89,609.97,75.79,140.39,1,-1,-1,-1
1917,827,666.38,608.12,76.04,141.37,1,-1,-1,-1
1918,827,664.71,606.83,75.60,141.08,1,-1,-1,-1
1919,827,662.36,605.08,75.88,142.30,1,-1,-1,-1
1920,827,661.26,603.82,75.61,142.11,1,-1,-1,-1
1921,827,660.93,602.74,74.81,140.71,1,-1,-1,-1
1922,827,660.50,601.07,74.89,140.85,1,-1,-1,-1
1923,827,660.09,599.84,75.22,141.56,1,-1,-1,-1
1924,827,659.55,599.44,75.12,141.18,1,-1,-1,-1
1925,827,659.80,598.02,75.34,141.70,1,-1,-1,-1
1926,827,659.90,598.20,74.80,140.57,1,-1,-1,-1
1935,827,654.04,585.05,74.85,140.98,1,-1,-1,-1
1938,827,651.18,581.83,76.62,143.56,1,-1,-1,-1
1939,827,650.88,581.53,76.85,143.26,1,-1,-1,-1
1940,827,649.71,581.44,76.68,142.49,1,-1,-1,-1
1949,829,591.27,742.80,60.73,131.60,1,-1,-1,-1
1950,829,590.80,741.42,61.20,132.67,1,-1,-1,-1
1954,829,589.12,741.93,61.92,133.97,1,-1,-1,-1
1955,829,588.23,741.30,62.01,134.03,1,-1,-1,-1
1956,829,586.88,741.79,61.74,133.37,1,-1,-1,-1
1977,829,579.03,744.00,61.95,132.01,1,-1,-1,-1
1978,829,578.38,744.73,62.51,131.98,1,-1,-1,-1
1979,829,577.67,745.63,62.51,131.31,1,-1,-1,-1
1980,829,577.03,746.63,62.24,130.39,1,-1,-1,-1
1995,829,573.91,747.02,62.04,130.00,1,-1,-1,-1
2003,829,575.09,744.14,62.74,130.00,1,-1,-1,-1
2004,829,574.28,743.97,62.99,130.00,1,-1,-1,-1
2015,831,-1.56,718.20,54.96,133.40,1,-1,-1,-1
2016,831,-2.43,714.22,54.76,133.09,1,-1,-1,-1
2028,831,12.53,682.05,56.34,133.00,1,-1,-1,-1
2101,834,189.91,647.00,55.29,125.40,1,-1,-1,-1
2102,834,190.65,646.23,55.17,125.09,1,-1,-1,-1
2103,834,189.70,645.97,54.76,124.21,1,-1,-1,-1
2104,834,189.05,645.91,54.98,124.70,1,-1,-1,-1
