5,3,595.90,268.93,52.98,113.76,1,-1,-1,-1
15,9,802.91,753.47,72.37,125.37,1,-1,-1,-1
16,9,802.78,751.43,70.51,127.36,1,-1,-1,-1
17,9,802.01,747.73,69.11,131.11,1,-1,-1,-1
18,9,801.07,745.03,68.00,133.75,1,-1,-1,-1
19,9,799.24,741.34,66.97,137.37,1,-1,-1,-1
20,9,798.87,740.99,66.69,137.91,1,-1,-1,-1
21,9,796.51,740.41,66.62,138.62,1,-1,-1,-1
22,9,794.35,739.47,66.64,139.49,1,-1,-1,-1
23,9,791.59,737.87,66.67,141.06,1,-1,-1,-1
24,9,789.42,736.17,66.72,142.94,1,-1,-1,-1
25,9,785.85,733.61,67.42,144.87,1,-1,-1,-1
26,9,783.97,731.37,67.04,145.57,1,-1,-1,-1
27,9,782.75,730.37,64.90,144.41,1,-1,-1,-1
28,9,780.42,728.09,64.13,144.58,1,-1,-1,-1
29,9,777.57,725.25,65.19,144.58,1,-1,-1,-1
30,9,774.60,723.04,66.94,145.87,1,-1,-1,-1
31,11,1107.68,567.97,61.77,118.17,1,-1,-1,-1
32,11,1106.86,569.49,61.91,116.47,1,-1,-1,-1
33,11,1105.86,569.98,61.98,115.91,1,-1,-1,-1
34,11,1105.85,569.27,62.00,115.80,1,-1,-1,-1
35,11,1105.00,569.91,62.00,115.79,1,-1,-1,-1
35,9,766.80,715.32,66.92,147.84,1,-1,-1,-1
36,11,1104.79,570.11,62.72,117.25,1,-1,-1,-1
36,9,765.69,714.21,66.96,147.96,1,-1,-1,-1
37,11,1104.00,569.97,62.95,118.44,1,-1,-1,-1
37,9,764.01,710.94,67.61,150.61,1,-1,-1,-1
37,3,576.00,250.01,51.00,107.00,1,-1,-1,-1
38,3,575.99,248.34,50.98,108.35,1,-1,-1,-1
39,11,1103.93,570.03,63.00,118.91,1,-1,-1,-1
40,11,1103.88,570.21,62.96,118.96,1,-1,-1,-1
41,11,1102.45,570.04,63.62,118.95,1,-1,-1,-1
43,3,574.94,243.96,51.88,107.06,1,-1,-1,-1
43,11,1102.06,569.97,63.10,119.74,1,-1,-1,-1
44,11,1102.02,570.02,63.66,119.24,1,-1,-1,-1
45,9,753.96,689.61,60.30,153.81,1,-1,-1,-1
45,3,574.94,242.83,51.96,107.75,1,-1,-1,-1
46,9,752.22,687.28,60.62,154.67,1,-1,-1,-1
52,9,740.15,672.32,62.76,149.35,1,-1,-1,-1
53,9,738.72,669.26,62.29,148.92,1,-1,-1,-1
66,3,573.04,221.04,48.01,103.02,1,-1,-1,-1
68,3,572.20,218.29,49.54,103.74,1,-1,-1,-1
69,9,722.92,630.02,56.05,145.02,1,-1,-1,-1
71,3,571.21,215.72,49.06,101.37,1,-1,-1,-1
73,3,571.11,213.90,50.55,104.19,1,-1,-1,-1
74,3,570.97,212.25,50.87,106.17,1,-1,-1,-1
77,9,706.39,613.78,58.83,140.16,1,-1,-1,-1
78,9,702.84,610.55,59.68,139.93,1,-1,-1,-1
79,9,702.26,608.12,59.32,140.51,1,-1,-1,-1
81,3,571.09,201.35,49.07,105.07,1,-1,-1,-1
92,9,688.94,581.92,54.07,139.98,1,-1,-1,-1
92,3,572.02,191.92,49.94,104.98,1,-1,-1,-1
95,3,571.23,189.93,51.66,104.12,1,-1,-1,-1
96,3,571.21,189.70,51.92,103.31,1,-1,-1,-1
98,9,681.07,571.88,54.88,139.03,1,-1,-1,-1
98,3,571.92,188.02,51.21,102.22,1,-1,-1,-1
99,9,679.89,569.98,54.29,139.66,1,-1,-1,-1
99,3,572.02,186.33,51.01,102.70,1,-1,-1,-1
100,3,572.06,185.81,50.95,103.54,1,-1,-1,-1
101,9,677.07,566.10,54.04,135.98,1,-1,-1,-1
102,9,675.94,564.84,53.97,135.17,1,-1,-1,-1
105,3,573.94,177.38,50.04,103.93,1,-1,-1,-1
126,3,577.02,155.97,52.96,101.01,1,-1,-1,-1
128,3,577.09,153.99,53.01,101.76,1,-1,-1,-1
130,3,577.10,151.28,52.17,100.36,1,-1,-1,-1
131,3,577.71,150.17,51.32,99.35,1,-1,-1,-1
140,20,14.70,790.31,78.57,88.39,1,-1,-1,-1
141,20,15.89,787.40,77.32,91.13,1,-1,-1,-1
142,20,18.44,784.97,74.56,93.62,1,-1,-1,-1
143,20,20.72,782.32,72.24,96.54,1,-1,-1,-1
147,23,900.88,642.08,70.37,143.58,1,-1,-1,-1
152,23,897.05,634.11,69.99,140.06,1,-1,-1,-1
153,3,577.03,134.95,50.99,98.00,1,-1,-1,-1
154,3,576.95,134.81,50.32,97.99,1,-1,-1,-1
154,23,895.10,632.67,71.61,141.55,1,-1,-1,-1
155,3,577.74,134.09,49.41,97.30,1,-1,-1,-1
155,23,895.54,630.92,70.54,142.61,1,-1,-1,-1
156,3,577.95,133.17,49.08,97.06,1,-1,-1,-1
156,9,407.14,700.83,55.99,142.99,1,-1,-1,-1
157,3,577.97,131.56,49.63,97.64,1,-1,-1,-1
157,23,896.46,629.60,68.48,142.97,1,-1,-1,-1
158,23,896.11,628.87,68.72,142.96,1,-1,-1,-1
159,23,895.31,628.63,69.48,142.27,1,-1,-1,-1
159,3,578.86,130.84,49.09,97.89,1,-1,-1,-1
160,23,895.00,627.93,68.44,142.71,1,-1,-1,-1
161,23,893.56,626.30,69.39,142.86,1,-1,-1,-1
162,23,893.14,625.75,69.76,141.61,1,-1,-1,-1
163,23,892.25,623.53,71.22,141.13,1,-1,-1,-1
164,23,890.69,620.17,72.44,140.32,1,-1,-1,-1
165,23,888.68,617.61,73.53,140.67,1,-1,-1,-1
165,3,578.14,126.99,48.97,97.96,1,-1,-1,-1
166,23,886.65,616.83,75.23,140.82,1,-1,-1,-1
166,3,578.09,126.17,48.27,97.99,1,-1,-1,-1
167,23,885.12,615.85,75.23,140.87,1,-1,-1,-1
167,3,577.26,125.25,48.04,98.64,1,-1,-1,-1
167,24,492.14,780.82,68.97,97.98,1,-1,-1,-1
167,20,60.92,749.11,72.99,129.89,1,-1,-1,-1
168,3,577.04,123.54,47.97,98.91,1,-1,-1,-1
170,3,577.76,121.94,47.94,98.98,1,-1,-1,-1
171,3,577.99,121.00,48.63,98.29,1,-1,-1,-1
171,23,880.37,611.76,78.54,140.05,1,-1,-1,-1
173,24,486.09,763.18,66.03,115.72,1,-1,-1,-1
173,3,578.01,120.61,48.90,97.24,1,-1,-1,-1
174,3,578.04,119.92,48.95,96.35,1,-1,-1,-1
175,24,485.70,755.40,65.08,123.56,1,-1,-1,-1
176,24,484.95,752.25,65.67,126.69,1,-1,-1,-1
176,23,873.54,605.90,79.83,139.04,1,-1,-1,-1
177,24,483.41,748.47,67.22,130.44,1,-1,-1,-1
177,3,578.97,117.94,48.11,97.69,1,-1,-1,-1
178,24,482.83,747.06,67.79,131.83,1,-1,-1,-1
178,3,579.03,116.32,47.99,97.93,1,-1,-1,-1
180,24,481.79,742.07,68.74,136.06,1,-1,-1,-1
181,24,479.69,739.23,69.58,138.72,1,-1,-1,-1
182,24,477.59,737.00,70.53,141.02,1,-1,-1,-1
183,24,477.57,734.87,69.59,142.51,1,-1,-1,-1
184,24,477.68,731.29,67.89,143.71,1,-1,-1,-1
185,24,477.06,725.44,67.25,146.76,1,-1,-1,-1
186,24,476.16,722.64,66.36,148.56,1,-1,-1,-1
187,24,475.19,719.07,66.69,149.85,1,-1,-1,-1
188,24,474.15,715.92,65.51,150.99,1,-1,-1,-1
189,24,473.04,713.38,65.73,150.07,1,-1,-1,-1
194,24,467.13,700.61,64.99,148.23,1,-1,-1,-1
196,27,998.29,793.65,78.78,85.19,1,-1,-1,-1
196,24,463.37,692.27,64.94,147.95,1,-1,-1,-1
197,24,463.39,688.63,64.94,147.95,1,-1,-1,-1
198,24,462.75,686.10,66.27,147.96,1,-1,-1,-1
199,24,462.54,685.30,64.81,146.65,1,-1,-1,-1
200,24,462.59,683.80,65.57,146.81,1,-1,-1,-1
201,24,461.83,681.89,65.84,147.55,1,-1,-1,-1
202,24,461.01,680.01,66.62,147.17,1,-1,-1,-1
203,24,460.10,678.01,66.90,147.67,1,-1,-1,-1
204,24,460.36,674.81,67.00,149.21,1,-1,-1,-1
205,27,985.06,767.16,76.01,111.79,1,-1,-1,-1
206,27,983.22,764.70,76.64,114.19,1,-1,-1,-1
207,27,981.93,761.28,76.14,117.59,1,-1,-1,-1
207,9,317.88,346.39,61.99,112.02,1,-1,-1,-1
207,24,455.55,663.89,66.13,145.63,1,-1,-1,-1
208,27,980.22,757.53,75.97,121.40,1,-1,-1,-1
208,24,454.28,659.80,66.67,146.44,1,-1,-1,-1
209,27,978.20,754.95,76.58,124.08,1,-1,-1,-1
209,24,454.45,657.82,65.52,147.36,1,-1,-1,-1
210,27,976.97,753.39,77.48,125.69,1,-1,-1,-1
210,24,454.65,655.86,65.10,147.06,1,-1,-1,-1
211,27,975.80,751.48,77.82,127.49,1,-1,-1,-1
211,24,453.35,654.45,64.28,146.29,1,-1,-1,-1
212,27,976.16,750.24,77.30,128.76,1,-1,-1,-1
212,24,452.92,652.76,64.00,146.67,1,-1,-1,-1
213,27,974.91,748.57,77.74,129.78,1,-1,-1,-1
213,24,452.12,652.20,63.89,145.48,1,-1,-1,-1
214,27,975.32,747.36,76.60,131.41,1,-1,-1,-1
214,24,451.22,650.73,63.87,144.41,1,-1,-1,-1
215,27,974.79,745.57,76.16,132.60,1,-1,-1,-1
215,24,450.23,648.18,64.53,144.01,1,-1,-1,-1
216,27,973.97,743.84,76.01,132.34,1,-1,-1,-1
216,24,449.84,645.45,64.13,144.55,1,-1,-1,-1
217,27,972.92,741.33,76.60,133.44,1,-1,-1,-1
217,24,449.01,641.89,64.64,145.40,1,-1,-1,-1
218,27,972.55,739.21,76.84,135.12,1,-1,-1,-1
218,24,448.63,638.68,64.18,145.10,1,-1,-1,-1
219,27,970.52,735.67,77.59,137.63,1,-1,-1,-1
219,24,448.64,635.43,64.67,144.97,1,-1,-1,-1
219,23,814.05,332.32,52.03,121.02,1,-1,-1,-1
220,9,288.44,112.26,46.27,98.14,1,-1,-1,-1
221,9,287.70,106.75,45.82,98.50,1,-1,-1,-1
222,9,287.40,103.72,45.65,98.59,1,-1,-1,-1
222,24,448.68,630.48,64.05,143.24,1,-1,-1,-1
223,24,449.52,629.50,63.28,142.30,1,-1,-1,-1
224,24,450.45,627.81,63.03,142.67,1,-1,-1,-1
225,24,451.52,625.17,62.93,143.46,1,-1,-1,-1
225,20,287.93,109.48,46.01,99.02,1,-1,-1,-1
226,24,453.29,622.95,61.58,143.78,1,-1,-1,-1
226,20,289.79,105.77,45.90,98.08,1,-1,-1,-1
227,24,455.19,620.26,60.41,143.89,1,-1,-1,-1
227,20,290.36,103.86,45.84,97.10,1,-1,-1,-1
228,24,457.19,617.44,60.66,144.61,1,-1,-1,-1
229,24,459.25,615.15,59.43,144.86,1,-1,-1,-1
229,23,807.81,318.68,50.99,111.18,1,-1,-1,-1
230,24,460.00,612.27,59.67,145.63,1,-1,-1,-1
230,23,808.37,318.12,50.29,112.27,1,-1,-1,-1
231,24,460.32,610.52,59.77,144.58,1,-1,-1,-1
232,24,461.73,608.64,59.82,144.85,1,-1,-1,-1
232,33,854.78,534.05,59.98,137.17,1,-1,-1,-1
233,24,462.97,608.02,59.19,142.98,1,-1,-1,-1
233,33,854.97,534.61,59.20,137.01,1,-1,-1,-1
234,24,463.94,606.66,59.63,142.28,1,-1,-1,-1
234,33,854.98,533.39,58.95,136.98,1,-1,-1,-1
234,34,164.12,231.90,51.78,109.19,1,-1,-1,-1
235,24,464.22,605.64,60.45,141.34,1,-1,-1,-1
235,34,164.95,232.73,51.15,107.47,1,-1,-1,-1
236,24,464.25,604.03,61.41,142.35,1,-1,-1,-1
236,34,165.90,231.41,51.73,108.50,1,-1,-1,-1
236,33,853.14,531.32,58.05,135.24,1,-1,-1,-1
237,24,464.30,601.33,61.80,141.40,1,-1,-1,-1
237,34,166.92,230.17,51.19,108.84,1,-1,-1,-1
237,35,1.12,591.79,29.78,139.37,1,-1,-1,-1
237,33,852.10,529.35,57.23,135.65,1,-1,-1,-1
238,24,465.00,598.36,61.93,139.72,1,-1,-1,-1
238,34,168.02,228.32,49.55,109.69,1,-1,-1,-1
238,35,1.22,590.89,30.68,139.04,1,-1,-1,-1
238,33,851.82,528.02,58.36,133.71,1,-1,-1,-1
239,35,1.14,590.84,31.78,138.17,1,-1,-1,-1
239,33,852.39,527.68,58.10,133.03,1,-1,-1,-1
240,35,1.09,588.52,32.11,134.92,1,-1,-1,-1
241,35,1.14,586.35,32.90,133.88,1,-1,-1,-1
242,35,1.05,583.56,34.53,135.03,1,-1,-1,-1
242,34,169.13,222.26,48.98,109.96,1,-1,-1,-1
243,34,169.14,221.71,49.67,109.27,1,-1,-1,-1
244,34,169.88,221.52,49.90,109.72,1,-1,-1,-1
244,33,853.73,520.92,57.03,132.92,1,-1,-1,-1
245,33,853.18,519.88,56.26,132.28,1,-1,-1,-1
246,33,853.02,519.58,56.68,132.07,1,-1,-1,-1
247,33,852.91,518.14,57.50,132.66,1,-1,-1,-1
248,24,482.67,574.02,57.12,138.01,1,-1,-1,-1
249,24,484.07,572.55,57.63,136.57,1,-1,-1,-1
250,33,852.12,515.80,57.87,131.22,1,-1,-1,-1
253,33,852.02,511.15,57.07,130.95,1,-1,-1,-1
258,27,885.09,749.93,66.01,129.01,1,-1,-1,-1
259,27,883.62,748.73,66.62,130.33,1,-1,-1,-1
259,35,1.14,559.90,61.74,136.93,1,-1,-1,-1
260,27,881.78,746.98,68.18,132.10,1,-1,-1,-1
260,35,1.02,558.86,63.08,137.71,1,-1,-1,-1
261,27,878.49,745.59,71.45,132.74,1,-1,-1,-1
262,27,875.98,744.50,73.33,134.33,1,-1,-1,-1
263,27,873.06,742.20,74.67,135.58,1,-1,-1,-1
264,27,871.57,739.09,74.52,138.00,1,-1,-1,-1
264,35,2.60,555.88,64.86,136.15,1,-1,-1,-1
265,35,2.10,555.56,66.25,135.95,1,-1,-1,-1
267,39,611.80,753.73,65.97,124.96,1,-1,-1,-1
269,39,611.05,750.23,66.87,128.55,1,-1,-1,-1
270,39,610.18,748.96,67.78,129.93,1,-1,-1,-1
271,39,609.17,747.85,68.78,131.06,1,-1,-1,-1
272,39,609.58,745.50,68.41,133.48,1,-1,-1,-1
273,39,610.41,743.25,67.55,134.97,1,-1,-1,-1
274,39,609.24,739.95,67.90,137.50,1,-1,-1,-1
275,39,608.89,737.37,67.35,139.69,1,-1,-1,-1
276,39,608.89,733.11,67.14,143.11,1,-1,-1,-1
277,39,608.86,729.52,65.71,146.30,1,-1,-1,-1
279,39,608.07,725.38,65.08,148.03,1,-1,-1,-1
280,39,608.08,724.84,65.65,145.92,1,-1,-1,-1
283,39,605.48,718.77,68.43,148.41,1,-1,-1,-1
284,39,605.01,716.71,69.53,148.88,1,-1,-1,-1
284,23,838.96,153.01,51.99,102.00,1,-1,-1,-1
285,39,604.26,713.11,70.58,148.35,1,-1,-1,-1
286,39,604.64,708.47,69.67,149.48,1,-1,-1,-1
287,39,605.46,705.58,68.65,147.92,1,-1,-1,-1
288,39,605.81,701.89,67.60,147.33,1,-1,-1,-1
289,39,605.87,697.95,65.87,149.08,1,-1,-1,-1
290,39,604.61,696.04,65.89,149.74,1,-1,-1,-1
291,39,604.14,693.92,65.89,150.62,1,-1,-1,-1
292,39,603.29,691.21,66.57,150.97,1,-1,-1,-1
293,39,601.58,689.71,68.80,151.75,1,-1,-1,-1
294,39,600.99,688.70,68.98,151.38,1,-1,-1,-1
295,39,599.50,687.75,69.69,150.56,1,-1,-1,-1
296,39,599.07,685.83,70.63,149.57,1,-1,-1,-1
297,39,597.57,683.11,70.96,147.87,1,-1,-1,-1
298,39,598.32,680.92,69.12,147.25,1,-1,-1,-1
298,34,103.06,215.98,49.00,97.00,1,-1,-1,-1
299,39,597.89,676.93,69.06,148.33,1,-1,-1,-1
300,39,597.74,673.64,67.73,147.43,1,-1,-1,-1
301,39,597.75,669.75,67.21,149.07,1,-1,-1,-1
302,39,596.46,667.01,68.36,149.70,1,-1,-1,-1
303,24,523.02,467.99,57.00,127.00,1,-1,-1,-1
304,39,593.62,663.64,71.94,149.14,1,-1,-1,-1
305,39,592.36,661.78,72.71,149.65,1,-1,-1,-1
306,39,591.91,660.48,72.34,148.50,1,-1,-1,-1
307,24,525.05,460.99,56.06,126.95,1,-1,-1,-1
308,24,525.95,459.10,56.65,127.65,1,-1,-1,-1
309,24,526.24,457.73,56.84,127.20,1,-1,-1,-1
309,39,591.82,654.05,71.18,143.75,1,-1,-1,-1
310,24,527.66,456.63,56.25,127.06,1,-1,-1,-1
311,24,529.46,455.60,55.37,126.33,1,-1,-1,-1
311,40,267.27,784.10,61.97,94.58,1,-1,-1,-1
311,39,590.33,647.42,69.35,144.60,1,-1,-1,-1
312,39,590.06,644.84,69.70,145.54,1,-1,-1,-1
313,39,589.88,642.05,69.16,145.88,1,-1,-1,-1
313,24,530.24,450.50,56.58,125.22,1,-1,-1,-1
313,40,267.10,780.15,62.87,98.53,1,-1,-1,-1
314,39,589.08,640.58,68.98,147.34,1,-1,-1,-1
315,39,587.54,639.53,68.91,146.55,1,-1,-1,-1
315,35,6.07,221.29,48.01,101.03,1,-1,-1,-1
316,39,587.73,639.76,68.91,145.58,1,-1,-1,-1
316,27,987.85,759.97,59.01,119.01,1,-1,-1,-1
316,24,529.46,444.35,56.92,124.96,1,-1,-1,-1
317,39,587.14,637.11,68.90,145.86,1,-1,-1,-1
317,27,988.06,758.59,59.65,120.32,1,-1,-1,-1
317,24,529.33,442.73,57.63,126.32,1,-1,-1,-1
318,39,585.59,634.25,68.91,144.66,1,-1,-1,-1
319,39,584.23,632.20,68.24,144.87,1,-1,-1,-1
320,39,581.91,629.97,69.34,144.27,1,-1,-1,-1
321,39,581.71,628.55,68.42,143.39,1,-1,-1,-1
321,40,336.74,753.50,59.06,125.47,1,-1,-1,-1
322,39,581.65,626.80,68.73,142.41,1,-1,-1,-1
323,39,582.35,624.88,68.21,142.03,1,-1,-1,-1
323,40,339.58,747.90,58.89,131.00,1,-1,-1,-1
324,39,582.55,622.34,68.02,143.26,1,-1,-1,-1
324,40,338.77,747.30,58.93,131.72,1,-1,-1,-1
324,24,529.23,429.12,55.10,127.86,1,-1,-1,-1
325,39,582.09,619.32,68.61,145.66,1,-1,-1,-1
325,40,338.56,745.62,59.62,133.25,1,-1,-1,-1
325,44,271.90,760.12,61.17,118.57,1,-1,-1,-1
325,24,529.19,427.03,55.65,125.90,1,-1,-1,-1
326,39,582.02,617.61,68.19,145.30,1,-1,-1,-1
326,40,337.70,743.06,59.88,135.80,1,-1,-1,-1
326,24,529.95,424.96,54.49,125.27,1,-1,-1,-1
327,39,581.97,616.53,68.68,145.78,1,-1,-1,-1
327,40,337.21,740.93,59.97,138.04,1,-1,-1,-1
327,24,530.84,423.77,54.06,124.35,1,-1,-1,-1
328,39,580.52,615.53,69.53,144.00,1,-1,-1,-1
328,40,335.41,739.48,60.67,139.54,1,-1,-1,-1
328,24,531.03,422.69,53.92,124.69,1,-1,-1,-1
328,45,387.05,442.29,49.98,120.57,1,-1,-1,-1
329,39,579.25,614.62,69.85,140.68,1,-1,-1,-1
329,40,333.88,738.98,60.92,140.10,1,-1,-1,-1
329,24,531.03,421.74,54.54,125.49,1,-1,-1,-1
330,40,333.24,737.55,61.02,141.59,1,-1,-1,-1
330,24,531.03,420.80,54.78,124.48,1,-1,-1,-1
330,46,736.50,623.92,60.77,126.17,1,-1,-1,-1
331,40,333.67,736.20,60.38,142.77,1,-1,-1,-1
331,24,531.09,420.40,54.87,122.76,1,-1,-1,-1
331,46,735.25,620.72,61.67,128.31,1,-1,-1,-1
332,40,333.76,734.50,60.15,143.22,1,-1,-1,-1
332,24,531.12,419.66,54.93,122.81,1,-1,-1,-1
332,44,273.01,752.01,58.02,126.89,1,-1,-1,-1
332,45,385.08,441.94,51.92,120.97,1,-1,-1,-1
333,24,531.75,418.08,54.93,121.49,1,-1,-1,-1
333,34,11.08,221.99,46.00,96.00,1,-1,-1,-1
333,39,577.04,601.66,68.16,141.75,1,-1,-1,-1
334,24,531.97,416.23,55.61,121.03,1,-1,-1,-1
335,24,531.95,414.95,54.54,120.19,1,-1,-1,-1
336,24,532.00,411.85,54.80,120.58,1,-1,-1,-1
337,24,532.03,409.55,54.90,120.05,1,-1,-1,-1
337,44,271.98,742.67,59.79,134.39,1,-1,-1,-1
337,39,572.24,592.93,69.70,144.58,1,-1,-1,-1
338,24,532.01,407.98,54.28,119.90,1,-1,-1,-1
338,44,271.82,740.64,59.29,135.67,1,-1,-1,-1
338,39,571.76,592.29,69.23,144.93,1,-1,-1,-1
339,44,272.45,739.28,57.78,136.09,1,-1,-1,-1
339,39,570.91,590.79,69.72,145.02,1,-1,-1,-1
339,45,385.96,429.44,50.05,120.97,1,-1,-1,-1
339,34,11.88,223.94,45.01,94.09,1,-1,-1,-1
340,45,386.10,428.16,49.94,121.67,1,-1,-1,-1
340,46,719.12,609.05,62.98,130.97,1,-1,-1,-1
340,24,532.06,405.78,53.22,118.31,1,-1,-1,-1
341,45,386.10,426.96,49.22,122.55,1,-1,-1,-1
341,46,715.09,606.55,63.01,131.02,1,-1,-1,-1
341,24,531.37,404.68,52.99,118.69,1,-1,-1,-1
342,45,386.15,424.51,48.99,123.55,1,-1,-1,-1
342,46,712.52,604.30,61.71,130.38,1,-1,-1,-1
342,24,530.54,403.57,53.60,117.50,1,-1,-1,-1
342,34,12.45,224.10,46.67,93.94,1,-1,-1,-1
343,45,386.25,422.95,49.56,123.90,1,-1,-1,-1
343,46,710.34,601.51,61.20,132.12,1,-1,-1,-1
343,24,530.97,401.88,53.16,117.72,1,-1,-1,-1
343,34,13.46,223.99,46.25,93.95,1,-1,-1,-1
343,39,569.06,582.14,64.61,139.65,1,-1,-1,-1
344,45,385.55,423.77,49.14,122.08,1,-1,-1,-1
344,46,709.60,599.26,59.70,133.45,1,-1,-1,-1
344,24,530.42,400.02,53.01,118.50,1,-1,-1,-1
344,34,15.00,223.95,46.11,93.30,1,-1,-1,-1
344,39,568.27,580.04,64.72,138.32,1,-1,-1,-1
345,45,385.19,423.60,48.98,121.37,1,-1,-1,-1
345,46,707.27,597.93,59.80,134.60,1,-1,-1,-1
345,24,530.12,397.53,53.61,118.79,1,-1,-1,-1
345,39,565.91,577.44,64.74,138.55,1,-1,-1,-1
346,45,385.15,422.78,49.58,120.43,1,-1,-1,-1
346,46,705.89,597.36,59.18,133.70,1,-1,-1,-1
346,24,530.10,395.21,53.18,120.22,1,-1,-1,-1
346,39,564.49,575.09,65.42,138.64,1,-1,-1,-1
346,40,327.45,710.44,60.95,152.79,1,-1,-1,-1
346,34,15.75,224.78,46.00,93.80,1,-1,-1,-1
347,45,385.11,421.88,49.81,119.42,1,-1,-1,-1
347,46,704.75,597.23,58.95,132.01,1,-1,-1,-1
347,24,530.07,391.79,53.68,122.07,1,-1,-1,-1
347,40,327.18,709.63,60.98,153.08,1,-1,-1,-1
347,34,16.68,224.92,45.96,93.92,1,-1,-1,-1
348,45,384.32,420.22,49.91,119.07,1,-1,-1,-1
348,24,529.31,389.21,54.53,122.79,1,-1,-1,-1
349,24,529.10,389.05,54.84,121.71,1,-1,-1,-1
350,24,529.04,389.00,54.96,120.65,1,-1,-1,-1
351,24,528.91,387.75,55.66,118.90,1,-1,-1,-1
351,45,384.91,416.07,49.08,118.07,1,-1,-1,-1
352,24,529.53,386.74,55.94,118.27,1,-1,-1,-1
352,45,384.24,414.28,49.66,118.66,1,-1,-1,-1
353,24,529.76,385.13,55.37,118.68,1,-1,-1,-1
353,45,384.03,413.04,49.18,118.84,1,-1,-1,-1
354,24,530.57,383.87,54.50,119.50,1,-1,-1,-1
354,39,556.04,560.78,70.69,133.17,1,-1,-1,-1
354,46,691.03,586.17,57.98,127.23,1,-1,-1,-1
355,24,530.87,382.05,54.83,119.16,1,-1,-1,-1
355,39,553.68,557.47,71.02,134.31,1,-1,-1,-1
355,46,688.35,584.17,58.65,126.92,1,-1,-1,-1
356,24,531.03,380.01,54.29,119.04,1,-1,-1,-1
356,39,552.23,554.30,71.79,136.00,1,-1,-1,-1
356,46,686.85,581.43,58.87,128.16,1,-1,-1,-1
356,45,384.00,410.62,48.97,117.23,1,-1,-1,-1
357,24,531.77,377.31,54.10,119.64,1,-1,-1,-1
357,39,551.77,550.52,71.43,137.93,1,-1,-1,-1
357,45,383.38,410.40,49.65,116.29,1,-1,-1,-1
358,24,531.99,375.09,54.01,119.24,1,-1,-1,-1
358,39,550.90,549.26,71.26,138.71,1,-1,-1,-1
359,24,531.30,374.56,53.31,117.75,1,-1,-1,-1
359,39,549.84,548.44,71.83,138.98,1,-1,-1,-1
359,45,382.99,409.59,49.10,113.63,1,-1,-1,-1
360,24,531.09,373.85,53.07,117.22,1,-1,-1,-1
360,39,549.54,548.34,71.40,138.45,1,-1,-1,-1
361,24,530.35,372.19,52.30,117.65,1,-1,-1,-1
361,39,548.81,546.21,71.20,138.85,1,-1,-1,-1
361,45,382.12,406.45,49.75,114.62,1,-1,-1,-1
362,24,529.42,371.49,52.03,117.18,1,-1,-1,-1
362,39,547.93,544.73,71.79,138.36,1,-1,-1,-1
362,45,381.96,404.30,49.90,116.25,1,-1,-1,-1
363,24,529.10,370.74,51.93,116.99,1,-1,-1,-1
363,45,382.61,401.67,49.29,118.12,1,-1,-1,-1
364,24,528.37,368.29,52.57,117.59,1,-1,-1,-1
364,45,382.91,399.19,49.07,118.83,1,-1,-1,-1
365,24,528.13,366.71,52.15,117.81,1,-1,-1,-1
365,45,383.06,396.94,48.98,119.72,1,-1,-1,-1
366,24,527.98,364.36,51.34,117.26,1,-1,-1,-1
366,45,383.69,395.66,48.96,120.72,1,-1,-1,-1
367,24,527.24,362.33,52.37,117.70,1,-1,-1,-1
367,45,383.25,394.71,48.95,121.08,1,-1,-1,-1
368,24,527.01,360.83,52.10,115.90,1,-1,-1,-1
368,45,383.77,393.62,48.95,121.20,1,-1,-1,-1
369,24,526.91,358.46,53.32,115.88,1,-1,-1,-1
369,45,383.28,393.39,48.96,120.57,1,-1,-1,-1
370,24,526.16,356.36,53.79,115.88,1,-1,-1,-1
370,45,382.37,392.75,48.97,118.34,1,-1,-1,-1
370,39,542.08,526.18,70.03,137.02,1,-1,-1,-1
371,24,525.94,354.91,54.62,115.22,1,-1,-1,-1
371,45,382.10,391.85,48.97,117.46,1,-1,-1,-1
371,39,541.83,524.77,69.94,136.94,1,-1,-1,-1
372,45,382.14,390.12,48.32,116.49,1,-1,-1,-1
372,39,542.56,522.88,69.25,136.27,1,-1,-1,-1
373,45,382.04,388.21,48.73,116.77,1,-1,-1,-1
374,45,380.59,386.28,49.56,116.25,1,-1,-1,-1
374,24,526.87,351.56,53.24,113.28,1,-1,-1,-1
374,39,539.55,519.74,68.96,135.21,1,-1,-1,-1
375,24,527.03,349.98,52.99,114.37,1,-1,-1,-1
375,39,538.29,516.58,68.26,134.99,1,-1,-1,-1
376,24,527.78,348.77,52.24,114.76,1,-1,-1,-1
376,39,535.89,513.52,68.68,134.27,1,-1,-1,-1
376,45,380.90,382.29,49.10,116.78,1,-1,-1,-1
377,24,527.83,347.12,51.97,114.24,1,-1,-1,-1
377,45,380.13,381.63,48.97,116.25,1,-1,-1,-1
378,24,527.32,345.27,52.56,114.71,1,-1,-1,-1
378,45,379.98,380.80,48.94,115.39,1,-1,-1,-1
379,24,527.19,342.57,52.78,114.87,1,-1,-1,-1
380,24,526.42,338.98,52.87,115.61,1,-1,-1,-1
381,24,526.12,337.63,52.25,115.22,1,-1,-1,-1
381,45,379.96,379.44,48.92,114.99,1,-1,-1,-1
382,24,526.03,336.51,52.02,115.74,1,-1,-1,-1
382,45,380.64,379.39,48.26,114.97,1,-1,-1,-1
383,45,380.96,378.71,48.70,114.94,1,-1,-1,-1
383,34,1.03,444.51,6.07,108.96,1,-1,-1,-1
384,45,380.31,377.25,48.87,115.61,1,-1,-1,-1
384,34,0.99,446.56,5.99,109.15,1,-1,-1,-1
384,40,402.86,659.02,56.00,135.03,1,-1,-1,-1
384,24,526.01,332.99,51.15,116.71,1,-1,-1,-1
385,45,380.05,376.13,48.94,115.21,1,-1,-1,-1
385,40,405.02,657.25,55.28,133.43,1,-1,-1,-1
386,45,379.95,374.42,49.63,115.07,1,-1,-1,-1
386,48,1.07,442.01,7.98,106.98,1,-1,-1,-1
386,39,527.92,497.79,67.97,130.09,1,-1,-1,-1
387,45,379.35,372.51,49.88,115.66,1,-1,-1,-1
387,40,405.13,654.90,54.99,133.74,1,-1,-1,-1
388,45,379.08,369.69,50.64,117.22,1,-1,-1,-1
388,40,405.55,652.98,54.95,134.64,1,-1,-1,-1
388,39,524.54,492.41,70.32,129.94,1,-1,-1,-1
389,45,379.69,366.72,50.26,118.45,1,-1,-1,-1
389,40,405.72,650.99,55.61,133.58,1,-1,-1,-1
389,39,524.59,489.34,68.80,131.98,1,-1,-1,-1
389,24,522.29,325.97,54.62,113.29,1,-1,-1,-1
390,45,379.81,365.70,50.13,118.26,1,-1,-1,-1
390,40,405.63,649.09,55.87,133.20,1,-1,-1,-1
390,39,523.22,486.37,68.92,133.38,1,-1,-1,-1
391,45,380.61,364.75,48.75,118.84,1,-1,-1,-1
391,39,522.16,484.05,70.28,135.20,1,-1,-1,-1
392,45,380.86,363.83,48.22,119.69,1,-1,-1,-1
392,39,521.07,482.62,71.45,135.22,1,-1,-1,-1
393,45,380.96,362.83,48.69,119.99,1,-1,-1,-1
394,45,381.01,362.50,48.21,118.79,1,-1,-1,-1
396,24,523.85,316.87,51.18,111.07,1,-1,-1,-1
396,45,379.50,361.64,48.77,115.06,1,-1,-1,-1
397,45,379.12,360.30,48.91,114.17,1,-1,-1,-1
398,45,378.31,359.18,48.96,114.55,1,-1,-1,-1
399,45,378.05,356.78,48.99,115.36,1,-1,-1,-1
399,24,523.10,312.93,51.80,110.94,1,-1,-1,-1
400,45,378.61,355.28,49.00,115.68,1,-1,-1,-1
400,24,522.30,309.79,53.30,110.95,1,-1,-1,-1
401,45,378.12,354.09,49.00,115.15,1,-1,-1,-1
401,24,521.98,306.74,53.16,111.62,1,-1,-1,-1
402,45,378.59,353.66,49.00,114.97,1,-1,-1,-1
402,24,521.21,304.32,53.76,112.54,1,-1,-1,-1
403,45,378.10,352.22,49.01,114.89,1,-1,-1,-1
403,24,520.89,303.46,53.99,112.87,1,-1,-1,-1
404,45,378.67,351.06,49.00,116.21,1,-1,-1,-1
404,24,522.86,302.56,51.43,111.69,1,-1,-1,-1
405,45,378.78,350.67,49.00,116.03,1,-1,-1,-1
405,24,522.84,301.65,51.10,111.21,1,-1,-1,-1
406,45,378.93,349.86,49.00,115.98,1,-1,-1,-1
406,24,522.27,301.32,50.32,111.05,1,-1,-1,-1
407,45,379.05,348.97,49.00,115.96,1,-1,-1,-1
407,24,522.12,299.98,51.37,110.98,1,-1,-1,-1
408,24,521.36,298.81,51.10,110.98,1,-1,-1,-1
410,45,379.01,346.05,48.95,114.26,1,-1,-1,-1
411,45,379.11,344.38,48.95,113.30,1,-1,-1,-1
412,45,379.77,343.10,48.96,112.33,1,-1,-1,-1
413,45,379.37,341.32,48.95,112.65,1,-1,-1,-1
414,45,379.20,339.45,48.97,112.78,1,-1,-1,-1
415,45,379.06,338.79,48.96,113.49,1,-1,-1,-1
416,45,379.01,337.89,48.97,114.43,1,-1,-1,-1
417,45,379.00,336.93,48.31,116.10,1,-1,-1,-1
418,45,379.03,336.54,48.73,114.77,1,-1,-1,-1
419,45,379.05,335.86,48.89,114.24,1,-1,-1,-1
420,45,378.43,334.83,48.96,113.40,1,-1,-1,-1
420,49,1008.10,738.54,88.57,140.17,1,-1,-1,-1
421,45,378.85,333.84,48.99,112.39,1,-1,-1,-1
421,49,1006.32,735.41,88.10,142.27,1,-1,-1,-1
421,24,520.99,278.07,51.95,110.97,1,-1,-1,-1
422,45,378.97,331.63,48.33,112.72,1,-1,-1,-1
422,49,1003.47,733.98,87.95,143.82,1,-1,-1,-1
422,24,521.02,276.16,51.31,109.61,1,-1,-1,-1
423,45,378.30,329.59,48.75,114.83,1,-1,-1,-1
423,24,520.96,274.26,51.76,110.48,1,-1,-1,-1
424,45,378.13,328.12,48.26,114.96,1,-1,-1,-1
425,45,378.71,326.31,48.07,115.68,1,-1,-1,-1
425,49,998.92,731.08,87.95,144.97,1,-1,-1,-1
425,24,521.84,271.01,51.94,108.51,1,-1,-1,-1
426,45,378.25,324.99,47.99,114.62,1,-1,-1,-1
426,49,997.77,730.17,87.97,145.68,1,-1,-1,-1
426,39,505.99,425.00,66.00,129.00,1,-1,-1,-1
427,45,378.07,323.93,47.97,114.88,1,-1,-1,-1
427,49,995.37,727.20,88.66,148.65,1,-1,-1,-1
428,45,378.65,323.64,47.96,114.97,1,-1,-1,-1
428,49,992.53,725.50,90.26,147.70,1,-1,-1,-1
429,45,378.16,322.83,47.95,114.35,1,-1,-1,-1
430,45,378.62,323.33,47.30,112.78,1,-1,-1,-1
430,49,988.10,720.90,90.86,147.17,1,-1,-1,-1
432,50,1096.66,603.05,60.18,125.58,1,-1,-1,-1
432,45,378.91,321.83,47.02,111.32,1,-1,-1,-1
433,49,983.94,709.36,90.05,151.22,1,-1,-1,-1
434,51,852.11,743.02,69.78,135.78,1,-1,-1,-1
434,45,378.99,320.72,47.75,110.20,1,-1,-1,-1
435,45,378.94,319.28,47.90,109.32,1,-1,-1,-1
436,45,378.31,317.46,47.97,109.69,1,-1,-1,-1
436,51,848.26,740.16,68.15,136.85,1,-1,-1,-1
437,45,378.74,316.07,48.00,109.16,1,-1,-1,-1
437,51,846.22,736.59,67.14,138.54,1,-1,-1,-1
438,51,843.47,734.94,66.85,140.53,1,-1,-1,-1
439,51,841.12,733.14,67.49,141.17,1,-1,-1,-1
439,45,378.93,313.21,47.98,108.19,1,-1,-1,-1
440,51,839.83,731.11,67.05,142.03,1,-1,-1,-1
440,52,235.89,362.90,57.78,112.98,1,-1,-1,-1
441,51,838.65,728.39,65.53,141.63,1,-1,-1,-1
441,24,522.03,250.93,50.00,106.99,1,-1,-1,-1
442,39,501.97,402.97,62.02,126.01,1,-1,-1,-1
443,39,501.20,401.21,61.23,123.85,1,-1,-1,-1
443,45,379.04,310.73,47.96,109.74,1,-1,-1,-1
444,39,501.00,399.29,60.32,123.83,1,-1,-1,-1
445,39,501.59,396.60,58.65,123.84,1,-1,-1,-1
446,39,501.16,393.70,58.04,123.84,1,-1,-1,-1
447,39,501.04,391.30,57.85,124.53,1,-1,-1,-1
447,45,377.32,307.02,47.96,108.16,1,-1,-1,-1
448,39,502.41,387.86,57.12,126.13,1,-1,-1,-1
448,48,1.00,381.03,47.00,103.97,1,-1,-1,-1
449,39,502.10,386.00,58.22,127.37,1,-1,-1,-1
450,39,501.37,386.08,58.64,127.19,1,-1,-1,-1
451,39,501.12,384.75,58.81,127.78,1,-1,-1,-1
452,39,501.13,383.67,58.88,126.65,1,-1,-1,-1
453,39,500.98,382.63,57.59,126.23,1,-1,-1,-1
454,39,500.97,382.40,57.11,124.10,1,-1,-1,-1
454,50,1092.99,596.99,58.00,128.99,1,-1,-1,-1
455,39,500.27,381.15,56.93,121.93,1,-1,-1,-1
456,39,500.69,378.55,55.56,123.83,1,-1,-1,-1
456,45,377.04,299.99,48.94,107.96,1,-1,-1,-1
456,50,1092.08,594.58,57.96,132.12,1,-1,-1,-1
457,39,500.19,377.05,55.72,124.53,1,-1,-1,-1
457,45,377.01,299.78,49.67,106.58,1,-1,-1,-1
457,50,1091.24,593.46,58.64,132.08,1,-1,-1,-1
458,39,498.64,374.56,56.46,126.14,1,-1,-1,-1
458,45,376.94,298.37,49.27,106.81,1,-1,-1,-1
458,50,1091.66,593.08,58.22,132.74,1,-1,-1,-1
459,39,497.43,372.94,56.74,126.73,1,-1,-1,-1
459,50,1091.80,592.20,58.73,133.63,1,-1,-1,-1
460,39,496.99,371.72,56.87,126.31,1,-1,-1,-1
460,50,1091.91,592.54,58.92,133.32,1,-1,-1,-1
461,39,496.73,371.50,57.57,126.14,1,-1,-1,-1
461,50,1091.16,592.21,58.99,132.52,1,-1,-1,-1
461,45,377.77,294.30,48.19,106.91,1,-1,-1,-1
462,39,496.15,371.38,57.85,126.08,1,-1,-1,-1
462,50,1091.07,592.00,59.02,132.88,1,-1,-1,-1
462,45,377.31,293.13,48.01,107.63,1,-1,-1,-1
463,39,495.97,370.61,57.95,125.40,1,-1,-1,-1
463,45,377.85,291.95,47.94,107.89,1,-1,-1,-1
463,52,251.99,344.01,58.00,111.00,1,-1,-1,-1
464,39,495.85,370.43,58.64,124.47,1,-1,-1,-1
464,45,377.32,290.95,48.59,107.98,1,-1,-1,-1
464,50,1090.26,592.67,60.55,132.20,1,-1,-1,-1
465,39,495.20,369.08,58.26,123.46,1,-1,-1,-1
465,45,377.81,291.27,48.19,106.03,1,-1,-1,-1
465,50,1090.13,592.86,60.89,131.31,1,-1,-1,-1
465,52,253.09,342.07,57.20,112.55,1,-1,-1,-1
466,39,495.66,367.88,58.09,121.76,1,-1,-1,-1
466,45,378.70,290.70,48.02,106.62,1,-1,-1,-1
466,50,1090.06,592.25,60.99,131.01,1,-1,-1,-1
466,53,591.03,414.85,58.98,112.98,1,-1,-1,-1
466,24,527.98,217.03,49.00,108.97,1,-1,-1,-1
467,39,495.20,365.56,58.03,121.80,1,-1,-1,-1
467,45,379.05,290.57,47.30,106.19,1,-1,-1,-1
467,50,1090.07,592.79,61.68,129.59,1,-1,-1,-1
467,24,528.16,215.87,48.98,109.03,1,-1,-1,-1
468,39,494.30,364.12,58.67,120.50,1,-1,-1,-1
468,45,379.08,290.62,47.70,105.36,1,-1,-1,-1
468,50,1089.99,592.99,61.29,130.39,1,-1,-1,-1
468,24,527.46,216.19,48.98,108.38,1,-1,-1,-1
468,52,255.09,339.94,58.69,112.91,1,-1,-1,-1
469,39,493.99,360.22,58.25,122.02,1,-1,-1,-1
469,45,379.11,289.25,47.19,105.72,1,-1,-1,-1
469,50,1089.97,592.99,61.79,131.36,1,-1,-1,-1
469,24,528.55,216.28,48.31,108.13,1,-1,-1,-1
469,52,256.61,339.72,58.93,112.95,1,-1,-1,-1
470,39,493.16,358.21,57.43,121.95,1,-1,-1,-1
470,45,379.04,288.81,47.68,104.55,1,-1,-1,-1
470,50,1089.98,593.07,61.32,131.09,1,-1,-1,-1
470,24,528.90,215.74,48.07,108.05,1,-1,-1,-1
470,53,591.01,410.09,58.99,112.02,1,-1,-1,-1
471,39,492.93,355.56,57.12,123.24,1,-1,-1,-1
471,50,1090.67,593.74,60.48,130.98,1,-1,-1,-1
471,24,529.74,215.61,47.98,108.01,1,-1,-1,-1
471,54,943.94,312.94,52.99,107.98,1,-1,-1,-1
471,53,591.01,409.02,59.00,111.21,1,-1,-1,-1
472,39,492.79,355.34,57.66,123.08,1,-1,-1,-1
472,50,1090.82,594.79,60.14,130.30,1,-1,-1,-1
472,24,529.32,215.67,47.94,107.34,1,-1,-1,-1
472,54,943.10,312.23,52.97,107.98,1,-1,-1,-1
472,53,591.63,407.38,58.29,111.67,1,-1,-1,-1
473,39,492.14,354.59,57.21,123.02,1,-1,-1,-1
473,50,1090.96,596.38,60.03,129.38,1,-1,-1,-1
473,54,942.13,311.92,52.98,107.21,1,-1,-1,-1
474,39,491.90,352.98,57.70,123.65,1,-1,-1,-1
474,50,1090.96,596.21,59.99,129.03,1,-1,-1,-1
474,54,941.08,310.31,53.74,107.72,1,-1,-1,-1
475,39,490.54,351.87,58.55,123.89,1,-1,-1,-1
475,50,1091.02,595.57,60.64,130.24,1,-1,-1,-1
475,54,940.82,310.61,54.71,107.90,1,-1,-1,-1
476,39,490.70,350.77,58.21,121.99,1,-1,-1,-1
476,50,1091.64,595.23,60.87,130.69,1,-1,-1,-1
476,54,940.03,310.00,54.33,106.55,1,-1,-1,-1
476,45,376.26,281.21,50.74,103.05,1,-1,-1,-1
477,39,490.83,349.05,58.08,121.94,1,-1,-1,-1
477,50,1091.97,595.06,61.63,130.87,1,-1,-1,-1
477,54,940.54,309.76,54.18,106.08,1,-1,-1,-1
477,45,376.77,279.98,50.99,102.96,1,-1,-1,-1
478,39,490.20,347.16,57.38,122.59,1,-1,-1,-1
478,50,1092.74,594.99,61.26,130.94,1,-1,-1,-1
478,54,940.73,309.02,54.12,106.61,1,-1,-1,-1
478,45,377.58,280.25,49.77,102.27,1,-1,-1,-1
479,39,489.92,345.28,57.78,122.18,1,-1,-1,-1
479,50,1093.00,595.72,61.12,130.98,1,-1,-1,-1
479,54,940.11,308.18,54.09,107.50,1,-1,-1,-1
479,45,378.49,279.82,49.30,102.02,1,-1,-1,-1
480,50,1094.39,595.35,60.40,131.65,1,-1,-1,-1
480,45,378.80,279.67,48.45,101.94,1,-1,-1,-1
481,50,1094.32,594.47,60.13,131.90,1,-1,-1,-1
481,45,379.67,280.26,48.14,100.59,1,-1,-1,-1
481,39,489.06,342.85,57.94,122.78,1,-1,-1,-1
482,45,380.02,278.56,47.36,100.76,1,-1,-1,-1
482,39,489.67,341.83,58.64,122.92,1,-1,-1,-1
482,54,939.95,306.08,54.01,107.04,1,-1,-1,-1
483,45,380.74,276.48,47.73,101.49,1,-1,-1,-1
483,39,489.16,340.68,58.89,122.31,1,-1,-1,-1
483,24,533.96,202.12,47.00,104.06,1,-1,-1,-1
484,45,380.38,275.17,47.88,102.44,1,-1,-1,-1
484,39,489.69,339.75,58.98,122.09,1,-1,-1,-1
484,50,1096.86,593.25,59.99,133.66,1,-1,-1,-1
485,45,380.77,273.48,47.94,103.46,1,-1,-1,-1
485,39,489.10,339.54,59.67,122.00,1,-1,-1,-1
485,50,1097.07,592.49,60.66,133.92,1,-1,-1,-1
486,45,380.29,272.12,47.96,104.51,1,-1,-1,-1
486,39,488.93,338.09,59.93,121.98,1,-1,-1,-1
486,50,1097.18,591.48,60.89,134.01,1,-1,-1,-1
486,53,591.03,386.04,61.94,110.99,1,-1,-1,-1
487,45,380.88,270.39,47.31,103.59,1,-1,-1,-1
487,39,489.65,337.65,58.71,121.31,1,-1,-1,-1
487,50,1097.30,591.18,60.97,133.38,1,-1,-1,-1
487,53,591.08,385.59,61.38,112.37,1,-1,-1,-1
488,45,379.70,269.11,48.40,104.55,1,-1,-1,-1
488,39,489.86,335.54,58.91,121.73,1,-1,-1,-1
488,53,591.04,384.76,60.53,113.49,1,-1,-1,-1
489,45,379.87,267.28,48.14,103.59,1,-1,-1,-1
489,39,489.23,334.06,58.97,121.22,1,-1,-1,-1
489,53,590.97,383.77,60.19,113.90,1,-1,-1,-1
489,50,1098.85,591.80,60.99,131.52,1,-1,-1,-1
490,45,380.58,266.72,48.05,103.21,1,-1,-1,-1
490,39,488.99,331.64,59.66,121.03,1,-1,-1,-1
490,53,590.93,383.52,60.07,114.04,1,-1,-1,-1
491,39,489.00,328.78,58.60,120.30,1,-1,-1,-1
491,53,590.36,383.45,59.36,112.11,1,-1,-1,-1
492,39,488.94,326.43,58.20,120.70,1,-1,-1,-1
492,53,590.08,382.81,59.77,112.03,1,-1,-1,-1
492,45,380.99,266.47,47.22,102.25,1,-1,-1,-1
493,39,489.00,325.55,57.39,120.84,1,-1,-1,-1
493,53,590.71,381.89,58.59,111.33,1,-1,-1,-1
494,39,489.64,323.27,57.07,121.57,1,-1,-1,-1
494,53,590.23,380.24,58.14,110.41,1,-1,-1,-1
494,54,936.07,296.05,53.98,108.94,1,-1,-1,-1
495,39,489.81,321.94,56.29,122.51,1,-1,-1,-1
495,53,589.98,379.80,57.97,108.75,1,-1,-1,-1
495,54,935.88,294.49,54.67,107.65,1,-1,-1,-1
495,50,1104.81,590.07,60.04,128.18,1,-1,-1,-1
495,45,381.06,264.78,46.99,101.99,1,-1,-1,-1
496,39,489.85,322.12,56.69,122.87,1,-1,-1,-1
496,53,590.54,378.97,57.27,108.14,1,-1,-1,-1
497,39,489.93,321.50,56.16,123.66,1,-1,-1,-1
497,53,590.81,377.28,56.33,107.92,1,-1,-1,-1
497,54,935.80,292.19,55.70,106.34,1,-1,-1,-1
498,39,490.00,320.66,56.64,121.97,1,-1,-1,-1
498,53,590.94,376.68,56.66,107.18,1,-1,-1,-1
498,54,935.87,291.08,55.23,105.36,1,-1,-1,-1
499,39,489.96,319.75,56.16,120.01,1,-1,-1,-1
499,53,590.28,375.86,56.79,106.93,1,-1,-1,-1
499,54,935.23,290.07,55.73,105.03,1,-1,-1,-1
499,51,596.07,688.99,62.00,142.99,1,-1,-1,-1
499,50,1105.21,588.95,60.85,128.85,1,-1,-1,-1
500,39,489.37,318.17,57.33,119.26,1,-1,-1,-1
500,53,590.78,374.95,56.20,106.84,1,-1,-1,-1
500,54,935.05,289.03,55.93,105.57,1,-1,-1,-1
501,39,489.13,316.97,58.41,118.99,1,-1,-1,-1
501,53,590.27,374.66,55.98,106.82,1,-1,-1,-1
501,54,934.96,288.06,55.99,106.45,1,-1,-1,-1
501,52,280.01,312.03,56.00,108.01,1,-1,-1,-1
502,39,489.70,314.64,58.17,119.56,1,-1,-1,-1
502,53,590.76,373.98,55.90,106.83,1,-1,-1,-1
502,54,934.28,287.79,56.67,106.12,1,-1,-1,-1
503,39,489.89,312.48,57.42,121.11,1,-1,-1,-1
503,53,590.91,373.75,55.89,106.85,1,-1,-1,-1
503,54,934.01,287.69,57.58,106.66,1,-1,-1,-1
503,45,381.97,258.94,47.93,100.06,1,-1,-1,-1
503,52,281.09,310.08,55.96,107.95,1,-1,-1,-1
504,53,590.97,373.79,55.23,105.56,1,-1,-1,-1
504,45,382.00,259.56,47.99,99.28,1,-1,-1,-1
506,53,589.40,368.11,58.11,108.93,1,-1,-1,-1
507,54,931.35,287.71,58.83,106.05,1,-1,-1,-1
509,53,588.16,363.28,58.03,108.17,1,-1,-1,-1
510,53,589.38,362.73,56.61,106.64,1,-1,-1,-1
510,39,488.11,305.87,57.94,119.09,1,-1,-1,-1
510,54,929.29,285.20,58.95,105.97,1,-1,-1,-1
511,53,589.17,361.19,56.12,108.11,1,-1,-1,-1
511,39,488.02,305.59,57.29,118.27,1,-1,-1,-1
511,50,1107.11,588.96,61.95,128.97,1,-1,-1,-1
512,53,588.38,361.34,55.96,108.01,1,-1,-1,-1
512,39,488.60,304.17,56.41,117.35,1,-1,-1,-1
512,50,1107.81,589.00,61.32,129.00,1,-1,-1,-1
513,39,488.08,302.43,56.74,116.34,1,-1,-1,-1
513,50,1109.23,588.44,60.42,129.67,1,-1,-1,-1
513,45,381.08,249.14,49.90,100.91,1,-1,-1,-1
514,50,1110.59,588.22,59.45,129.26,1,-1,-1,-1
514,53,587.94,361.53,55.92,107.97,1,-1,-1,-1
515,50,1112.46,587.37,59.09,131.07,1,-1,-1,-1
515,53,587.99,361.62,55.96,107.96,1,-1,-1,-1
516,50,1114.49,586.25,57.63,132.42,1,-1,-1,-1
516,53,588.01,360.16,55.98,107.98,1,-1,-1,-1
517,50,1115.14,585.90,57.09,132.91,1,-1,-1,-1
518,50,1115.43,585.77,56.91,132.43,1,-1,-1,-1
518,53,587.24,356.51,55.98,106.41,1,-1,-1,-1
519,50,1115.39,586.51,56.85,131.57,1,-1,-1,-1
519,53,587.05,353.84,55.29,105.38,1,-1,-1,-1
519,24,535.02,167.98,47.99,98.01,1,-1,-1,-1
520,50,1114.60,587.59,57.50,130.59,1,-1,-1,-1
520,53,586.87,352.32,55.71,105.70,1,-1,-1,-1
520,24,534.93,167.09,48.01,97.96,1,-1,-1,-1
520,39,489.91,294.86,57.90,117.86,1,-1,-1,-1
521,53,586.85,351.80,55.22,105.16,1,-1,-1,-1
521,39,489.97,293.96,57.99,117.31,1,-1,-1,-1
522,53,587.63,350.92,55.03,104.96,1,-1,-1,-1
522,39,490.76,292.28,58.01,117.12,1,-1,-1,-1
522,50,1118.23,590.34,53.92,129.34,1,-1,-1,-1
523,53,587.15,349.22,55.63,104.90,1,-1,-1,-1
523,39,490.93,290.94,58.02,115.73,1,-1,-1,-1
524,53,587.05,348.59,55.86,105.55,1,-1,-1,-1
524,39,491.06,289.12,57.37,115.87,1,-1,-1,-1
525,53,587.00,347.82,56.61,105.80,1,-1,-1,-1
525,39,491.09,287.27,57.11,116.58,1,-1,-1,-1
526,53,586.20,347.66,56.88,105.25,1,-1,-1,-1
526,39,490.97,286.68,56.35,115.56,1,-1,-1,-1
527,53,586.63,346.92,56.33,105.03,1,-1,-1,-1
527,39,490.33,285.15,56.74,115.81,1,-1,-1,-1
528,39,490.13,284.58,56.24,115.91,1,-1,-1,-1
528,45,381.05,238.96,49.99,100.99,1,-1,-1,-1
529,39,490.58,284.49,55.36,114.63,1,-1,-1,-1
529,45,380.91,239.51,49.98,100.99,1,-1,-1,-1
529,53,586.03,345.01,55.28,104.18,1,-1,-1,-1
530,39,490.25,284.47,55.07,114.14,1,-1,-1,-1
530,45,380.99,239.67,49.34,100.32,1,-1,-1,-1
530,53,586.03,344.00,55.72,104.69,1,-1,-1,-1
530,50,1121.92,589.14,50.12,128.98,1,-1,-1,-1
531,53,586.24,341.54,55.88,104.20,1,-1,-1,-1
532,53,586.20,339.38,55.93,104.04,1,-1,-1,-1
538,52,192.21,292.98,49.01,105.00,1,-1,-1,-1
539,52,191.28,292.14,48.94,104.27,1,-1,-1,-1
541,51,401.02,346.38,63.00,114.03,1,-1,-1,-1
541,52,190.76,291.93,51.34,103.21,1,-1,-1,-1
542,52,191.62,291.86,51.89,103.01,1,-1,-1,-1
543,52,193.36,291.88,52.08,103.61,1,-1,-1,-1
544,52,193.98,291.85,52.14,103.85,1,-1,-1,-1
546,39,490.99,267.03,56.96,113.00,1,-1,-1,-1
546,51,400.25,342.29,63.90,113.94,1,-1,-1,-1
547,52,198.81,291.01,49.49,104.79,1,-1,-1,-1
549,53,586.97,328.92,55.00,102.01,1,-1,-1,-1
549,39,492.74,262.34,55.29,112.97,1,-1,-1,-1
550,51,401.87,340.35,63.97,113.07,1,-1,-1,-1
551,51,403.10,339.91,63.29,113.67,1,-1,-1,-1
551,53,588.74,327.82,55.77,101.17,1,-1,-1,-1
552,53,588.34,327.07,55.25,102.38,1,-1,-1,-1
552,52,200.83,285.46,49.91,104.05,1,-1,-1,-1
552,39,494.02,261.47,57.55,111.26,1,-1,-1,-1
553,53,588.07,325.66,55.72,102.14,1,-1,-1,-1
553,52,201.57,285.10,49.28,103.98,1,-1,-1,-1
553,39,493.32,261.73,57.90,111.01,1,-1,-1,-1
554,53,588.01,324.26,55.92,102.05,1,-1,-1,-1
554,39,493.08,261.62,58.71,110.27,1,-1,-1,-1
555,53,588.02,323.27,55.31,102.66,1,-1,-1,-1
555,39,494.36,261.77,58.32,109.32,1,-1,-1,-1
556,39,494.19,261.79,58.18,108.99,1,-1,-1,-1
557,39,494.77,261.00,58.12,108.20,1,-1,-1,-1
557,52,202.88,285.67,49.00,103.07,1,-1,-1,-1
558,39,495.76,259.41,57.43,108.59,1,-1,-1,-1
558,53,587.25,319.24,54.17,102.93,1,-1,-1,-1
559,39,496.07,259.02,57.16,108.74,1,-1,-1,-1
560,39,496.79,257.38,56.40,108.84,1,-1,-1,-1
561,39,497.03,256.93,56.10,108.85,1,-1,-1,-1
561,53,588.74,319.52,53.12,102.10,1,-1,-1,-1
562,39,497.15,256.10,54.68,109.55,1,-1,-1,-1
562,53,588.98,319.01,53.00,102.00,1,-1,-1,-1
563,39,497.72,255.92,54.14,108.49,1,-1,-1,-1
563,53,588.91,319.60,52.94,101.95,1,-1,-1,-1
563,51,409.62,337.47,61.02,114.95,1,-1,-1,-1
564,39,497.34,255.14,53.96,108.76,1,-1,-1,-1
564,53,588.33,319.11,52.94,102.60,1,-1,-1,-1
565,39,496.46,255.59,54.57,108.20,1,-1,-1,-1
565,53,588.04,318.32,52.94,101.52,1,-1,-1,-1
565,52,206.93,280.17,48.98,105.84,1,-1,-1,-1
565,51,409.17,336.19,62.56,114.19,1,-1,-1,-1
566,39,496.19,255.03,54.79,108.01,1,-1,-1,-1
566,53,588.00,316.64,52.28,101.79,1,-1,-1,-1
567,39,496.08,256.19,54.23,106.61,1,-1,-1,-1
567,52,209.51,282.26,48.97,103.62,1,-1,-1,-1
568,39,496.04,255.30,54.68,106.75,1,-1,-1,-1
568,52,210.04,282.11,48.97,103.10,1,-1,-1,-1
569,39,496.01,254.25,54.86,105.49,1,-1,-1,-1
569,50,1128.00,608.98,44.00,134.98,1,-1,-1,-1
570,39,495.26,252.59,54.93,105.71,1,-1,-1,-1
570,50,1127.96,609.88,43.96,135.06,1,-1,-1,-1
570,52,211.75,280.37,48.97,103.71,1,-1,-1,-1
571,39,495.69,252.15,54.94,105.12,1,-1,-1,-1
571,50,1127.85,611.66,43.92,133.73,1,-1,-1,-1
571,51,410.00,333.97,65.74,114.90,1,-1,-1,-1
572,39,495.83,251.96,54.97,104.92,1,-1,-1,-1
572,50,1127.22,612.21,44.62,133.22,1,-1,-1,-1
572,51,410.01,333.95,65.31,114.28,1,-1,-1,-1
573,39,497.26,250.40,54.31,105.51,1,-1,-1,-1
573,50,1127.67,613.53,44.20,131.69,1,-1,-1,-1
573,51,409.41,333.77,65.16,114.73,1,-1,-1,-1
574,39,497.87,249.77,54.07,105.76,1,-1,-1,-1
574,50,1127.96,613.95,44.05,131.80,1,-1,-1,-1
575,39,498.70,249.54,53.33,105.19,1,-1,-1,-1
575,50,1128.00,614.01,44.00,131.85,1,-1,-1,-1
575,52,215.02,275.32,48.96,102.11,1,-1,-1,-1
576,39,498.41,249.52,54.38,104.99,1,-1,-1,-1
576,50,1128.12,614.14,43.98,130.56,1,-1,-1,-1
576,52,215.96,274.80,48.98,101.28,1,-1,-1,-1
577,39,498.95,248.15,54.11,105.58,1,-1,-1,-1
577,50,1128.08,614.07,43.97,130.74,1,-1,-1,-1
577,52,216.31,274.55,49.64,101.00,1,-1,-1,-1
578,39,499.17,246.45,54.01,106.49,1,-1,-1,-1
579,39,499.73,246.61,53.31,106.17,1,-1,-1,-1
579,52,216.39,274.59,49.13,100.93,1,-1,-1,-1
580,39,499.33,245.31,53.06,106.05,1,-1,-1,-1
580,52,216.30,274.66,49.01,100.29,1,-1,-1,-1
580,50,1128.09,615.96,43.96,130.05,1,-1,-1,-1
581,39,499.90,244.87,52.30,105.99,1,-1,-1,-1
581,52,217.69,274.07,48.96,100.71,1,-1,-1,-1
581,50,1128.04,615.40,43.97,129.95,1,-1,-1,-1
581,53,586.00,305.01,53.96,100.00,1,-1,-1,-1
582,39,500.03,243.33,52.03,104.67,1,-1,-1,-1
582,52,218.06,273.77,48.95,100.23,1,-1,-1,-1
582,50,1128.06,615.89,43.98,130.61,1,-1,-1,-1
583,39,500.74,241.64,51.26,106.14,1,-1,-1,-1
583,50,1127.93,617.51,43.97,130.18,1,-1,-1,-1
584,39,500.23,241.07,52.32,107.37,1,-1,-1,-1
584,52,218.21,273.10,48.94,100.00,1,-1,-1,-1
585,39,500.04,240.83,52.73,107.81,1,-1,-1,-1
585,50,1127.82,618.27,43.19,132.33,1,-1,-1,-1
586,39,500.80,240.59,51.57,107.98,1,-1,-1,-1
586,50,1128.71,619.46,43.02,132.81,1,-1,-1,-1
587,39,501.81,239.18,51.79,109.34,1,-1,-1,-1
587,50,1129.02,619.12,42.96,132.31,1,-1,-1,-1
588,39,502.71,238.03,51.89,110.53,1,-1,-1,-1
588,50,1128.46,619.11,42.95,132.80,1,-1,-1,-1
589,39,502.51,237.03,52.58,109.65,1,-1,-1,-1
589,50,1128.26,618.43,42.94,132.31,1,-1,-1,-1
590,39,501.64,235.30,52.85,109.97,1,-1,-1,-1
590,50,1128.18,618.83,42.95,132.80,1,-1,-1,-1
590,52,222.95,269.02,49.90,100.89,1,-1,-1,-1
591,39,500.55,235.54,54.26,108.11,1,-1,-1,-1
591,50,1127.99,620.52,42.94,132.32,1,-1,-1,-1
592,39,500.04,234.93,54.16,106.73,1,-1,-1,-1
592,52,223.90,268.87,49.19,100.97,1,-1,-1,-1
593,39,500.70,234.08,53.44,105.53,1,-1,-1,-1
593,52,224.92,268.88,49.02,100.28,1,-1,-1,-1
594,39,501.61,232.37,53.16,105.11,1,-1,-1,-1
595,39,501.15,231.14,53.72,104.95,1,-1,-1,-1
596,39,500.44,230.79,54.59,104.24,1,-1,-1,-1
596,52,226.96,267.95,47.27,99.15,1,-1,-1,-1
597,39,500.14,231.41,54.90,103.32,1,-1,-1,-1
597,50,1127.95,624.04,43.90,128.26,1,-1,-1,-1
598,39,500.67,231.56,55.03,102.99,1,-1,-1,-1
598,50,1128.00,623.49,43.99,129.35,1,-1,-1,-1
599,39,501.71,230.93,54.41,102.86,1,-1,-1,-1
600,39,502.72,231.33,54.16,102.86,1,-1,-1,-1
600,50,1128.19,623.99,43.99,128.99,1,-1,-1,-1
601,39,503.60,231.57,54.07,102.85,1,-1,-1,-1
602,39,504.01,230.40,53.37,102.21,1,-1,-1,-1
603,39,504.72,229.98,51.12,101.30,1,-1,-1,-1
604,39,505.66,229.15,50.27,102.31,1,-1,-1,-1
605,39,505.25,226.88,49.97,102.70,1,-1,-1,-1
606,39,505.85,225.38,48.54,103.51,1,-1,-1,-1
609,50,1127.06,626.02,44.94,128.00,1,-1,-1,-1
610,50,1126.43,626.08,45.68,127.96,1,-1,-1,-1
611,50,1126.71,626.14,45.26,127.95,1,-1,-1,-1
613,39,507.92,222.80,45.13,100.16,1,-1,-1,-1
616,65,332.05,748.41,66.98,130.38,1,-1,-1,-1
617,65,331.24,747.87,66.20,130.06,1,-1,-1,-1
617,50,1127.00,626.97,45.00,127.95,1,-1,-1,-1
618,65,330.98,746.28,65.17,131.52,1,-1,-1,-1
618,50,1127.00,627.73,44.98,127.97,1,-1,-1,-1
619,65,330.16,745.05,65.64,132.73,1,-1,-1,-1
619,50,1126.93,627.97,44.96,128.63,1,-1,-1,-1
620,65,329.18,743.99,65.82,133.11,1,-1,-1,-1
621,65,328.90,743.67,65.18,133.90,1,-1,-1,-1
622,65,328.84,742.97,64.98,134.17,1,-1,-1,-1
623,65,328.78,742.02,64.23,135.59,1,-1,-1,-1
635,51,571.93,263.02,47.01,97.01,1,-1,-1,-1
637,53,571.01,259.99,47.00,96.00,1,-1,-1,-1
639,69,1015.06,743.13,73.18,134.78,1,-1,-1,-1
639,53,570.86,256.24,46.15,95.17,1,-1,-1,-1
640,69,1013.33,742.02,73.02,135.69,1,-1,-1,-1
640,53,571.57,255.02,44.59,93.60,1,-1,-1,-1
641,69,1012.02,740.96,72.19,136.00,1,-1,-1,-1
642,69,1010.98,739.86,71.20,136.84,1,-1,-1,-1
643,53,571.80,251.80,44.88,93.00,1,-1,-1,-1
650,53,569.11,241.01,45.93,96.78,1,-1,-1,-1
651,53,569.65,239.19,45.98,97.02,1,-1,-1,-1
654,50,991.31,528.25,58.96,125.00,1,-1,-1,-1
655,50,989.46,525.62,59.16,124.27,1,-1,-1,-1
655,53,569.02,233.95,45.10,95.23,1,-1,-1,-1
656,50,988.30,524.08,59.21,124.04,1,-1,-1,-1
656,53,568.27,233.59,44.29,95.69,1,-1,-1,-1
657,50,987.39,523.78,59.20,121.94,1,-1,-1,-1
657,53,568.04,232.92,44.69,95.17,1,-1,-1,-1
658,50,986.58,523.01,58.54,120.49,1,-1,-1,-1
658,39,615.87,408.70,51.99,110.98,1,-1,-1,-1
659,39,617.63,409.21,52.06,111.75,1,-1,-1,-1
660,39,617.50,407.92,53.40,112.05,1,-1,-1,-1
661,39,617.29,405.94,53.25,112.13,1,-1,-1,-1
662,39,616.47,403.06,53.84,112.15,1,-1,-1,-1
663,39,616.09,400.55,54.05,112.80,1,-1,-1,-1
664,39,616.55,398.73,53.46,111.05,1,-1,-1,-1
665,39,616.63,397.34,53.22,110.38,1,-1,-1,-1
666,39,616.57,395.54,53.13,110.79,1,-1,-1,-1
667,39,617.17,394.10,53.09,110.94,1,-1,-1,-1
668,39,617.37,393.63,53.06,110.35,1,-1,-1,-1
669,39,617.35,392.76,52.38,110.78,1,-1,-1,-1
670,39,617.41,391.69,52.13,110.28,1,-1,-1,-1
674,39,616.54,384.00,51.99,110.00,1,-1,-1,-1
675,39,615.61,381.85,52.67,109.28,1,-1,-1,-1
676,39,616.61,380.29,52.23,109.05,1,-1,-1,-1
676,53,565.97,208.05,44.99,93.01,1,-1,-1,-1
677,39,617.59,377.83,51.40,109.60,1,-1,-1,-1
677,53,565.22,206.29,45.68,95.03,1,-1,-1,-1
678,39,618.66,376.31,50.43,109.18,1,-1,-1,-1
678,53,565.00,205.70,45.26,95.05,1,-1,-1,-1
679,53,564.92,205.49,45.09,95.04,1,-1,-1,-1
680,53,564.90,205.49,45.02,94.37,1,-1,-1,-1
680,39,618.28,372.46,50.81,111.32,1,-1,-1,-1
681,39,618.06,371.85,50.94,111.16,1,-1,-1,-1
682,39,618.11,371.58,50.99,111.11,1,-1,-1,-1
682,69,1125.84,621.10,46.02,131.00,1,-1,-1,-1
683,39,617.45,370.84,51.66,111.07,1,-1,-1,-1
683,69,1126.64,620.18,45.87,131.65,1,-1,-1,-1
684,39,617.16,369.28,51.27,110.41,1,-1,-1,-1
684,69,1127.75,620.58,45.09,130.53,1,-1,-1,-1
685,39,617.04,368.78,51.10,108.82,1,-1,-1,-1
685,69,1127.87,620.88,44.85,130.10,1,-1,-1,-1
686,39,617.04,366.57,51.70,108.22,1,-1,-1,-1
687,39,616.36,365.20,51.93,108.67,1,-1,-1,-1
688,39,616.08,362.72,52.01,108.84,1,-1,-1,-1
688,53,564.95,197.12,44.98,93.04,1,-1,-1,-1
689,39,616.05,360.48,51.38,108.90,1,-1,-1,-1
689,53,564.33,196.07,44.99,92.27,1,-1,-1,-1
690,53,564.86,194.99,44.33,92.69,1,-1,-1,-1
693,69,1126.43,619.46,45.94,133.81,1,-1,-1,-1
694,71,79.89,439.28,54.99,116.78,1,-1,-1,-1
695,71,81.66,438.13,55.75,116.15,1,-1,-1,-1
695,39,613.29,354.82,53.80,110.82,1,-1,-1,-1
696,71,82.94,437.05,55.25,115.96,1,-1,-1,-1
696,39,613.73,353.18,52.64,110.98,1,-1,-1,-1
697,71,84.01,435.26,54.31,116.67,1,-1,-1,-1
697,39,613.18,351.31,52.23,110.37,1,-1,-1,-1
698,71,84.98,433.97,54.73,116.20,1,-1,-1,-1
698,39,613.63,349.31,52.07,110.81,1,-1,-1,-1
699,39,613.85,347.95,52.01,110.29,1,-1,-1,-1
700,39,614.01,346.15,51.99,110.77,1,-1,-1,-1
703,39,613.97,342.87,52.81,110.09,1,-1,-1,-1
704,39,613.93,343.28,52.95,109.30,1,-1,-1,-1
705,39,613.91,342.13,53.00,109.69,1,-1,-1,-1
705,53,566.00,182.96,43.99,89.04,1,-1,-1,-1
706,39,613.97,341.09,53.01,109.84,1,-1,-1,-1
706,53,565.33,182.79,43.99,89.64,1,-1,-1,-1
707,39,613.97,339.91,53.01,109.90,1,-1,-1,-1
707,53,565.09,181.25,43.99,89.83,1,-1,-1,-1
708,39,613.31,339.57,53.01,109.28,1,-1,-1,-1
708,53,565.66,180.07,43.99,89.25,1,-1,-1,-1
709,39,613.03,338.28,53.02,108.37,1,-1,-1,-1
709,53,565.17,179.15,43.99,89.69,1,-1,-1,-1
710,53,565.06,178.05,43.99,89.87,1,-1,-1,-1
710,69,1128.03,616.93,44.01,133.98,1,-1,-1,-1
711,72,506.82,423.27,55.78,122.38,1,-1,-1,-1
712,72,506.19,422.17,55.93,122.07,1,-1,-1,-1
712,69,1127.26,617.01,44.76,134.76,1,-1,-1,-1
713,72,505.94,421.09,56.76,121.19,1,-1,-1,-1
713,69,1126.32,616.39,45.60,134.91,1,-1,-1,-1
714,72,505.92,420.80,57.03,120.94,1,-1,-1,-1
714,69,1126.10,616.84,45.91,134.98,1,-1,-1,-1
714,50,943.92,432.96,55.00,111.00,1,-1,-1,-1
714,53,564.97,174.98,43.98,89.96,1,-1,-1,-1
715,72,505.94,419.28,55.66,122.32,1,-1,-1,-1
716,72,505.93,418.19,55.16,123.51,1,-1,-1,-1
716,69,1126.75,617.08,45.21,134.97,1,-1,-1,-1
717,69,1126.97,617.11,45.02,134.96,1,-1,-1,-1
718,69,1127.83,617.04,44.30,134.96,1,-1,-1,-1
718,72,506.81,417.73,54.17,122.32,1,-1,-1,-1
719,69,1127.92,617.73,44.02,133.62,1,-1,-1,-1
719,72,506.22,417.11,54.69,121.30,1,-1,-1,-1
719,71,108.99,404.02,53.00,114.00,1,-1,-1,-1
720,72,506.02,417.62,54.19,120.97,1,-1,-1,-1
720,71,109.29,402.96,54.36,114.67,1,-1,-1,-1
721,73,1074.31,763.61,62.98,115.17,1,-1,-1,-1
721,69,1127.26,617.22,44.73,132.27,1,-1,-1,-1
722,73,1073.20,762.19,62.97,116.54,1,-1,-1,-1
722,69,1127.12,617.05,44.92,131.34,1,-1,-1,-1
723,73,1071.21,761.18,63.75,117.80,1,-1,-1,-1
723,69,1126.25,617.21,45.63,131.68,1,-1,-1,-1
724,69,1126.02,617.07,45.92,132.48,1,-1,-1,-1
725,69,1126.42,617.11,45.35,132.11,1,-1,-1,-1
725,73,1067.22,758.28,63.99,120.65,1,-1,-1,-1
726,69,1126.15,617.12,45.80,132.00,1,-1,-1,-1
727,69,1126.61,616.93,45.32,131.93,1,-1,-1,-1
728,69,1126.22,617.59,45.79,131.28,1,-1,-1,-1
728,73,1061.31,750.84,63.08,128.06,1,-1,-1,-1
729,69,1126.01,617.86,45.95,131.68,1,-1,-1,-1
729,71,117.12,391.05,55.92,114.96,1,-1,-1,-1
730,69,1126.04,617.97,46.02,131.86,1,-1,-1,-1
730,74,621.02,21.57,45.19,94.19,1,-1,-1,-1
730,71,118.72,390.61,56.69,113.61,1,-1,-1,-1
731,69,1125.97,617.46,46.03,132.58,1,-1,-1,-1
731,74,622.58,21.20,44.25,92.48,1,-1,-1,-1
731,71,119.29,389.22,56.28,114.49,1,-1,-1,-1
732,71,120.10,387.37,57.45,115.48,1,-1,-1,-1
733,69,1125.28,617.15,46.79,133.66,1,-1,-1,-1
734,69,1125.11,617.19,46.92,131.88,1,-1,-1,-1
736,50,931.04,406.02,56.98,108.00,1,-1,-1,-1
736,69,1125.00,618.72,46.98,128.79,1,-1,-1,-1
737,50,930.12,405.72,57.69,107.96,1,-1,-1,-1
737,69,1124.97,619.02,46.96,128.80,1,-1,-1,-1
738,69,1125.03,619.04,46.97,129.48,1,-1,-1,-1
739,69,1125.03,619.00,46.97,129.74,1,-1,-1,-1
739,50,929.05,405.41,56.39,107.16,1,-1,-1,-1
740,69,1125.73,619.00,46.32,129.85,1,-1,-1,-1
743,69,1125.95,619.87,46.01,129.06,1,-1,-1,-1
744,69,1126.04,620.69,45.98,129.66,1,-1,-1,-1
753,71,136.07,366.99,54.01,114.00,1,-1,-1,-1
753,69,1126.05,621.03,45.97,127.06,1,-1,-1,-1
754,69,1126.09,620.30,45.99,127.65,1,-1,-1,-1
755,69,1126.72,619.40,45.33,128.49,1,-1,-1,-1
756,69,1127.64,619.72,44.42,128.82,1,-1,-1,-1
757,69,1127.26,619.18,44.75,129.59,1,-1,-1,-1
758,69,1127.84,619.05,44.21,129.90,1,-1,-1,-1
758,50,913.07,377.07,56.98,109.96,1,-1,-1,-1
759,69,1128.00,619.03,44.02,130.01,1,-1,-1,-1
759,50,912.76,375.90,57.01,109.35,1,-1,-1,-1
760,50,911.35,374.86,57.02,109.16,1,-1,-1,-1
761,50,910.81,373.84,57.01,109.07,1,-1,-1,-1
761,69,1127.25,619.87,44.73,130.01,1,-1,-1,-1
762,69,1127.05,620.03,44.92,129.97,1,-1,-1,-1
763,69,1127.01,620.05,44.99,129.28,1,-1,-1,-1
763,50,909.85,373.38,56.21,107.44,1,-1,-1,-1
764,69,1127.05,619.38,45.01,130.37,1,-1,-1,-1
764,71,141.06,351.11,53.98,111.05,1,-1,-1,-1
765,69,1127.64,619.12,44.36,130.77,1,-1,-1,-1
766,69,1127.90,620.36,44.11,129.62,1,-1,-1,-1
767,69,1127.90,620.19,44.02,129.83,1,-1,-1,-1
767,50,907.91,367.16,55.98,106.10,1,-1,-1,-1
767,71,142.06,346.94,53.12,109.24,1,-1,-1,-1
768,69,1127.96,620.10,43.98,130.58,1,-1,-1,-1
768,50,907.08,365.23,56.66,105.98,1,-1,-1,-1
768,71,142.84,345.10,52.99,110.39,1,-1,-1,-1
769,69,1127.32,619.40,44.64,131.51,1,-1,-1,-1
769,50,906.14,363.95,57.55,106.60,1,-1,-1,-1
769,71,142.49,344.55,53.61,110.10,1,-1,-1,-1
770,69,1127.10,619.80,44.88,131.22,1,-1,-1,-1
770,50,905.16,362.17,58.54,107.50,1,-1,-1,-1
770,71,144.27,342.34,52.53,111.33,1,-1,-1,-1
772,69,1127.82,620.75,44.18,131.04,1,-1,-1,-1
773,69,1127.94,620.35,44.02,130.97,1,-1,-1,-1
774,69,1128.06,620.22,43.96,130.96,1,-1,-1,-1
774,72,656.89,738.74,59.99,139.98,1,-1,-1,-1
775,69,1127.39,620.80,44.60,129.62,1,-1,-1,-1
775,72,656.79,741.42,59.39,140.15,1,-1,-1,-1
775,71,146.98,336.87,52.00,111.00,1,-1,-1,-1
776,69,1127.20,621.04,44.85,129.80,1,-1,-1,-1
776,76,287.85,389.50,58.79,122.38,1,-1,-1,-1
776,71,147.83,335.93,53.36,110.98,1,-1,-1,-1
777,69,1126.38,621.76,45.60,129.87,1,-1,-1,-1
777,76,288.77,386.67,58.93,122.83,1,-1,-1,-1
777,71,148.10,335.57,53.14,110.97,1,-1,-1,-1
778,69,1126.84,622.08,45.23,129.25,1,-1,-1,-1
778,76,289.10,385.05,59.77,122.23,1,-1,-1,-1
778,71,148.23,334.87,54.38,109.65,1,-1,-1,-1
779,69,1126.81,622.14,45.07,129.01,1,-1,-1,-1
779,71,148.84,333.93,54.83,109.14,1,-1,-1,-1
780,69,1126.30,622.19,45.69,128.94,1,-1,-1,-1
780,71,148.40,332.96,55.67,109.64,1,-1,-1,-1
780,50,900.99,349.01,59.93,107.96,1,-1,-1,-1
781,69,1127.29,622.88,44.60,128.91,1,-1,-1,-1
781,71,148.90,332.06,55.97,109.16,1,-1,-1,-1
781,50,899.43,348.69,59.99,106.60,1,-1,-1,-1
782,69,1127.15,622.45,44.85,130.24,1,-1,-1,-1
782,71,149.07,330.36,56.08,110.32,1,-1,-1,-1
782,50,899.66,347.19,59.36,106.84,1,-1,-1,-1
783,69,1127.03,622.86,44.95,129.41,1,-1,-1,-1
783,71,149.12,329.16,56.12,111.40,1,-1,-1,-1
783,50,899.70,346.66,58.46,106.91,1,-1,-1,-1
784,69,1127.12,623.03,44.99,129.10,1,-1,-1,-1
784,50,899.20,347.17,58.12,106.94,1,-1,-1,-1
785,69,1127.07,623.67,44.99,128.99,1,-1,-1,-1
785,50,899.63,346.67,56.67,106.30,1,-1,-1,-1
786,69,1127.08,622.62,45.00,129.61,1,-1,-1,-1
786,50,899.82,346.56,56.13,106.06,1,-1,-1,-1
787,69,1127.05,622.26,45.00,129.20,1,-1,-1,-1
787,50,899.87,345.26,55.27,105.31,1,-1,-1,-1
788,69,1127.06,622.12,45.00,129.04,1,-1,-1,-1
788,50,899.26,345.46,55.63,103.05,1,-1,-1,-1
789,69,1127.03,622.09,45.00,129.64,1,-1,-1,-1
789,77,1.11,675.10,4.60,132.67,1,-1,-1,-1
790,69,1127.07,622.14,45.00,130.55,1,-1,-1,-1
791,69,1127.02,622.06,45.00,130.87,1,-1,-1,-1
791,78,1.09,673.84,6.79,132.15,1,-1,-1,-1
792,69,1127.03,622.71,45.00,131.00,1,-1,-1,-1
792,71,152.14,320.04,55.99,108.11,1,-1,-1,-1
792,50,897.10,339.32,55.90,104.71,1,-1,-1,-1
793,69,1127.04,622.23,44.99,130.38,1,-1,-1,-1
793,79,1.12,668.99,9.79,133.16,1,-1,-1,-1
793,71,153.63,318.95,55.28,107.25,1,-1,-1,-1
793,50,896.23,337.28,57.33,105.64,1,-1,-1,-1
794,69,1126.99,621.41,45.00,130.14,1,-1,-1,-1
794,79,1.09,669.59,10.69,129.91,1,-1,-1,-1
794,50,895.19,335.94,58.48,105.30,1,-1,-1,-1
795,69,1126.91,621.08,45.00,130.69,1,-1,-1,-1
795,79,1.15,667.53,12.48,129.62,1,-1,-1,-1
796,79,1.14,665.43,13.79,129.63,1,-1,-1,-1
796,50,894.01,333.12,58.92,105.85,1,-1,-1,-1
797,79,1.11,664.05,15.57,127.51,1,-1,-1,-1
797,69,1126.20,620.25,45.77,130.92,1,-1,-1,-1
798,79,1.06,662.94,17.52,128.26,1,-1,-1,-1
798,69,1126.05,620.06,45.93,130.95,1,-1,-1,-1
799,79,0.83,661.95,19.52,128.55,1,-1,-1,-1
799,69,1126.45,620.73,45.33,130.96,1,-1,-1,-1
800,69,1126.07,622.43,45.09,130.31,1,-1,-1,-1
801,69,1125.96,624.29,45.67,128.75,1,-1,-1,-1
802,69,1126.02,624.23,45.89,127.50,1,-1,-1,-1
802,50,891.94,327.03,58.96,105.96,1,-1,-1,-1
803,69,1126.71,624.83,45.32,128.37,1,-1,-1,-1
804,71,157.02,307.98,54.99,110.87,1,-1,-1,-1
804,50,891.15,323.38,59.76,105.97,1,-1,-1,-1
805,50,890.31,321.31,59.26,106.64,1,-1,-1,-1
805,69,1126.24,625.02,45.83,128.01,1,-1,-1,-1
806,69,1126.13,625.72,45.95,127.29,1,-1,-1,-1
806,71,156.39,303.65,54.98,111.01,1,-1,-1,-1
807,69,1126.16,626.01,45.99,127.70,1,-1,-1,-1
807,71,157.70,302.28,54.30,110.97,1,-1,-1,-1
808,69,1126.08,626.00,46.00,127.86,1,-1,-1,-1
808,71,158.07,300.36,54.06,110.96,1,-1,-1,-1
809,69,1126.04,626.07,46.00,127.93,1,-1,-1,-1
809,71,158.80,299.06,53.97,111.63,1,-1,-1,-1
810,69,1126.04,625.99,46.00,127.96,1,-1,-1,-1
810,71,159.09,297.86,53.94,111.88,1,-1,-1,-1
811,69,1126.05,626.04,46.00,127.96,1,-1,-1,-1
812,69,1125.32,625.36,46.66,127.98,1,-1,-1,-1
812,80,1.03,641.40,38.59,129.58,1,-1,-1,-1
813,69,1125.10,626.51,46.90,127.33,1,-1,-1,-1
813,80,1.07,638.58,39.64,130.65,1,-1,-1,-1
814,69,1125.00,624.77,47.01,128.39,1,-1,-1,-1
814,50,885.14,311.90,57.06,105.04,1,-1,-1,-1
815,69,1125.68,623.49,46.38,128.80,1,-1,-1,-1
815,80,1.18,635.04,43.54,130.10,1,-1,-1,-1
816,69,1125.97,622.35,45.47,128.96,1,-1,-1,-1
816,80,1.22,634.56,44.83,129.94,1,-1,-1,-1
816,50,881.69,309.79,57.76,104.17,1,-1,-1,-1
817,69,1125.28,621.85,46.45,129.00,1,-1,-1,-1
817,80,1.27,632.98,47.98,131.29,1,-1,-1,-1
817,50,880.27,308.07,58.59,104.00,1,-1,-1,-1
818,69,1125.10,621.94,46.82,128.36,1,-1,-1,-1
818,50,879.16,307.03,59.56,103.95,1,-1,-1,-1
818,76,311.01,331.99,58.00,116.00,1,-1,-1,-1
819,69,1125.59,621.94,46.30,128.12,1,-1,-1,-1
819,50,878.03,305.32,60.57,105.27,1,-1,-1,-1
820,69,1125.11,622.64,46.76,128.03,1,-1,-1,-1
820,50,878.28,305.42,59.64,105.10,1,-1,-1,-1
820,71,164.94,285.01,53.00,108.10,1,-1,-1,-1
821,69,1125.61,624.16,46.28,128.01,1,-1,-1,-1
821,50,878.41,304.75,58.61,105.05,1,-1,-1,-1
821,71,165.74,283.92,52.98,108.65,1,-1,-1,-1
822,69,1125.87,624.10,46.09,127.99,1,-1,-1,-1
822,50,877.90,303.93,58.22,105.68,1,-1,-1,-1
823,69,1125.31,624.05,46.69,128.64,1,-1,-1,-1
824,69,1125.76,624.08,46.25,128.24,1,-1,-1,-1
824,71,167.92,280.06,52.11,108.04,1,-1,-1,-1
825,69,1125.90,624.06,46.08,128.09,1,-1,-1,-1
826,69,1125.30,624.09,46.69,128.03,1,-1,-1,-1
827,69,1124.44,623.32,47.57,127.99,1,-1,-1,-1
828,69,1124.79,623.77,47.24,128.00,1,-1,-1,-1
828,50,872.14,293.40,59.85,105.96,1,-1,-1,-1
829,69,1124.91,623.24,47.11,128.65,1,-1,-1,-1
829,50,871.12,292.70,59.30,105.29,1,-1,-1,-1
830,69,1124.93,623.07,47.06,128.23,1,-1,-1,-1
830,50,870.10,291.84,59.11,105.06,1,-1,-1,-1
831,69,1124.35,622.96,47.70,127.43,1,-1,-1,-1
831,80,8.21,617.05,58.84,124.07,1,-1,-1,-1
832,69,1124.75,622.97,47.27,127.11,1,-1,-1,-1
832,80,9.71,616.68,59.78,123.88,1,-1,-1,-1
833,69,1124.93,622.99,47.12,127.00,1,-1,-1,-1
833,80,10.87,613.95,60.14,125.15,1,-1,-1,-1
833,50,868.86,289.70,55.62,104.13,1,-1,-1,-1
834,69,1124.95,623.67,47.05,126.96,1,-1,-1,-1
834,80,12.56,610.90,59.60,126.30,1,-1,-1,-1
835,69,1125.72,623.81,45.71,127.61,1,-1,-1,-1
835,80,13.92,608.49,58.73,127.40,1,-1,-1,-1
836,80,15.00,606.32,58.37,127.82,1,-1,-1,-1
837,80,16.61,604.18,56.91,127.99,1,-1,-1,-1
837,76,321.00,305.00,61.96,118.97,1,-1,-1,-1
837,69,1126.02,623.19,45.90,127.12,1,-1,-1,-1
838,80,17.93,602.91,56.34,128.04,1,-1,-1,-1
838,69,1126.74,623.16,45.28,128.35,1,-1,-1,-1
839,80,18.98,601.85,56.78,128.06,1,-1,-1,-1
839,69,1126.29,623.21,45.72,128.13,1,-1,-1,-1
840,69,1126.69,623.13,44.56,128.05,1,-1,-1,-1
840,76,323.89,301.96,61.99,114.76,1,-1,-1,-1
841,69,1126.89,623.75,44.80,128.00,1,-1,-1,-1
842,69,1127.63,623.84,44.24,127.99,1,-1,-1,-1
843,69,1127.97,623.95,44.02,128.64,1,-1,-1,-1
846,69,1127.23,624.93,44.81,128.92,1,-1,-1,-1
847,69,1127.09,625.07,44.95,128.28,1,-1,-1,-1
848,69,1126.33,625.13,45.66,128.72,1,-1,-1,-1
849,69,1126.09,625.18,45.93,127.57,1,-1,-1,-1
850,69,1126.01,625.15,46.03,127.14,1,-1,-1,-1
851,69,1125.98,625.82,46.05,126.99,1,-1,-1,-1
852,69,1126.57,626.04,45.40,126.94,1,-1,-1,-1
853,69,1126.80,626.12,45.15,126.91,1,-1,-1,-1
854,69,1126.89,625.55,44.40,127.58,1,-1,-1,-1
855,69,1126.34,625.27,45.44,127.84,1,-1,-1,-1
856,69,1126.74,625.76,45.16,127.27,1,-1,-1,-1
857,69,1126.92,626.06,45.06,127.07,1,-1,-1,-1
858,69,1126.98,626.77,45.01,126.33,1,-1,-1,-1
859,69,1126.29,626.41,45.65,127.37,1,-1,-1,-1
860,69,1126.02,626.96,45.90,127.78,1,-1,-1,-1
861,69,1125.97,627.07,45.99,127.93,1,-1,-1,-1
862,69,1125.98,627.07,46.02,128.64,1,-1,-1,-1
863,69,1126.01,627.06,46.04,128.91,1,-1,-1,-1
864,69,1125.98,627.02,46.04,128.36,1,-1,-1,-1
865,69,1126.01,627.59,46.04,128.12,1,-1,-1,-1
866,69,1126.01,627.94,46.03,127.40,1,-1,-1,-1
868,69,1126.06,627.31,46.00,127.84,1,-1,-1,-1
869,69,1126.12,627.15,45.97,129.29,1,-1,-1,-1
870,69,1126.05,626.44,45.97,129.16,1,-1,-1,-1
871,69,1126.05,626.13,45.97,129.75,1,-1,-1,-1
872,69,1126.11,626.67,45.97,129.97,1,-1,-1,-1
873,69,1126.08,626.82,45.98,129.39,1,-1,-1,-1
874,69,1126.04,626.96,45.98,129.16,1,-1,-1,-1
875,69,1126.77,626.93,45.32,129.07,1,-1,-1,-1
876,69,1126.93,626.34,45.07,129.70,1,-1,-1,-1
877,69,1126.43,626.70,45.65,129.27,1,-1,-1,-1
877,50,835.99,335.88,56.00,114.98,1,-1,-1,-1
878,69,1126.22,626.24,45.87,129.77,1,-1,-1,-1
879,69,1126.10,626.70,45.94,128.64,1,-1,-1,-1
880,69,1125.99,626.92,45.98,128.86,1,-1,-1,-1
881,69,1125.96,627.07,45.99,128.95,1,-1,-1,-1
882,69,1126.60,627.12,45.33,128.33,1,-1,-1,-1
883,69,1126.83,625.62,45.08,128.75,1,-1,-1,-1
883,71,206.00,219.99,49.00,99.00,1,-1,-1,-1
885,69,1125.40,625.85,46.54,128.92,1,-1,-1,-1
886,69,1125.75,625.96,46.21,128.29,1,-1,-1,-1
887,69,1125.85,625.87,46.09,128.72,1,-1,-1,-1
888,69,1125.90,626.56,46.04,128.23,1,-1,-1,-1
889,69,1125.93,626.19,46.02,128.04,1,-1,-1,-1
889,71,207.15,216.81,48.98,98.03,1,-1,-1,-1
890,69,1125.99,625.41,46.02,129.30,1,-1,-1,-1
891,69,1125.97,625.11,46.01,129.77,1,-1,-1,-1
891,71,207.99,215.88,49.78,97.17,1,-1,-1,-1
892,69,1125.44,623.46,46.68,129.95,1,-1,-1,-1
893,69,1125.10,622.39,46.92,130.68,1,-1,-1,-1
894,69,1125.69,623.40,46.35,129.64,1,-1,-1,-1
895,69,1125.84,625.14,46.14,128.57,1,-1,-1,-1
896,69,1125.96,624.46,46.05,129.50,1,-1,-1,-1
897,69,1126.02,624.80,46.02,129.83,1,-1,-1,-1
898,69,1126.04,624.30,46.00,129.31,1,-1,-1,-1
899,69,1125.94,624.08,46.00,129.76,1,-1,-1,-1
900,69,1124.74,623.91,47.32,128.61,1,-1,-1,-1
901,69,1124.71,623.25,47.15,126.84,1,-1,-1,-1
902,69,1124.74,623.77,47.09,124.87,1,-1,-1,-1
903,69,1124.09,623.99,47.71,124.79,1,-1,-1,-1
904,69,1123.93,624.07,47.95,125.45,1,-1,-1,-1
905,69,1123.08,624.71,48.68,124.37,1,-1,-1,-1
906,69,1122.93,624.12,48.98,124.66,1,-1,-1,-1
907,69,1123.67,625.38,48.41,124.12,1,-1,-1,-1
908,69,1123.95,625.19,48.19,124.60,1,-1,-1,-1
909,69,1124.74,626.37,47.45,126.11,1,-1,-1,-1
910,69,1125.72,626.00,46.49,126.69,1,-1,-1,-1
911,69,1124.61,625.29,47.46,126.24,1,-1,-1,-1
912,69,1124.92,625.14,47.16,126.09,1,-1,-1,-1
913,69,1124.26,625.84,47.71,126.02,1,-1,-1,-1
914,69,1123.31,625.59,48.57,126.01,1,-1,-1,-1
915,69,1123.58,625.34,48.24,126.64,1,-1,-1,-1
916,69,1124.58,625.74,47.46,126.23,1,-1,-1,-1
917,69,1124.21,625.21,47.82,126.07,1,-1,-1,-1
918,69,1124.77,625.05,47.30,126.02,1,-1,-1,-1
919,69,1124.22,625.09,47.76,124.66,1,-1,-1,-1
920,69,1123.36,624.43,48.59,125.48,1,-1,-1,-1
921,69,1123.07,624.27,48.90,127.78,1,-1,-1,-1
927,69,1124.06,627.71,48.05,125.18,1,-1,-1,-1
928,69,1124.20,628.04,47.98,124.28,1,-1,-1,-1
928,71,136.17,390.63,50.99,114.96,1,-1,-1,-1
929,69,1124.06,628.03,47.95,123.97,1,-1,-1,-1
929,82,328.09,316.09,42.79,109.78,1,-1,-1,-1
930,69,1123.52,628.04,48.61,123.23,1,-1,-1,-1
930,83,378.07,729.99,58.78,138.99,1,-1,-1,-1
931,69,1123.18,627.43,48.86,122.94,1,-1,-1,-1
931,83,377.34,729.04,58.93,138.20,1,-1,-1,-1
932,69,1123.87,626.62,48.30,124.85,1,-1,-1,-1
932,82,328.10,314.97,41.09,107.14,1,-1,-1,-1
934,69,1124.65,626.25,47.26,124.93,1,-1,-1,-1
935,69,1124.18,626.08,47.71,123.60,1,-1,-1,-1
938,50,467.16,340.06,58.00,107.00,1,-1,-1,-1
940,69,1124.04,623.91,47.94,125.74,1,-1,-1,-1
941,69,1124.54,623.90,47.28,125.96,1,-1,-1,-1
942,69,1124.84,623.89,47.06,126.04,1,-1,-1,-1
943,69,1124.90,623.87,46.99,126.06,1,-1,-1,-1
944,69,1124.24,623.20,47.63,125.41,1,-1,-1,-1
944,83,375.99,704.04,58.00,142.97,1,-1,-1,-1
945,69,1123.95,623.64,47.87,125.15,1,-1,-1,-1
945,83,375.89,703.41,57.97,141.73,1,-1,-1,-1
946,83,375.93,702.56,57.97,143.96,1,-1,-1,-1
947,83,375.26,700.95,57.97,144.78,1,-1,-1,-1
948,69,1124.83,624.72,47.12,124.15,1,-1,-1,-1
949,84,161.92,358.90,49.99,108.18,1,-1,-1,-1
949,69,1124.31,624.26,47.68,123.98,1,-1,-1,-1
949,83,373.47,698.07,57.96,143.47,1,-1,-1,-1
950,69,1124.06,624.16,47.86,123.95,1,-1,-1,-1
951,69,1123.35,623.39,48.60,124.59,1,-1,-1,-1
952,69,1123.74,622.37,48.23,126.16,1,-1,-1,-1
952,84,162.98,352.24,50.93,103.26,1,-1,-1,-1
953,69,1123.21,622.74,48.74,125.43,1,-1,-1,-1
954,69,1123.08,622.89,48.94,125.82,1,-1,-1,-1
954,82,327.96,290.00,42.99,106.00,1,-1,-1,-1
955,69,1123.10,622.90,48.99,126.61,1,-1,-1,-1
956,69,1123.10,622.28,49.02,126.92,1,-1,-1,-1
956,86,467.87,324.28,55.19,100.59,1,-1,-1,-1
956,82,329.73,287.13,42.22,106.77,1,-1,-1,-1
957,69,1123.56,624.05,48.36,125.70,1,-1,-1,-1
957,86,468.00,323.17,55.79,101.65,1,-1,-1,-1
959,69,1124.67,624.08,47.28,125.13,1,-1,-1,-1
960,69,1124.24,624.71,47.71,125.01,1,-1,-1,-1
961,69,1124.02,623.56,47.87,124.95,1,-1,-1,-1
961,86,468.05,319.09,55.03,102.95,1,-1,-1,-1
962,86,468.16,318.10,55.67,103.02,1,-1,-1,-1
964,69,1124.04,623.04,47.94,125.78,1,-1,-1,-1
964,86,468.13,313.72,56.70,103.81,1,-1,-1,-1
965,69,1123.92,623.00,47.96,125.92,1,-1,-1,-1
966,69,1123.97,623.69,47.96,125.98,1,-1,-1,-1
967,69,1123.92,623.97,47.97,126.00,1,-1,-1,-1
968,69,1123.92,624.14,47.97,124.69,1,-1,-1,-1
968,50,194.16,448.71,53.01,114.98,1,-1,-1,-1
969,50,191.36,449.47,53.65,114.42,1,-1,-1,-1
970,71,195.81,449.25,52.99,112.00,1,-1,-1,-1
971,71,197.28,447.87,53.01,111.96,1,-1,-1,-1
976,84,181.01,316.90,48.00,104.99,1,-1,-1,-1
976,69,1124.01,622.14,47.96,122.08,1,-1,-1,-1
977,84,180.50,315.75,48.65,105.72,1,-1,-1,-1
978,84,181.03,315.52,48.87,105.31,1,-1,-1,-1
979,84,181.16,314.76,48.94,104.47,1,-1,-1,-1
979,69,1123.95,621.97,47.95,121.09,1,-1,-1,-1
980,69,1123.94,621.87,47.96,121.66,1,-1,-1,-1
983,69,1124.85,621.90,47.11,121.90,1,-1,-1,-1
985,69,1123.46,621.94,48.56,120.36,1,-1,-1,-1
988,69,1123.09,622.77,48.91,117.43,1,-1,-1,-1
989,69,1122.99,622.78,48.95,118.39,1,-1,-1,-1
990,69,1123.08,622.24,48.97,118.74,1,-1,-1,-1
990,71,218.14,425.20,53.98,112.98,1,-1,-1,-1
991,69,1122.96,622.65,48.97,119.51,1,-1,-1,-1
991,71,219.77,424.01,54.00,113.68,1,-1,-1,-1
992,69,1123.01,622.20,48.98,119.82,1,-1,-1,-1
992,71,220.99,422.95,54.01,113.27,1,-1,-1,-1
993,69,1123.63,621.99,48.33,120.58,1,-1,-1,-1
993,71,222.06,421.96,54.02,113.76,1,-1,-1,-1
994,84,189.02,293.06,49.97,101.03,1,-1,-1,-1
995,71,225.02,419.84,53.99,113.94,1,-1,-1,-1
996,71,226.16,419.62,53.29,113.28,1,-1,-1,-1
997,84,192.76,288.83,49.98,98.38,1,-1,-1,-1
998,84,193.18,289.21,49.97,98.03,1,-1,-1,-1
999,84,194.02,287.93,49.96,98.56,1,-1,-1,-1
1000,84,193.61,288.13,49.97,98.13,1,-1,-1,-1
1000,71,228.34,415.09,54.76,109.43,1,-1,-1,-1
1001,83,353.00,614.01,57.00,130.01,1,-1,-1,-1
1002,83,351.46,610.53,57.00,129.21,1,-1,-1,-1
1002,84,195.69,285.08,48.40,97.17,1,-1,-1,-1
1002,71,230.79,412.07,54.15,108.98,1,-1,-1,-1
1003,84,196.84,282.50,48.73,97.68,1,-1,-1,-1
1004,84,197.16,279.67,49.51,98.54,1,-1,-1,-1
1005,84,197.29,278.80,49.81,97.53,1,-1,-1,-1
1005,86,542.91,430.78,54.00,120.97,1,-1,-1,-1
1005,71,232.28,407.15,55.66,110.65,1,-1,-1,-1
1006,84,197.98,277.84,49.93,97.82,1,-1,-1,-1
1007,84,198.37,276.07,49.97,97.24,1,-1,-1,-1
1008,84,199.85,274.73,49.33,97.06,1,-1,-1,-1
1008,71,236.06,403.85,55.09,110.93,1,-1,-1,-1
1010,84,201.11,271.93,49.82,98.52,1,-1,-1,-1
1011,84,201.28,270.74,50.61,98.20,1,-1,-1,-1
1012,50,0.83,372.28,34.02,109.00,1,-1,-1,-1
1012,71,242.76,398.07,54.07,110.06,1,-1,-1,-1
1013,50,0.29,369.80,33.91,108.24,1,-1,-1,-1
1013,84,202.22,267.18,50.13,98.02,1,-1,-1,-1
1014,50,0.04,367.46,34.56,108.01,1,-1,-1,-1
1014,83,347.03,588.90,59.93,127.99,1,-1,-1,-1
1014,86,539.72,421.62,54.94,122.90,1,-1,-1,-1
1014,71,246.77,395.80,52.38,109.95,1,-1,-1,-1
1015,83,346.27,587.58,60.03,125.88,1,-1,-1,-1
1015,84,203.28,263.11,49.97,97.96,1,-1,-1,-1
1016,83,345.30,586.54,60.71,123.87,1,-1,-1,-1
1016,84,204.69,261.13,49.95,99.32,1,-1,-1,-1
1017,83,345.54,584.34,60.31,123.80,1,-1,-1,-1
1018,83,344.98,582.86,59.49,123.80,1,-1,-1,-1
1018,84,205.20,257.31,49.94,102.18,1,-1,-1,-1
1019,83,344.15,580.41,59.16,125.13,1,-1,-1,-1
1020,83,343.79,577.48,59.06,126.31,1,-1,-1,-1
1020,71,253.99,386.13,51.03,110.89,1,-1,-1,-1
1021,71,255.77,384.83,49.57,111.65,1,-1,-1,-1
1021,84,206.13,255.57,49.94,98.65,1,-1,-1,-1
1022,71,256.99,383.12,49.77,112.58,1,-1,-1,-1
1023,71,258.00,381.99,49.18,112.26,1,-1,-1,-1
1024,71,258.38,380.78,49.64,110.83,1,-1,-1,-1
1025,71,259.18,379.91,50.48,109.60,1,-1,-1,-1
1026,71,259.46,378.87,51.46,107.83,1,-1,-1,-1
1027,71,260.84,377.92,51.18,107.82,1,-1,-1,-1
1029,71,261.51,373.42,51.80,108.66,1,-1,-1,-1
1030,71,262.19,371.88,51.92,108.23,1,-1,-1,-1
1032,71,263.22,368.27,52.73,111.15,1,-1,-1,-1
1033,90,472.88,240.19,56.97,95.98,1,-1,-1,-1
1033,71,264.13,366.79,51.56,111.78,1,-1,-1,-1
1035,91,543.80,732.72,64.78,131.37,1,-1,-1,-1
1035,71,265.97,364.79,51.86,109.66,1,-1,-1,-1
1036,91,543.99,731.07,64.92,132.61,1,-1,-1,-1
1036,84,215.99,229.11,48.01,95.03,1,-1,-1,-1
1037,91,542.40,729.13,64.98,133.02,1,-1,-1,-1
1038,91,541.21,727.95,65.75,133.12,1,-1,-1,-1
1039,84,217.05,225.76,47.96,94.09,1,-1,-1,-1
1040,84,217.90,224.73,47.97,93.99,1,-1,-1,-1
1041,84,218.83,224.33,47.96,94.60,1,-1,-1,-1
1042,91,539.92,721.15,64.11,128.36,1,-1,-1,-1
1043,91,539.93,718.52,63.21,128.58,1,-1,-1,-1
1043,90,474.00,228.03,56.00,100.97,1,-1,-1,-1
1043,71,276.83,354.99,51.96,108.98,1,-1,-1,-1
1043,84,220.02,224.30,47.96,93.32,1,-1,-1,-1
1044,71,278.06,353.93,51.98,108.29,1,-1,-1,-1
1044,84,220.95,222.40,47.28,93.72,1,-1,-1,-1
1045,71,278.33,352.87,51.98,107.38,1,-1,-1,-1
1045,84,220.44,221.07,47.72,93.18,1,-1,-1,-1
1045,91,538.22,714.98,62.13,129.55,1,-1,-1,-1
1046,71,279.89,351.85,50.67,107.06,1,-1,-1,-1
1046,84,221.72,219.27,47.88,94.99,1,-1,-1,-1
1047,71,281.03,351.60,50.18,106.94,1,-1,-1,-1
1047,90,474.07,223.21,56.86,101.01,1,-1,-1,-1
1048,71,282.76,350.87,49.34,106.25,1,-1,-1,-1
1049,84,223.14,214.37,47.96,92.44,1,-1,-1,-1
1050,84,223.88,212.34,46.60,92.04,1,-1,-1,-1
1050,71,285.00,348.97,49.00,106.76,1,-1,-1,-1
1051,84,224.86,212.43,46.13,91.23,1,-1,-1,-1
1051,71,286.02,347.35,48.97,106.24,1,-1,-1,-1
1052,84,225.17,210.42,45.97,91.63,1,-1,-1,-1
1052,71,287.01,346.06,48.96,106.74,1,-1,-1,-1
1053,84,225.94,209.71,45.91,90.45,1,-1,-1,-1
1053,71,288.00,344.94,49.61,106.25,1,-1,-1,-1
1054,84,226.84,209.43,45.90,91.36,1,-1,-1,-1
1054,71,288.98,343.85,49.87,105.41,1,-1,-1,-1
1055,84,226.46,208.95,46.57,91.69,1,-1,-1,-1
1055,71,289.94,342.39,49.97,106.41,1,-1,-1,-1
1056,84,227.02,206.63,46.82,91.84,1,-1,-1,-1
1056,71,290.99,341.05,50.00,106.81,1,-1,-1,-1
1057,71,291.34,339.33,50.01,108.26,1,-1,-1,-1
1058,84,228.81,203.37,46.16,92.70,1,-1,-1,-1
1060,71,294.12,335.14,50.83,108.88,1,-1,-1,-1
1061,71,294.40,334.71,50.94,108.26,1,-1,-1,-1
1062,71,295.11,333.86,50.98,108.07,1,-1,-1,-1
1062,84,231.97,198.87,45.08,95.60,1,-1,-1,-1
1063,71,297.40,334.33,50.99,106.00,1,-1,-1,-1
1063,84,232.26,197.98,44.97,95.25,1,-1,-1,-1
1063,91,530.97,684.01,64.96,126.02,1,-1,-1,-1
1064,71,298.82,334.47,50.34,105.24,1,-1,-1,-1
1065,84,233.11,195.91,44.94,94.30,1,-1,-1,-1
1066,84,233.88,194.28,44.96,94.72,1,-1,-1,-1
1067,84,233.49,192.45,45.63,92.88,1,-1,-1,-1
1068,84,234.64,190.39,45.23,92.20,1,-1,-1,-1
1068,91,530.00,673.14,63.14,125.96,1,-1,-1,-1
1071,84,236.10,185.93,44.99,91.95,1,-1,-1,-1
1073,83,321.01,492.00,61.99,127.99,1,-1,-1,-1
1073,71,310.93,322.07,50.94,104.01,1,-1,-1,-1
1075,90,474.03,195.03,57.99,97.01,1,-1,-1,-1
1075,71,313.98,319.87,49.38,104.77,1,-1,-1,-1
1076,71,315.05,318.84,49.04,104.27,1,-1,-1,-1
1077,71,316.09,318.01,48.93,103.41,1,-1,-1,-1
1078,71,316.42,316.35,49.56,103.76,1,-1,-1,-1
1079,71,317.22,315.02,49.80,103.22,1,-1,-1,-1
1080,71,318.16,313.95,49.25,102.36,1,-1,-1,-1
1081,71,319.77,312.19,48.36,102.71,1,-1,-1,-1
1082,71,321.65,309.52,48.71,104.17,1,-1,-1,-1
1082,91,523.04,643.03,64.94,129.91,1,-1,-1,-1
1083,91,522.83,641.00,65.67,130.04,1,-1,-1,-1
1085,84,243.01,168.94,45.96,92.97,1,-1,-1,-1
1089,95,870.11,465.24,55.97,119.18,1,-1,-1,-1
1091,95,869.01,465.80,54.17,118.10,1,-1,-1,-1
1092,95,867.35,464.41,53.88,114.89,1,-1,-1,-1
1093,95,865.37,461.73,55.28,111.70,1,-1,-1,-1
1093,91,520.99,623.01,64.98,127.07,1,-1,-1,-1
1093,84,247.99,159.06,45.96,92.02,1,-1,-1,-1
1094,91,520.22,621.07,65.65,128.35,1,-1,-1,-1
1094,84,248.15,157.22,45.97,91.98,1,-1,-1,-1
1095,91,520.64,619.73,65.87,128.72,1,-1,-1,-1
1095,84,248.24,156.69,45.98,91.28,1,-1,-1,-1
1096,91,520.14,618.12,65.96,129.57,1,-1,-1,-1
1096,84,248.19,156.56,45.99,91.05,1,-1,-1,-1
1097,84,248.17,155.26,45.99,90.96,1,-1,-1,-1
1097,71,335.05,291.99,51.93,103.98,1,-1,-1,-1
1098,84,248.10,153.45,45.34,90.94,1,-1,-1,-1
1098,71,334.57,291.01,52.71,104.00,1,-1,-1,-1
1100,84,248.24,151.07,45.82,90.16,1,-1,-1,-1
1101,84,248.26,149.92,46.60,90.69,1,-1,-1,-1
1101,71,336.33,289.68,52.96,103.97,1,-1,-1,-1
1102,71,337.09,288.87,52.28,103.30,1,-1,-1,-1
1103,71,338.04,288.01,52.70,102.39,1,-1,-1,-1
1104,71,338.31,285.79,52.87,101.40,1,-1,-1,-1
1105,71,339.07,284.38,53.59,102.36,1,-1,-1,-1
1105,84,249.98,145.92,46.04,91.83,1,-1,-1,-1
1106,71,339.36,283.20,54.52,101.40,1,-1,-1,-1
1107,71,340.06,281.39,54.22,101.72,1,-1,-1,-1
1109,71,341.23,279.83,54.83,103.43,1,-1,-1,-1
1110,71,341.40,279.60,55.60,103.18,1,-1,-1,-1
1110,84,251.12,140.16,45.05,91.05,1,-1,-1,-1
1111,71,342.07,278.88,55.22,103.76,1,-1,-1,-1
1111,84,251.82,139.76,44.97,91.67,1,-1,-1,-1
1112,71,342.92,278.04,55.73,103.97,1,-1,-1,-1
1112,84,252.01,139.01,44.94,91.22,1,-1,-1,-1
1113,71,343.23,277.73,55.92,103.38,1,-1,-1,-1
1113,84,252.77,138.74,44.94,91.70,1,-1,-1,-1
1115,84,253.98,137.05,44.94,91.91,1,-1,-1,-1
1116,84,254.81,136.12,44.28,91.28,1,-1,-1,-1
1117,84,255.11,135.82,44.04,91.06,1,-1,-1,-1
1117,83,506.80,295.13,45.01,108.02,1,-1,-1,-1
1118,84,255.18,135.14,43.96,89.66,1,-1,-1,-1
1118,71,348.02,273.15,55.04,103.01,1,-1,-1,-1
1119,84,255.10,134.86,44.60,88.47,1,-1,-1,-1
1119,71,348.90,272.16,54.27,102.28,1,-1,-1,-1
1120,84,255.83,133.39,44.85,88.04,1,-1,-1,-1
1121,84,256.11,131.52,44.94,89.21,1,-1,-1,-1
1121,71,350.97,270.87,53.20,100.45,1,-1,-1,-1
1122,84,256.87,129.45,44.32,89.66,1,-1,-1,-1
1124,90,257.19,402.78,57.00,117.98,1,-1,-1,-1
1125,90,256.05,404.74,56.98,117.53,1,-1,-1,-1
1126,96,1125.69,589.70,46.17,124.98,1,-1,-1,-1
1127,96,1125.81,589.84,46.01,126.51,1,-1,-1,-1
1127,84,259.99,124.80,43.98,91.76,1,-1,-1,-1
1128,96,1125.87,589.91,45.97,125.49,1,-1,-1,-1
1129,96,1125.98,589.96,45.97,125.12,1,-1,-1,-1
1130,96,1125.98,589.22,45.98,127.19,1,-1,-1,-1
1131,71,359.03,259.97,52.00,99.98,1,-1,-1,-1
1132,71,359.93,258.22,51.28,99.29,1,-1,-1,-1
1132,96,1125.98,588.99,45.97,127.08,1,-1,-1,-1
1137,95,838.99,404.96,48.00,112.00,1,-1,-1,-1
1138,95,838.92,403.89,47.24,112.01,1,-1,-1,-1
1139,95,837.39,403.54,48.37,112.01,1,-1,-1,-1
1139,96,1127.94,587.05,44.05,127.92,1,-1,-1,-1
1140,95,836.90,402.86,48.11,112.01,1,-1,-1,-1
1140,96,1127.28,587.02,44.65,128.68,1,-1,-1,-1
1140,84,265.07,110.08,43.98,90.02,1,-1,-1,-1
1140,71,368.94,249.91,51.92,101.84,1,-1,-1,-1
1141,95,836.10,401.20,47.33,114.03,1,-1,-1,-1
1141,96,1127.10,586.90,44.83,128.27,1,-1,-1,-1
1141,71,369.97,249.56,51.98,100.64,1,-1,-1,-1
1141,91,509.02,549.01,60.00,120.01,1,-1,-1,-1
1142,96,1127.06,587.02,44.91,128.12,1,-1,-1,-1
1142,71,370.92,248.23,52.00,102.23,1,-1,-1,-1
1143,71,371.22,247.22,52.66,102.15,1,-1,-1,-1
1144,71,371.96,246.24,52.26,102.78,1,-1,-1,-1
1145,71,372.20,244.60,52.09,103.65,1,-1,-1,-1
1146,71,372.31,243.19,52.04,103.33,1,-1,-1,-1
1147,71,372.95,242.74,52.01,100.55,1,-1,-1,-1
1147,96,1125.10,588.14,46.77,124.32,1,-1,-1,-1
1148,71,373.83,242.67,51.35,100.15,1,-1,-1,-1
1148,96,1124.98,588.86,46.96,123.97,1,-1,-1,-1
1149,71,374.21,242.58,51.76,101.33,1,-1,-1,-1
1149,96,1124.91,588.98,47.02,123.84,1,-1,-1,-1
1150,71,374.30,241.86,52.57,99.80,1,-1,-1,-1
1150,96,1124.27,589.67,47.70,123.15,1,-1,-1,-1
1150,99,500.24,263.87,45.18,106.58,1,-1,-1,-1
1151,71,374.93,241.73,52.22,99.22,1,-1,-1,-1
1151,96,1124.62,590.02,47.30,122.91,1,-1,-1,-1
1151,99,499.29,263.12,45.01,106.88,1,-1,-1,-1
1152,71,375.83,241.04,51.43,98.35,1,-1,-1,-1
1152,96,1124.86,589.52,47.14,122.85,1,-1,-1,-1
1153,71,376.16,239.58,51.12,98.03,1,-1,-1,-1
1153,96,1124.92,589.36,47.08,123.49,1,-1,-1,-1
1154,71,376.25,238.94,51.68,97.92,1,-1,-1,-1
1155,71,376.23,237.38,52.54,99.21,1,-1,-1,-1
1156,71,377.60,235.44,51.56,99.70,1,-1,-1,-1
1157,71,378.77,233.44,51.18,100.54,1,-1,-1,-1
1158,71,379.17,232.06,51.70,100.22,1,-1,-1,-1
1159,71,379.26,231.71,52.55,100.08,1,-1,-1,-1
1159,83,623.06,296.80,44.00,102.00,1,-1,-1,-1
1160,71,380.70,230.91,52.87,100.68,1,-1,-1,-1
1161,71,381.23,229.89,52.99,100.91,1,-1,-1,-1
1162,71,381.98,228.86,52.38,101.00,1,-1,-1,-1
1162,96,1123.13,589.94,48.89,123.93,1,-1,-1,-1
1163,71,383.01,227.96,52.15,101.02,1,-1,-1,-1
1163,96,1123.80,589.89,48.32,124.65,1,-1,-1,-1
1164,71,383.91,227.64,52.06,100.38,1,-1,-1,-1
1164,96,1123.99,589.97,48.12,124.91,1,-1,-1,-1
1165,71,384.90,228.26,51.35,100.13,1,-1,-1,-1
1165,96,1123.96,590.04,48.03,123.68,1,-1,-1,-1
1166,71,385.82,227.88,51.10,100.04,1,-1,-1,-1
1166,96,1123.99,590.07,48.01,123.22,1,-1,-1,-1
1167,71,386.83,227.10,49.67,99.34,1,-1,-1,-1
1167,96,1124.62,589.41,47.34,124.36,1,-1,-1,-1
1168,71,387.92,226.10,50.48,100.41,1,-1,-1,-1
1168,96,1124.99,589.78,47.09,124.81,1,-1,-1,-1
1168,100,1018.93,761.25,62.78,117.58,1,-1,-1,-1
1169,71,388.90,224.52,50.12,101.47,1,-1,-1,-1
1169,96,1125.01,589.99,46.99,124.30,1,-1,-1,-1
1169,100,1018.07,760.16,62.91,118.65,1,-1,-1,-1
1170,96,1125.05,590.73,46.97,124.12,1,-1,-1,-1
1170,100,1017.87,759.10,61.44,119.80,1,-1,-1,-1
1171,96,1124.88,590.41,46.95,124.69,1,-1,-1,-1
1172,96,1124.94,590.19,46.96,125.57,1,-1,-1,-1
1172,71,390.09,221.36,49.96,101.91,1,-1,-1,-1
1174,100,1013.05,754.19,60.02,124.72,1,-1,-1,-1
1175,100,1012.01,751.59,60.68,127.20,1,-1,-1,-1
1175,96,1125.06,589.15,46.96,125.91,1,-1,-1,-1
1175,71,392.04,219.02,49.96,102.79,1,-1,-1,-1
1176,96,1125.09,589.72,46.96,124.59,1,-1,-1,-1
1176,71,392.93,218.73,50.65,102.26,1,-1,-1,-1
1177,96,1125.06,589.34,46.96,124.13,1,-1,-1,-1
1178,96,1125.70,589.97,46.29,124.64,1,-1,-1,-1
1178,95,817.99,363.04,46.99,107.01,1,-1,-1,-1
1179,100,1005.27,746.52,60.92,130.66,1,-1,-1,-1
1179,71,394.18,217.87,50.06,99.48,1,-1,-1,-1
1180,100,1004.75,743.90,60.96,133.02,1,-1,-1,-1
1180,96,1126.03,589.98,46.01,125.64,1,-1,-1,-1
1181,96,1125.34,589.99,46.64,125.21,1,-1,-1,-1
1181,71,395.13,215.23,49.17,98.22,1,-1,-1,-1
1182,71,395.94,214.02,49.01,96.66,1,-1,-1,-1
1184,96,1126.04,590.07,46.06,126.69,1,-1,-1,-1
1184,71,397.09,212.78,49.72,97.63,1,-1,-1,-1
1185,96,1126.05,590.10,45.97,126.92,1,-1,-1,-1
1185,71,397.19,211.93,50.58,97.90,1,-1,-1,-1
1186,96,1126.06,590.07,45.94,127.00,1,-1,-1,-1
1186,71,397.93,211.59,49.57,97.34,1,-1,-1,-1
1187,96,1125.99,589.90,45.93,127.01,1,-1,-1,-1
1187,71,398.17,210.78,49.84,97.11,1,-1,-1,-1
1192,96,1126.03,590.04,45.95,126.05,1,-1,-1,-1
1193,96,1126.03,589.91,45.97,125.95,1,-1,-1,-1
1195,96,1126.10,589.97,45.96,125.16,1,-1,-1,-1
1197,96,1126.85,590.09,45.16,125.77,1,-1,-1,-1
1198,96,1127.02,590.09,44.99,127.28,1,-1,-1,-1
1199,96,1126.32,589.46,45.60,127.14,1,-1,-1,-1
1200,96,1126.19,589.07,45.83,128.40,1,-1,-1,-1
1203,96,1125.96,589.95,45.92,128.06,1,-1,-1,-1
1206,96,1125.97,589.20,45.94,132.19,1,-1,-1,-1
1207,96,1125.98,589.11,45.94,133.51,1,-1,-1,-1
1208,96,1126.01,589.03,45.95,134.63,1,-1,-1,-1
1209,96,1126.01,589.69,45.95,136.34,1,-1,-1,-1
1210,96,1125.39,589.95,46.63,136.34,1,-1,-1,-1
1211,96,1125.68,589.45,46.21,136.96,1,-1,-1,-1
1212,96,1125.29,589.20,46.73,136.52,1,-1,-1,-1
1213,96,1125.73,589.62,46.26,136.97,1,-1,-1,-1
1214,96,1125.94,589.94,46.09,137.15,1,-1,-1,-1
1215,96,1125.29,589.31,46.68,138.50,1,-1,-1,-1
1217,96,1125.04,590.01,46.91,138.19,1,-1,-1,-1
1219,96,1125.80,588.76,46.15,137.96,1,-1,-1,-1
1226,96,1126.06,589.16,45.96,139.83,1,-1,-1,-1
1228,96,1126.05,589.95,45.95,138.37,1,-1,-1,-1
1229,96,1126.01,590.21,45.95,137.35,1,-1,-1,-1
1250,96,1125.03,589.01,46.98,135.98,1,-1,-1,-1
1251,96,1124.28,589.61,47.68,135.98,1,-1,-1,-1
1262,101,1054.31,528.20,50.98,120.17,1,-1,-1,-1
1263,101,1052.36,527.81,50.97,118.47,1,-1,-1,-1
1264,101,1051.12,526.26,50.99,117.92,1,-1,-1,-1
1268,96,1125.99,585.04,46.00,139.93,1,-1,-1,-1
1274,96,1125.98,584.10,45.95,141.82,1,-1,-1,-1
1316,107,324.25,750.31,64.77,128.37,1,-1,-1,-1
1318,107,323.15,746.10,64.95,130.71,1,-1,-1,-1
1319,107,322.24,744.06,64.25,134.11,1,-1,-1,-1
1320,107,321.21,741.39,64.73,136.60,1,-1,-1,-1
1321,107,320.85,739.12,64.92,138.80,1,-1,-1,-1
1322,107,319.33,736.96,66.35,140.88,1,-1,-1,-1
1323,107,319.63,734.92,66.20,142.24,1,-1,-1,-1
1324,107,319.73,733.64,65.46,142.68,1,-1,-1,-1
1329,109,11.93,317.40,52.98,115.78,1,-1,-1,-1
1330,109,12.10,315.32,52.97,115.93,1,-1,-1,-1
1331,109,12.13,313.19,53.75,116.76,1,-1,-1,-1
1332,109,11.38,311.85,55.49,117.76,1,-1,-1,-1
1333,109,12.51,310.75,55.35,118.09,1,-1,-1,-1
1334,109,12.94,309.74,55.95,117.46,1,-1,-1,-1
1335,109,13.79,308.84,55.47,117.22,1,-1,-1,-1
1336,109,14.76,307.88,55.26,117.12,1,-1,-1,-1
1344,110,674.95,762.93,72.18,115.78,1,-1,-1,-1
1345,110,673.36,759.66,72.00,119.00,1,-1,-1,-1
1346,110,672.86,757.94,71.19,120.87,1,-1,-1,-1
1347,110,672.00,755.98,70.19,122.86,1,-1,-1,-1
1348,110,670.35,754.00,70.62,124.87,1,-1,-1,-1
1349,110,669.84,752.01,69.38,126.88,1,-1,-1,-1
1354,109,40.90,283.08,54.00,111.04,1,-1,-1,-1
1402,110,527.05,303.31,50.01,113.01,1,-1,-1,-1
1407,110,527.21,294.31,49.01,110.14,1,-1,-1,-1
1408,110,527.46,293.26,48.97,111.36,1,-1,-1,-1
1409,110,527.53,293.02,48.95,111.06,1,-1,-1,-1
1410,110,527.61,292.32,48.95,110.30,1,-1,-1,-1
1411,116,1126.83,558.11,44.97,133.96,1,-1,-1,-1
1412,116,1126.04,557.85,45.74,134.73,1,-1,-1,-1
1414,116,1125.88,557.91,45.99,134.98,1,-1,-1,-1
1423,110,526.90,272.51,50.94,112.92,1,-1,-1,-1
1437,117,810.13,332.08,55.78,112.97,1,-1,-1,-1
1438,117,810.74,331.85,55.16,112.20,1,-1,-1,-1
1440,116,1126.99,558.01,45.00,135.99,1,-1,-1,-1
1440,117,810.04,330.12,54.08,114.64,1,-1,-1,-1
1447,117,810.91,322.20,53.98,110.14,1,-1,-1,-1
1449,117,810.99,318.48,53.97,109.08,1,-1,-1,-1
1451,117,810.18,315.95,54.74,108.16,1,-1,-1,-1
1454,117,810.09,313.62,54.08,108.82,1,-1,-1,-1
1470,116,1128.01,558.02,44.00,137.98,1,-1,-1,-1
1471,121,123.04,773.76,59.98,104.98,1,-1,-1,-1
1471,116,1127.27,556.68,44.67,138.71,1,-1,-1,-1
1472,121,123.11,773.67,59.20,104.97,1,-1,-1,-1
1472,116,1127.72,557.56,44.23,139.61,1,-1,-1,-1
1473,121,122.27,773.75,60.52,104.98,1,-1,-1,-1
1473,116,1127.88,557.21,44.06,139.29,1,-1,-1,-1
1474,121,122.76,773.86,60.20,104.99,1,-1,-1,-1
1474,116,1127.31,556.42,44.68,139.82,1,-1,-1,-1
1476,121,123.00,773.89,60.04,104.98,1,-1,-1,-1
1481,121,123.10,774.91,59.97,104.03,1,-1,-1,-1
1486,121,121.17,775.05,60.89,103.97,1,-1,-1,-1
1490,121,121.00,775.92,60.07,103.07,1,-1,-1,-1
1492,121,120.98,776.00,59.96,102.97,1,-1,-1,-1
1493,121,121.05,776.62,59.95,102.28,1,-1,-1,-1
1496,121,121.79,777.03,59.10,102.00,1,-1,-1,-1
1497,121,121.17,777.07,59.66,101.97,1,-1,-1,-1
1498,121,121.00,776.41,59.86,102.63,1,-1,-1,-1
1499,121,121.10,776.02,59.93,102.86,1,-1,-1,-1
1500,121,120.39,776.56,59.96,102.31,1,-1,-1,-1
1501,121,120.78,775.51,59.98,103.41,1,-1,-1,-1
1502,121,120.96,775.18,59.99,103.83,1,-1,-1,-1
1503,121,121.69,775.66,59.99,103.32,1,-1,-1,-1
1504,121,121.23,775.90,59.99,103.13,1,-1,-1,-1
1507,121,121.05,775.11,60.81,103.84,1,-1,-1,-1
1509,121,121.05,774.33,60.15,104.73,1,-1,-1,-1
1510,121,120.95,774.11,60.00,104.93,1,-1,-1,-1
1513,121,122.02,772.22,59.94,106.65,1,-1,-1,-1
1518,121,122.95,772.04,59.96,106.95,1,-1,-1,-1
1519,121,123.06,771.32,59.28,107.66,1,-1,-1,-1
1521,121,123.08,771.00,59.79,107.91,1,-1,-1,-1
1570,123,7.96,315.16,50.98,103.79,1,-1,-1,-1
1571,123,8.97,311.70,51.73,105.46,1,-1,-1,-1
1572,123,9.20,309.81,52.01,106.06,1,-1,-1,-1
1572,121,175.96,762.00,57.00,116.99,1,-1,-1,-1
1574,123,11.82,307.76,52.02,106.09,1,-1,-1,-1
1575,123,13.02,307.68,51.23,105.96,1,-1,-1,-1
1631,123,76.99,231.02,50.00,100.00,1,-1,-1,-1
1632,123,78.73,229.28,50.00,99.97,1,-1,-1,-1
1658,123,103.03,201.00,49.00,99.99,1,-1,-1,-1
1662,125,133.48,751.38,58.79,127.18,1,-1,-1,-1
1663,125,133.16,750.04,58.93,128.56,1,-1,-1,-1
1665,125,133.93,749.76,58.09,129.00,1,-1,-1,-1
1666,125,134.75,749.98,57.20,128.97,1,-1,-1,-1
1667,125,135.03,749.33,56.94,129.67,1,-1,-1,-1
1668,125,134.43,749.07,56.86,129.92,1,-1,-1,-1
1669,125,134.23,748.86,57.53,129.99,1,-1,-1,-1
1670,125,134.20,748.83,57.79,130.03,1,-1,-1,-1
1671,125,134.13,748.88,57.89,130.03,1,-1,-1,-1
1672,125,134.09,749.63,57.94,129.37,1,-1,-1,-1
1673,125,134.04,749.92,57.29,129.11,1,-1,-1,-1
1674,125,134.56,750.80,57.05,128.36,1,-1,-1,-1
1676,125,136.62,750.96,55.39,128.01,1,-1,-1,-1
1677,125,136.95,751.71,55.73,127.29,1,-1,-1,-1
1678,125,137.75,751.88,55.18,127.03,1,-1,-1,-1
1693,125,140.02,753.01,54.98,125.99,1,-1,-1,-1
1696,125,140.92,754.70,55.82,124.25,1,-1,-1,-1
1697,125,141.05,754.93,55.94,123.99,1,-1,-1,-1
1698,125,141.07,755.68,55.32,123.25,1,-1,-1,-1
1699,125,141.76,756.02,55.76,122.98,1,-1,-1,-1
1704,125,141.23,756.05,55.95,122.93,1,-1,-1,-1
1837,126,754.09,745.20,73.37,133.57,1,-1,-1,-1
1838,126,752.37,742.61,74.60,136.17,1,-1,-1,-1
1839,126,751.02,740.24,75.02,138.59,1,-1,-1,-1
1840,126,748.52,738.13,76.62,140.80,1,-1,-1,-1
1841,126,746.31,734.60,77.84,142.87,1,-1,-1,-1
1843,126,744.87,731.07,78.94,144.92,1,-1,-1,-1
1844,126,744.15,730.22,79.66,144.25,1,-1,-1,-1
1845,126,744.55,729.90,79.22,143.34,1,-1,-1,-1
1846,126,743.39,728.45,79.74,143.03,1,-1,-1,-1
1847,126,743.64,727.23,77.93,145.59,1,-1,-1,-1
1848,126,743.15,727.58,77.91,145.24,1,-1,-1,-1
1849,126,742.34,726.21,78.60,145.06,1,-1,-1,-1
1851,126,741.16,723.28,78.87,144.19,1,-1,-1,-1
1852,126,740.95,720.70,77.59,143.31,1,-1,-1,-1
1853,126,740.09,718.52,77.79,143.00,1,-1,-1,-1
1854,126,739.88,715.86,77.88,144.90,1,-1,-1,-1
1855,126,738.99,713.67,75.91,146.26,1,-1,-1,-1
1856,126,737.54,710.13,76.53,149.42,1,-1,-1,-1
1856,127,1087.88,749.23,67.98,129.58,1,-1,-1,-1
1857,126,736.31,707.54,76.10,151.25,1,-1,-1,-1
1858,126,734.56,706.62,76.62,150.64,1,-1,-1,-1
1859,126,733.24,705.62,76.81,151.68,1,-1,-1,-1
1860,126,731.50,704.63,77.56,152.08,1,-1,-1,-1
1861,126,729.45,703.77,77.16,150.90,1,-1,-1,-1
1862,126,728.11,702.16,77.70,151.08,1,-1,-1,-1
1863,126,726.32,700.23,77.89,149.82,1,-1,-1,-1
1864,126,724.40,698.89,78.64,148.67,1,-1,-1,-1
1865,126,723.14,697.09,78.25,148.22,1,-1,-1,-1
1866,126,720.63,695.13,80.09,148.07,1,-1,-1,-1
1867,126,719.09,692.43,80.12,148.65,1,-1,-1,-1
1868,126,717.28,690.88,80.12,148.89,1,-1,-1,-1
1869,126,716.00,689.57,80.11,148.96,1,-1,-1,-1
1870,126,715.62,688.61,78.79,148.36,1,-1,-1,-1
1871,126,715.36,686.37,76.95,148.11,1,-1,-1,-1
1872,126,714.68,685.65,76.26,148.70,1,-1,-1,-1
1873,126,713.96,685.26,76.68,148.23,1,-1,-1,-1
1877,126,712.59,677.42,74.26,147.99,1,-1,-1,-1
1878,126,710.51,674.65,75.38,146.59,1,-1,-1,-1
1879,126,708.49,672.33,77.06,144.77,1,-1,-1,-1
1880,126,707.84,670.90,76.39,144.12,1,-1,-1,-1
1886,126,700.15,660.86,78.78,144.86,1,-1,-1,-1
1894,126,690.18,642.24,77.06,149.73,1,-1,-1,-1
1895,126,689.08,640.73,79.04,150.00,1,-1,-1,-1
1896,126,687.46,638.24,80.99,149.45,1,-1,-1,-1
1897,126,686.77,636.76,82.39,147.90,1,-1,-1,-1
1898,126,686.56,635.56,82.27,147.98,1,-1,-1,-1
1899,126,686.57,635.23,81.54,148.66,1,-1,-1,-1
1900,126,685.27,634.58,81.91,148.28,1,-1,-1,-1
1901,126,684.87,633.40,82.05,147.43,1,-1,-1,-1
1902,126,684.11,631.65,82.75,146.48,1,-1,-1,-1
1903,126,683.06,629.83,82.36,145.44,1,-1,-1,-1
1904,126,682.71,628.78,80.20,143.08,1,-1,-1,-1
1910,126,676.99,618.24,77.17,143.86,1,-1,-1,-1
1911,126,676.72,615.26,75.56,143.98,1,-1,-1,-1
1912,126,675.24,614.46,75.71,143.36,1,-1,-1,-1
1913,126,673.41,612.89,77.10,142.44,1,-1,-1,-1
1914,126,672.21,612.43,76.98,142.14,1,-1,-1,-1
1915,126,671.72,611.75,75.59,141.33,1,-1,-1,-1
1916,126,670.16,610.17,74.44,140.38,1,-1,-1,-1
1917,126,668.27,608.19,74.01,141.35,1,-1,-1,-1
1918,126,667.09,606.86,73.20,141.07,1,-1,-1,-1
1919,126,665.24,605.20,72.91,142.28,1,-1,-1,-1
1920,126,663.36,603.85,73.49,142.08,1,-1,-1,-1
1921,126,662.03,602.78,73.73,140.68,1,-1,-1,-1
1922,126,661.01,601.02,74.49,140.83,1,-1,-1,-1
1923,126,660.58,599.93,74.78,141.55,1,-1,-1,-1
1924,126,659.16,599.60,75.56,141.19,1,-1,-1,-1
1925,126,659.94,598.16,75.18,141.69,1,-1,-1,-1
1926,126,659.70,598.23,75.06,140.59,1,-1,-1,-1
1935,126,654.91,585.08,74.00,140.93,1,-1,-1,-1
1938,126,649.64,581.91,78.21,143.50,1,-1,-1,-1
1939,126,648.83,581.61,78.84,143.19,1,-1,-1,-1
1940,126,647.85,581.72,78.40,142.45,1,-1,-1,-1
1949,128,592.08,742.42,59.99,131.56,1,-1,-1,-1
1950,128,592.01,741.16,59.98,132.65,1,-1,-1,-1
1954,128,587.13,742.09,63.82,133.95,1,-1,-1,-1
1955,128,586.71,741.23,63.46,134.00,1,-1,-1,-1
1956,128,585.99,741.80,62.62,133.36,1,-1,-1,-1
1977,128,576.03,744.15,64.97,131.99,1,-1,-1,-1
1978,128,575.99,744.52,65.02,132.00,1,-1,-1,-1
1979,128,575.82,745.79,64.37,131.32,1,-1,-1,-1
1980,128,575.85,746.98,63.46,130.40,1,-1,-1,-1
1995,128,574.00,746.97,62.00,129.98,1,-1,-1,-1
2003,128,572.97,744.07,64.83,129.96,1,-1,-1,-1
2004,128,572.83,744.09,64.33,129.99,1,-1,-1,-1
2015,130,1.16,718.19,52.37,133.37,1,-1,-1,-1
2016,130,1.14,714.08,51.27,133.07,1,-1,-1,-1
2028,130,1.01,682.03,67.91,132.99,1,-1,-1,-1
2101,133,190.14,646.71,55.19,125.38,1,-1,-1,-1
2102,133,190.09,645.90,55.80,125.08,1,-1,-1,-1
2103,133,190.02,645.80,54.46,124.20,1,-1,-1,-1
2104,133,189.34,645.84,54.77,124.67,1,-1,-1,-1
