1,451,1086.00,210.00,129.00,389.00,1,-1,-1,-1
1,555,814.00,139.00,170.00,513.00,1,-1,-1,-1
1,611,663.00,162.00,160.00,480.00,1,-1,-1,-1
1,658,259.00,148.00,218.00,658.00,1,-1,-1,-1
1,665,427.00,168.00,175.00,528.00,1,-1,-1,-1
1,673,610.00,258.00,52.00,158.00,1,-1,-1,-1
3,678,503.00,548.00,30.00,91.00,1,-1,-1,-1
3,679,172.00,573.00,55.00,167.00,1,-1,-1,-1
3,682,1630.00,552.00,40.00,121.00,1,-1,-1,-1
4,678,501.00,548.00,31.00,94.00,1,-1,-1,-1
4,679,161.00,577.00,56.00,169.00,1,-1,-1,-1
4,682,1637.00,550.00,42.00,126.00,1,-1,-1,-1
5,678,496.00,543.00,31.00,95.00,1,-1,-1,-1
5,679,149.00,570.00,56.00,170.00,1,-1,-1,-1
5,682,1647.00,563.00,40.00,121.00,1,-1,-1,-1
6,678,495.00,548.00,33.00,102.00,1,-1,-1,-1
6,679,146.00,578.00,53.00,162.00,1,-1,-1,-1
6,682,1656.00,574.00,39.00,119.00,1,-1,-1,-1
7,678,494.00,546.00,34.00,103.00,1,-1,-1,-1
7,679,137.00,578.00,55.00,167.00,1,-1,-1,-1
7,682,1657.00,560.00,46.00,138.00,1,-1,-1,-1
7,685,1567.00,576.00,40.00,121.00,1,-1,-1,-1
8,678,494.00,549.00,34.00,104.00,1,-1,-1,-1
8,679,126.00,586.00,56.00,169.00,1,-1,-1,-1
8,682,1664.00,568.00,48.00,145.00,1,-1,-1,-1
8,685,1571.00,578.00,39.00,120.00,1,-1,-1,-1
9,673,217.00,611.00,49.00,147.00,1,-1,-1,-1
9,678,492.00,552.00,31.00,95.00,1,-1,-1,-1
9,679,115.00,581.00,56.00,169.00,1,-1,-1,-1
9,682,1671.00,570.00,48.00,149.00,1,-1,-1,-1
9,685,1583.00,591.00,39.00,119.00,1,-1,-1,-1
10,673,180.00,648.00,46.00,141.00,1,-1,-1,-1
10,678,489.00,548.00,31.00,96.00,1,-1,-1,-1
10,679,104.00,572.00,55.00,169.00,1,-1,-1,-1
10,682,1680.00,594.00,44.00,133.00,1,-1,-1,-1
10,685,1587.00,599.00,41.00,125.00,1,-1,-1,-1
10,688,4.00,724.00,41.00,126.00,1,-1,-1,-1
11,678,488.00,552.00,31.00,96.00,1,-1,-1,-1
11,679,92.00,583.00,56.00,169.00,1,-1,-1,-1
11,682,1690.00,585.00,45.00,136.00,1,-1,-1,-1
11,685,1593.00,605.00,41.00,125.00,1,-1,-1,-1
11,688,0.00,719.00,38.00,129.00,1,-1,-1,-1
12,678,482.00,547.00,37.00,112.00,1,-1,-1,-1
12,679,83.00,585.00,56.00,170.00,1,-1,-1,-1
12,682,1698.00,591.00,43.00,131.00,1,-1,-1,-1
12,685,1599.00,593.00,45.00,135.00,1,-1,-1,-1
13,678,481.00,541.00,35.00,107.00,1,-1,-1,-1
13,682,1702.00,590.00,44.00,136.00,1,-1,-1,-1
13,685,1605.00,595.00,45.00,137.00,1,-1,-1,-1
13,690,173.00,573.00,59.00,181.00,1,-1,-1,-1
14,678,480.00,543.00,35.00,105.00,1,-1,-1,-1
14,682,1709.00,584.00,45.00,137.00,1,-1,-1,-1
14,685,1612.00,593.00,43.00,130.00,1,-1,-1,-1
14,690,167.00,571.00,67.00,202.00,1,-1,-1,-1
15,678,480.00,543.00,34.00,105.00,1,-1,-1,-1
15,679,41.00,574.00,63.00,192.00,1,-1,-1,-1
15,682,1718.00,588.00,45.00,137.00,1,-1,-1,-1
15,685,1620.00,593.00,42.00,129.00,1,-1,-1,-1
15,690,159.00,578.00,63.00,189.00,1,-1,-1,-1
16,678,479.00,545.00,31.00,95.00,1,-1,-1,-1
16,679,31.00,574.00,64.00,195.00,1,-1,-1,-1
16,682,1724.00,584.00,48.00,144.00,1,-1,-1,-1
16,685,1629.00,599.00,42.00,128.00,1,-1,-1,-1
16,690,153.00,577.00,63.00,192.00,1,-1,-1,-1
17,555,518.00,540.00,38.00,116.00,1,-1,-1,-1
17,678,475.00,544.00,33.00,101.00,1,-1,-1,-1
17,682,1733.00,583.00,48.00,146.00,1,-1,-1,-1
17,685,1635.00,601.00,42.00,129.00,1,-1,-1,-1
17,690,122.00,584.00,64.00,194.00,1,-1,-1,-1
18,555,515.00,544.00,34.00,103.00,1,-1,-1,-1
18,678,473.00,539.00,37.00,113.00,1,-1,-1,-1
18,682,1743.00,589.00,48.00,147.00,1,-1,-1,-1
18,690,111.00,585.00,65.00,196.00,1,-1,-1,-1
19,451,1420.00,525.00,40.00,122.00,1,-1,-1,-1
19,555,501.00,563.00,27.00,83.00,1,-1,-1,-1
19,678,472.00,537.00,38.00,118.00,1,-1,-1,-1
19,682,1754.00,595.00,46.00,141.00,1,-1,-1,-1
20,451,1425.00,529.00,39.00,119.00,1,-1,-1,-1
20,678,470.00,537.00,39.00,119.00,1,-1,-1,-1
20,682,1764.00,598.00,45.00,138.00,1,-1,-1,-1
21,451,1427.00,531.00,39.00,117.00,1,-1,-1,-1
21,678,467.00,542.00,36.00,108.00,1,-1,-1,-1
21,682,1773.00,601.00,47.00,144.00,1,-1,-1,-1
22,451,1433.00,531.00,39.00,117.00,1,-1,-1,-1
22,678,464.00,535.00,40.00,122.00,1,-1,-1,-1
22,682,1782.00,595.00,48.00,147.00,1,-1,-1,-1
23,451,1435.00,530.00,38.00,118.00,1,-1,-1,-1
23,678,464.00,536.00,39.00,120.00,1,-1,-1,-1
23,682,1787.00,593.00,50.00,154.00,1,-1,-1,-1
24,451,1435.00,530.00,38.00,118.00,1,-1,-1,-1
24,555,500.00,553.00,37.00,111.00,1,-1,-1,-1
24,678,463.00,539.00,41.00,126.00,1,-1,-1,-1
24,682,1795.00,593.00,51.00,156.00,1,-1,-1,-1
25,451,1440.00,535.00,39.00,118.00,1,-1,-1,-1
25,555,498.00,555.00,36.00,111.00,1,-1,-1,-1
25,678,458.00,547.00,40.00,123.00,1,-1,-1,-1
25,682,1809.00,599.00,50.00,151.00,1,-1,-1,-1
26,451,1442.00,534.00,41.00,124.00,1,-1,-1,-1
26,678,455.00,549.00,42.00,126.00,1,-1,-1,-1
26,682,1817.00,601.00,51.00,156.00,1,-1,-1,-1
27,451,1448.00,542.00,39.00,120.00,1,-1,-1,-1
27,608,1531.00,529.00,26.00,78.00,1,-1,-1,-1
27,678,454.00,549.00,42.00,128.00,1,-1,-1,-1
27,682,1823.00,601.00,54.00,165.00,1,-1,-1,-1
28,451,1450.00,539.00,39.00,119.00,1,-1,-1,-1
28,608,1523.00,524.00,25.00,77.00,1,-1,-1,-1
28,678,452.00,550.00,43.00,130.00,1,-1,-1,-1
28,682,1833.00,601.00,55.00,168.00,1,-1,-1,-1
29,451,1456.00,544.00,39.00,118.00,1,-1,-1,-1
29,678,449.00,552.00,40.00,122.00,1,-1,-1,-1
29,682,1843.00,608.00,56.00,170.00,1,-1,-1,-1
30,451,1458.00,545.00,39.00,119.00,1,-1,-1,-1
30,678,447.00,553.00,40.00,123.00,1,-1,-1,-1
30,682,1856.00,619.00,54.00,162.00,1,-1,-1,-1
31,451,1458.00,551.00,39.00,119.00,1,-1,-1,-1
31,678,439.00,570.00,42.00,127.00,1,-1,-1,-1
31,682,1865.00,621.00,54.00,164.00,1,-1,-1,-1
32,451,1464.00,558.00,39.00,119.00,1,-1,-1,-1
32,678,437.00,573.00,41.00,128.00,1,-1,-1,-1
33,451,1465.00,550.00,39.00,119.00,1,-1,-1,-1
33,678,439.00,564.00,40.00,121.00,1,-1,-1,-1
34,451,1471.00,547.00,39.00,119.00,1,-1,-1,-1
34,678,438.00,560.00,41.00,126.00,1,-1,-1,-1
35,451,1473.00,546.00,39.00,119.00,1,-1,-1,-1
35,678,434.00,555.00,39.00,122.00,1,-1,-1,-1
35,695,1559.00,497.00,39.00,119.00,1,-1,-1,-1
36,451,1479.00,545.00,39.00,119.00,1,-1,-1,-1
36,678,432.00,554.00,39.00,120.00,1,-1,-1,-1
36,685,1799.00,623.00,55.00,168.00,1,-1,-1,-1
36,695,1561.00,497.00,39.00,119.00,1,-1,-1,-1
37,451,1481.00,545.00,39.00,119.00,1,-1,-1,-1
37,665,1565.00,519.00,29.00,88.00,1,-1,-1,-1
37,678,429.00,545.00,41.00,125.00,1,-1,-1,-1
37,685,1807.00,621.00,59.00,177.00,1,-1,-1,-1
37,695,1568.00,497.00,39.00,119.00,1,-1,-1,-1
38,451,1484.00,537.00,41.00,124.00,1,-1,-1,-1
38,665,1606.00,531.00,24.00,71.00,1,-1,-1,-1
38,678,425.00,550.00,40.00,121.00,1,-1,-1,-1
38,685,1820.00,622.00,57.00,173.00,1,-1,-1,-1
38,695,1570.00,485.00,41.00,125.00,1,-1,-1,-1
39,451,1488.00,542.00,40.00,121.00,1,-1,-1,-1
39,678,424.00,546.00,39.00,120.00,1,-1,-1,-1
39,685,1832.00,630.00,56.00,171.00,1,-1,-1,-1
39,695,1576.00,487.00,39.00,121.00,1,-1,-1,-1
40,451,1495.00,538.00,39.00,120.00,1,-1,-1,-1
40,678,424.00,545.00,39.00,119.00,1,-1,-1,-1
40,685,1841.00,632.00,56.00,172.00,1,-1,-1,-1
40,695,1583.00,487.00,39.00,120.00,1,-1,-1,-1
41,451,1503.00,542.00,39.00,120.00,1,-1,-1,-1
41,678,423.00,544.00,39.00,119.00,1,-1,-1,-1
41,695,1587.00,486.00,40.00,120.00,1,-1,-1,-1
42,451,1505.00,544.00,39.00,119.00,1,-1,-1,-1
42,678,421.00,547.00,41.00,125.00,1,-1,-1,-1
43,451,1510.00,542.00,40.00,125.00,1,-1,-1,-1
43,678,417.00,551.00,40.00,121.00,1,-1,-1,-1
43,695,1593.00,502.00,39.00,119.00,1,-1,-1,-1
44,451,1513.00,549.00,40.00,121.00,1,-1,-1,-1
44,678,413.00,550.00,41.00,125.00,1,-1,-1,-1
44,695,1596.00,493.00,41.00,125.00,1,-1,-1,-1
45,451,1518.00,549.00,41.00,126.00,1,-1,-1,-1
45,678,415.00,552.00,39.00,121.00,1,-1,-1,-1
45,695,1600.00,489.00,43.00,133.00,1,-1,-1,-1
46,451,1519.00,550.00,42.00,127.00,1,-1,-1,-1
46,678,410.00,552.00,39.00,120.00,1,-1,-1,-1
46,695,1603.00,489.00,45.00,134.00,1,-1,-1,-1
47,451,1527.00,557.00,40.00,122.00,1,-1,-1,-1
47,678,408.00,552.00,39.00,120.00,1,-1,-1,-1
47,695,1614.00,501.00,41.00,123.00,1,-1,-1,-1
48,451,1535.00,560.00,39.00,120.00,1,-1,-1,-1
48,665,1624.00,532.00,28.00,84.00,1,-1,-1,-1
48,678,405.00,552.00,43.00,131.00,1,-1,-1,-1
48,695,1623.00,504.00,39.00,120.00,1,-1,-1,-1
49,451,1537.00,559.00,41.00,125.00,1,-1,-1,-1
49,665,1626.00,534.00,31.00,93.00,1,-1,-1,-1
49,678,406.00,558.00,41.00,123.00,1,-1,-1,-1
49,695,1628.00,504.00,39.00,121.00,1,-1,-1,-1
50,451,1537.00,559.00,42.00,127.00,1,-1,-1,-1
50,555,337.00,553.00,39.00,119.00,1,-1,-1,-1
50,665,1632.00,529.00,31.00,96.00,1,-1,-1,-1
50,678,402.00,554.00,39.00,121.00,1,-1,-1,-1
51,451,1543.00,566.00,40.00,121.00,1,-1,-1,-1
51,555,330.00,553.00,40.00,119.00,1,-1,-1,-1
51,665,1634.00,511.00,37.00,114.00,1,-1,-1,-1
51,678,400.00,559.00,39.00,119.00,1,-1,-1,-1
52,451,1551.00,568.00,39.00,120.00,1,-1,-1,-1
52,665,1639.00,507.00,39.00,119.00,1,-1,-1,-1
52,678,396.00,558.00,41.00,125.00,1,-1,-1,-1
52,695,1643.00,531.00,31.00,93.00,1,-1,-1,-1
53,451,1553.00,568.00,41.00,125.00,1,-1,-1,-1
53,555,325.00,557.00,42.00,127.00,1,-1,-1,-1
53,665,1641.00,504.00,40.00,120.00,1,-1,-1,-1
53,678,394.00,558.00,42.00,127.00,1,-1,-1,-1
53,695,1648.00,534.00,30.00,91.00,1,-1,-1,-1
54,451,1560.00,567.00,41.00,127.00,1,-1,-1,-1
54,555,325.00,554.00,40.00,122.00,1,-1,-1,-1
54,665,1649.00,518.00,35.00,106.00,1,-1,-1,-1
54,678,392.00,560.00,40.00,122.00,1,-1,-1,-1
55,451,1563.00,564.00,44.00,133.00,1,-1,-1,-1
55,555,326.00,553.00,39.00,120.00,1,-1,-1,-1
55,665,1655.00,529.00,31.00,95.00,1,-1,-1,-1
55,678,388.00,559.00,41.00,125.00,1,-1,-1,-1
55,690,430.00,552.00,46.00,137.00,1,-1,-1,-1
56,451,1565.00,555.00,49.00,149.00,1,-1,-1,-1
56,555,321.00,553.00,39.00,119.00,1,-1,-1,-1
56,665,1658.00,532.00,32.00,96.00,1,-1,-1,-1
56,678,385.00,560.00,40.00,122.00,1,-1,-1,-1
56,690,442.00,551.00,45.00,135.00,1,-1,-1,-1
57,451,1572.00,551.00,51.00,156.00,1,-1,-1,-1
57,555,319.00,552.00,39.00,120.00,1,-1,-1,-1
57,665,1662.00,529.00,30.00,93.00,1,-1,-1,-1
57,678,379.00,559.00,41.00,125.00,1,-1,-1,-1
57,688,496.00,552.00,24.00,73.00,1,-1,-1,-1
58,451,1574.00,550.00,52.00,158.00,1,-1,-1,-1
58,555,315.00,552.00,39.00,119.00,1,-1,-1,-1
58,665,1665.00,528.00,31.00,95.00,1,-1,-1,-1
58,678,376.00,555.00,40.00,121.00,1,-1,-1,-1
58,688,497.00,552.00,23.00,68.00,1,-1,-1,-1
59,451,1582.00,549.00,52.00,159.00,1,-1,-1,-1
59,555,309.00,550.00,42.00,126.00,1,-1,-1,-1
59,665,1669.00,527.00,31.00,96.00,1,-1,-1,-1
59,678,376.00,551.00,42.00,126.00,1,-1,-1,-1
59,688,494.00,545.00,25.00,76.00,1,-1,-1,-1
60,451,1586.00,557.00,50.00,152.00,1,-1,-1,-1
60,555,308.00,549.00,42.00,128.00,1,-1,-1,-1
60,678,371.00,550.00,41.00,127.00,1,-1,-1,-1
60,688,498.00,540.00,26.00,79.00,1,-1,-1,-1
61,451,1587.00,548.00,53.00,164.00,1,-1,-1,-1
61,555,304.00,551.00,40.00,122.00,1,-1,-1,-1
61,658,1662.00,473.00,49.00,148.00,1,-1,-1,-1
61,678,363.00,549.00,42.00,128.00,1,-1,-1,-1
62,451,1593.00,549.00,53.00,160.00,1,-1,-1,-1
62,555,303.00,547.00,39.00,120.00,1,-1,-1,-1
62,658,1700.00,480.00,44.00,134.00,1,-1,-1,-1
62,678,365.00,551.00,41.00,122.00,1,-1,-1,-1
63,451,1605.00,551.00,48.00,146.00,1,-1,-1,-1
63,555,297.00,561.00,40.00,119.00,1,-1,-1,-1
63,658,1686.00,509.00,34.00,103.00,1,-1,-1,-1
63,678,361.00,561.00,42.00,126.00,1,-1,-1,-1
63,690,413.00,566.00,42.00,128.00,1,-1,-1,-1
64,451,1607.00,557.00,50.00,154.00,1,-1,-1,-1
64,555,294.00,549.00,43.00,131.00,1,-1,-1,-1
64,658,1689.00,513.00,39.00,117.00,1,-1,-1,-1
64,678,359.00,549.00,43.00,133.00,1,-1,-1,-1
64,690,410.00,557.00,40.00,121.00,1,-1,-1,-1
65,451,1611.00,557.00,51.00,156.00,1,-1,-1,-1
65,555,287.00,551.00,45.00,135.00,1,-1,-1,-1
65,658,1690.00,508.00,40.00,120.00,1,-1,-1,-1
65,678,353.00,555.00,43.00,130.00,1,-1,-1,-1
65,690,405.00,558.00,41.00,125.00,1,-1,-1,-1
66,555,287.00,562.00,41.00,125.00,1,-1,-1,-1
66,658,1696.00,505.00,40.00,121.00,1,-1,-1,-1
66,678,352.00,564.00,40.00,123.00,1,-1,-1,-1
66,690,404.00,563.00,41.00,127.00,1,-1,-1,-1
67,451,1626.00,576.00,46.00,140.00,1,-1,-1,-1
67,555,283.00,554.00,42.00,127.00,1,-1,-1,-1
67,658,1697.00,516.00,40.00,121.00,1,-1,-1,-1
67,678,343.00,550.00,44.00,132.00,1,-1,-1,-1
67,690,403.00,564.00,41.00,126.00,1,-1,-1,-1
68,451,1627.00,567.00,48.00,144.00,1,-1,-1,-1
68,555,276.00,556.00,42.00,128.00,1,-1,-1,-1
68,658,1702.00,524.00,35.00,105.00,1,-1,-1,-1
68,678,337.00,545.00,46.00,142.00,1,-1,-1,-1
68,690,390.00,562.00,44.00,134.00,1,-1,-1,-1
69,451,1628.00,569.00,50.00,154.00,1,-1,-1,-1
69,555,272.00,557.00,42.00,128.00,1,-1,-1,-1
69,658,1707.00,529.00,33.00,104.00,1,-1,-1,-1
69,678,332.00,543.00,46.00,139.00,1,-1,-1,-1
69,690,387.00,559.00,42.00,130.00,1,-1,-1,-1
70,451,1634.00,571.00,50.00,150.00,1,-1,-1,-1
70,658,1711.00,533.00,33.00,102.00,1,-1,-1,-1
70,678,328.00,540.00,50.00,151.00,1,-1,-1,-1
70,690,386.00,558.00,42.00,129.00,1,-1,-1,-1
71,451,1637.00,571.00,51.00,155.00,1,-1,-1,-1
71,678,325.00,541.00,49.00,149.00,1,-1,-1,-1
71,688,498.00,523.00,42.00,127.00,1,-1,-1,-1
71,690,379.00,554.00,44.00,134.00,1,-1,-1,-1
72,451,1641.00,568.00,54.00,165.00,1,-1,-1,-1
72,658,1706.00,516.00,38.00,116.00,1,-1,-1,-1
72,678,322.00,548.00,46.00,142.00,1,-1,-1,-1
72,688,499.00,521.00,43.00,132.00,1,-1,-1,-1
72,690,376.00,553.00,44.00,135.00,1,-1,-1,-1
73,451,1643.00,567.00,55.00,168.00,1,-1,-1,-1
73,658,1706.00,519.00,39.00,119.00,1,-1,-1,-1
73,678,316.00,544.00,48.00,145.00,1,-1,-1,-1
74,451,1647.00,569.00,53.00,162.00,1,-1,-1,-1
74,658,1711.00,520.00,39.00,119.00,1,-1,-1,-1
74,678,309.00,540.00,50.00,154.00,1,-1,-1,-1
74,690,369.00,557.00,43.00,129.00,1,-1,-1,-1
75,451,1654.00,578.00,50.00,152.00,1,-1,-1,-1
75,658,1713.00,521.00,39.00,119.00,1,-1,-1,-1
75,678,304.00,547.00,47.00,144.00,1,-1,-1,-1
75,690,361.00,553.00,44.00,135.00,1,-1,-1,-1
76,451,1658.00,580.00,51.00,156.00,1,-1,-1,-1
76,658,1714.00,527.00,36.00,109.00,1,-1,-1,-1
76,678,297.00,544.00,48.00,146.00,1,-1,-1,-1
76,690,356.00,552.00,47.00,143.00,1,-1,-1,-1
77,451,1659.00,581.00,52.00,157.00,1,-1,-1,-1
77,658,1714.00,523.00,38.00,116.00,1,-1,-1,-1
77,678,288.00,540.00,50.00,154.00,1,-1,-1,-1
77,690,351.00,552.00,45.00,139.00,1,-1,-1,-1
78,451,1664.00,582.00,50.00,151.00,1,-1,-1,-1
78,658,1714.00,522.00,38.00,118.00,1,-1,-1,-1
78,678,284.00,547.00,48.00,144.00,1,-1,-1,-1
78,690,343.00,552.00,45.00,138.00,1,-1,-1,-1
79,451,1668.00,582.00,51.00,155.00,1,-1,-1,-1
79,658,1715.00,522.00,39.00,119.00,1,-1,-1,-1
79,678,277.00,544.00,48.00,146.00,1,-1,-1,-1
79,690,340.00,552.00,45.00,137.00,1,-1,-1,-1
80,451,1670.00,582.00,51.00,156.00,1,-1,-1,-1
80,678,275.00,543.00,48.00,146.00,1,-1,-1,-1
80,688,458.00,530.00,43.00,130.00,1,-1,-1,-1
80,690,336.00,551.00,45.00,138.00,1,-1,-1,-1
81,451,1670.00,582.00,52.00,157.00,1,-1,-1,-1
81,678,270.00,542.00,48.00,147.00,1,-1,-1,-1
81,688,456.00,530.00,43.00,132.00,1,-1,-1,-1
81,690,324.00,552.00,45.00,137.00,1,-1,-1,-1
82,451,1674.00,579.00,55.00,165.00,1,-1,-1,-1
82,555,140.00,552.00,45.00,137.00,1,-1,-1,-1
82,690,319.00,551.00,45.00,138.00,1,-1,-1,-1
83,451,1676.00,578.00,55.00,168.00,1,-1,-1,-1
83,555,129.00,552.00,48.00,144.00,1,-1,-1,-1
83,678,257.00,550.00,48.00,147.00,1,-1,-1,-1
84,451,1676.00,578.00,56.00,169.00,1,-1,-1,-1
84,555,126.00,556.00,44.00,133.00,1,-1,-1,-1
84,678,250.00,551.00,46.00,141.00,1,-1,-1,-1
84,685,1657.00,474.00,97.00,294.00,1,-1,-1,-1
84,688,506.00,536.00,39.00,121.00,1,-1,-1,-1
84,690,309.00,564.00,43.00,129.00,1,-1,-1,-1
85,451,1676.00,581.00,58.00,177.00,1,-1,-1,-1
85,555,119.00,559.00,45.00,136.00,1,-1,-1,-1
85,678,239.00,552.00,48.00,145.00,1,-1,-1,-1
85,685,1649.00,469.00,98.00,297.00,1,-1,-1,-1
85,688,509.00,536.00,40.00,121.00,1,-1,-1,-1
85,690,304.00,565.00,43.00,129.00,1,-1,-1,-1
86,451,1683.00,579.00,57.00,173.00,1,-1,-1,-1
86,555,111.00,561.00,45.00,136.00,1,-1,-1,-1
86,678,233.00,550.00,50.00,154.00,1,-1,-1,-1
86,690,293.00,566.00,42.00,128.00,1,-1,-1,-1
87,451,1686.00,581.00,59.00,179.00,1,-1,-1,-1
87,555,107.00,555.00,47.00,144.00,1,-1,-1,-1
87,678,227.00,552.00,49.00,149.00,1,-1,-1,-1
87,685,1645.00,464.00,103.00,314.00,1,-1,-1,-1
87,690,286.00,563.00,44.00,134.00,1,-1,-1,-1
88,451,1687.00,586.00,57.00,173.00,1,-1,-1,-1
88,555,101.00,559.00,45.00,140.00,1,-1,-1,-1
88,678,221.00,558.00,46.00,141.00,1,-1,-1,-1
88,685,1638.00,459.00,105.00,318.00,1,-1,-1,-1
88,690,278.00,562.00,44.00,136.00,1,-1,-1,-1
89,451,1687.00,592.00,59.00,179.00,1,-1,-1,-1
89,555,93.00,560.00,45.00,138.00,1,-1,-1,-1
89,678,216.00,561.00,48.00,145.00,1,-1,-1,-1
89,690,268.00,562.00,47.00,143.00,1,-1,-1,-1
90,451,1690.00,588.00,62.00,189.00,1,-1,-1,-1
90,555,84.00,567.00,45.00,137.00,1,-1,-1,-1
90,678,215.00,562.00,48.00,146.00,1,-1,-1,-1
90,690,265.00,567.00,46.00,140.00,1,-1,-1,-1
90,700,424.00,554.00,41.00,123.00,1,-1,-1,-1
91,451,1688.00,593.00,61.00,184.00,1,-1,-1,-1
91,555,75.00,570.00,45.00,137.00,1,-1,-1,-1
91,678,208.00,562.00,48.00,147.00,1,-1,-1,-1
91,685,1666.00,523.00,93.00,281.00,1,-1,-1,-1
91,688,475.00,552.00,39.00,119.00,1,-1,-1,-1
91,690,257.00,571.00,48.00,144.00,1,-1,-1,-1
91,700,418.00,561.00,39.00,119.00,1,-1,-1,-1
92,451,1691.00,594.00,61.00,187.00,1,-1,-1,-1
92,555,69.00,571.00,47.00,144.00,1,-1,-1,-1
92,678,199.00,569.00,48.00,147.00,1,-1,-1,-1
92,685,1676.00,542.00,87.00,264.00,1,-1,-1,-1
92,688,474.00,553.00,39.00,119.00,1,-1,-1,-1
92,690,248.00,572.00,48.00,146.00,1,-1,-1,-1
92,700,407.00,556.00,44.00,131.00,1,-1,-1,-1
93,451,1691.00,598.00,63.00,192.00,1,-1,-1,-1
93,555,60.00,572.00,48.00,146.00,1,-1,-1,-1
93,678,190.00,571.00,48.00,147.00,1,-1,-1,-1
93,685,1674.00,550.00,89.00,271.00,1,-1,-1,-1
93,690,240.00,577.00,46.00,141.00,1,-1,-1,-1
93,700,403.00,564.00,43.00,129.00,1,-1,-1,-1
94,451,1696.00,604.00,61.00,186.00,1,-1,-1,-1
94,555,52.00,573.00,48.00,147.00,1,-1,-1,-1
94,678,180.00,572.00,48.00,147.00,1,-1,-1,-1
94,685,1673.00,553.00,90.00,273.00,1,-1,-1,-1
94,688,457.00,558.00,42.00,126.00,1,-1,-1,-1
94,690,237.00,579.00,46.00,138.00,1,-1,-1,-1
94,700,396.00,567.00,42.00,128.00,1,-1,-1,-1
95,451,1699.00,602.00,67.00,201.00,1,-1,-1,-1
95,608,1222.00,476.00,56.00,168.00,1,-1,-1,-1
95,678,176.00,572.00,48.00,147.00,1,-1,-1,-1
95,685,1672.00,557.00,90.00,273.00,1,-1,-1,-1
95,688,454.00,559.00,42.00,127.00,1,-1,-1,-1
95,690,225.00,574.00,50.00,151.00,1,-1,-1,-1
95,700,392.00,575.00,40.00,122.00,1,-1,-1,-1
96,451,1703.00,608.00,65.00,198.00,1,-1,-1,-1
96,608,1218.00,475.00,56.00,170.00,1,-1,-1,-1
96,678,163.00,572.00,50.00,154.00,1,-1,-1,-1
96,685,1687.00,554.00,91.00,274.00,1,-1,-1,-1
96,690,218.00,579.00,48.00,149.00,1,-1,-1,-1
96,700,385.00,577.00,39.00,120.00,1,-1,-1,-1
97,451,1704.00,611.00,64.00,196.00,1,-1,-1,-1
97,658,1697.00,546.00,32.00,97.00,1,-1,-1,-1
97,678,158.00,571.00,51.00,157.00,1,-1,-1,-1
97,685,1690.00,554.00,91.00,274.00,1,-1,-1,-1
97,690,215.00,581.00,49.00,148.00,1,-1,-1,-1
97,700,370.00,561.00,45.00,138.00,1,-1,-1,-1
98,451,1713.00,612.00,64.00,195.00,1,-1,-1,-1
98,658,1690.00,539.00,38.00,114.00,1,-1,-1,-1
98,678,149.00,577.00,47.00,144.00,1,-1,-1,-1
98,685,1691.00,557.00,91.00,274.00,1,-1,-1,-1
98,690,208.00,582.00,48.00,147.00,1,-1,-1,-1
98,700,366.00,571.00,42.00,127.00,1,-1,-1,-1
99,451,1716.00,612.00,64.00,195.00,1,-1,-1,-1
99,658,1689.00,543.00,38.00,117.00,1,-1,-1,-1
99,678,139.00,581.00,48.00,145.00,1,-1,-1,-1
99,690,199.00,582.00,48.00,147.00,1,-1,-1,-1
99,700,360.00,574.00,41.00,126.00,1,-1,-1,-1
100,451,1716.00,614.00,67.00,204.00,1,-1,-1,-1
100,658,1688.00,544.00,39.00,119.00,1,-1,-1,-1
100,678,130.00,582.00,48.00,146.00,1,-1,-1,-1
100,690,191.00,582.00,51.00,154.00,1,-1,-1,-1
100,700,341.00,555.00,50.00,151.00,1,-1,-1,-1
101,451,1715.00,614.00,69.00,207.00,1,-1,-1,-1
101,658,1688.00,545.00,39.00,119.00,1,-1,-1,-1
101,678,120.00,582.00,48.00,147.00,1,-1,-1,-1
101,690,181.00,582.00,52.00,156.00,1,-1,-1,-1
101,700,334.00,555.00,50.00,154.00,1,-1,-1,-1
102,451,1717.00,614.00,72.00,218.00,1,-1,-1,-1
102,658,1683.00,545.00,39.00,119.00,1,-1,-1,-1
102,678,117.00,587.00,46.00,140.00,1,-1,-1,-1
102,688,397.00,567.00,42.00,127.00,1,-1,-1,-1
102,690,171.00,582.00,52.00,157.00,1,-1,-1,-1
103,451,1725.00,614.00,70.00,213.00,1,-1,-1,-1
103,658,1681.00,545.00,39.00,119.00,1,-1,-1,-1
103,678,109.00,584.00,48.00,144.00,1,-1,-1,-1
103,688,388.00,570.00,44.00,134.00,1,-1,-1,-1
103,690,166.00,582.00,50.00,151.00,1,-1,-1,-1
103,695,1547.00,516.00,29.00,90.00,1,-1,-1,-1
103,700,325.00,571.00,44.00,134.00,1,-1,-1,-1
104,451,1728.00,614.00,69.00,210.00,1,-1,-1,-1
104,658,1680.00,545.00,39.00,119.00,1,-1,-1,-1
104,678,100.00,583.00,48.00,146.00,1,-1,-1,-1
104,688,379.00,574.00,43.00,130.00,1,-1,-1,-1
104,690,159.00,583.00,50.00,151.00,1,-1,-1,-1
104,695,1542.00,515.00,31.00,93.00,1,-1,-1,-1
104,700,318.00,574.00,42.00,130.00,1,-1,-1,-1
105,451,1732.00,613.00,72.00,220.00,1,-1,-1,-1
105,658,1680.00,545.00,39.00,119.00,1,-1,-1,-1
105,678,88.00,582.00,50.00,154.00,1,-1,-1,-1
105,688,368.00,566.00,46.00,142.00,1,-1,-1,-1
105,695,1540.00,514.00,31.00,95.00,1,-1,-1,-1
105,700,310.00,576.00,43.00,129.00,1,-1,-1,-1
106,451,1730.00,623.00,70.00,213.00,1,-1,-1,-1
106,658,1674.00,545.00,40.00,119.00,1,-1,-1,-1
106,678,76.00,582.00,52.00,156.00,1,-1,-1,-1
106,688,361.00,567.00,47.00,143.00,1,-1,-1,-1
106,695,1536.00,515.00,30.00,92.00,1,-1,-1,-1
107,451,1732.00,617.00,73.00,220.00,1,-1,-1,-1
107,658,1673.00,545.00,39.00,119.00,1,-1,-1,-1
107,678,72.00,575.00,52.00,157.00,1,-1,-1,-1
107,688,351.00,570.00,45.00,138.00,1,-1,-1,-1
107,695,1533.00,515.00,29.00,87.00,1,-1,-1,-1
108,451,1739.00,624.00,71.00,213.00,1,-1,-1,-1
108,658,1671.00,545.00,39.00,120.00,1,-1,-1,-1
108,678,60.00,569.00,54.00,165.00,1,-1,-1,-1
108,688,340.00,556.00,50.00,152.00,1,-1,-1,-1
108,695,1531.00,515.00,28.00,86.00,1,-1,-1,-1
108,703,386.00,553.00,39.00,119.00,1,-1,-1,-1
108,704,211.00,583.00,38.00,116.00,1,-1,-1,-1
109,451,1742.00,627.00,69.00,210.00,1,-1,-1,-1
109,658,1665.00,545.00,40.00,119.00,1,-1,-1,-1
109,678,52.00,570.00,53.00,161.00,1,-1,-1,-1
109,688,330.00,548.00,54.00,163.00,1,-1,-1,-1
109,700,281.00,584.00,39.00,120.00,1,-1,-1,-1
109,703,382.00,553.00,39.00,119.00,1,-1,-1,-1
109,704,200.00,583.00,41.00,125.00,1,-1,-1,-1
110,451,1745.00,626.00,75.00,229.00,1,-1,-1,-1
110,658,1663.00,545.00,39.00,120.00,1,-1,-1,-1
110,678,43.00,570.00,52.00,159.00,1,-1,-1,-1
110,688,322.00,562.00,49.00,147.00,1,-1,-1,-1
110,700,268.00,584.00,41.00,125.00,1,-1,-1,-1
110,704,193.00,584.00,40.00,122.00,1,-1,-1,-1
111,451,1746.00,626.00,78.00,236.00,1,-1,-1,-1
111,678,33.00,570.00,52.00,158.00,1,-1,-1,-1
111,688,315.00,562.00,49.00,147.00,1,-1,-1,-1
111,700,259.00,584.00,41.00,127.00,1,-1,-1,-1
111,704,182.00,588.00,37.00,115.00,1,-1,-1,-1
112,451,1746.00,625.00,79.00,240.00,1,-1,-1,-1
112,678,24.00,575.00,54.00,165.00,1,-1,-1,-1
112,688,306.00,568.00,49.00,148.00,1,-1,-1,-1
112,700,250.00,584.00,41.00,128.00,1,-1,-1,-1
112,704,175.00,591.00,35.00,107.00,1,-1,-1,-1
113,451,1746.00,625.00,79.00,240.00,1,-1,-1,-1
113,678,12.00,579.00,53.00,161.00,1,-1,-1,-1
113,688,299.00,569.00,48.00,149.00,1,-1,-1,-1
113,700,241.00,584.00,42.00,128.00,1,-1,-1,-1
113,704,166.00,591.00,35.00,109.00,1,-1,-1,-1
114,451,1746.00,625.00,79.00,241.00,1,-1,-1,-1
114,678,8.00,581.00,50.00,152.00,1,-1,-1,-1
114,690,65.00,581.00,51.00,158.00,1,-1,-1,-1
114,700,233.00,590.00,40.00,122.00,1,-1,-1,-1
114,704,154.00,592.00,38.00,116.00,1,-1,-1,-1
115,451,1746.00,625.00,79.00,241.00,1,-1,-1,-1
115,678,0.00,581.00,51.00,156.00,1,-1,-1,-1
115,688,277.00,572.00,49.00,147.00,1,-1,-1,-1
115,690,51.00,574.00,57.00,174.00,1,-1,-1,-1
115,700,224.00,592.00,40.00,121.00,1,-1,-1,-1
115,704,144.00,596.00,36.00,113.00,1,-1,-1,-1
116,451,1749.00,621.00,83.00,251.00,1,-1,-1,-1
116,678,0.00,582.00,43.00,156.00,1,-1,-1,-1
116,688,268.00,577.00,46.00,141.00,1,-1,-1,-1
116,690,44.00,576.00,57.00,171.00,1,-1,-1,-1
116,704,135.00,598.00,36.00,111.00,1,-1,-1,-1
117,451,1757.00,634.00,81.00,244.00,1,-1,-1,-1
117,688,256.00,573.00,49.00,152.00,1,-1,-1,-1
117,690,35.00,576.00,57.00,173.00,1,-1,-1,-1
117,700,199.00,593.00,42.00,126.00,1,-1,-1,-1
117,703,313.00,560.00,39.00,119.00,1,-1,-1,-1
117,704,126.00,599.00,37.00,111.00,1,-1,-1,-1
118,451,1760.00,639.00,80.00,241.00,1,-1,-1,-1
118,555,127.00,589.00,45.00,137.00,1,-1,-1,-1
118,688,248.00,577.00,47.00,143.00,1,-1,-1,-1
118,690,17.00,573.00,62.00,190.00,1,-1,-1,-1
118,700,189.00,593.00,42.00,127.00,1,-1,-1,-1
118,703,305.00,561.00,39.00,119.00,1,-1,-1,-1
118,704,114.00,594.00,38.00,117.00,1,-1,-1,-1
119,451,1761.00,641.00,80.00,240.00,1,-1,-1,-1
119,555,123.00,598.00,43.00,130.00,1,-1,-1,-1
119,688,235.00,573.00,50.00,153.00,1,-1,-1,-1
119,690,11.00,579.00,60.00,185.00,1,-1,-1,-1
119,700,180.00,594.00,42.00,127.00,1,-1,-1,-1
119,704,105.00,595.00,38.00,118.00,1,-1,-1,-1
120,451,1762.00,641.00,79.00,240.00,1,-1,-1,-1
120,555,115.00,598.00,44.00,135.00,1,-1,-1,-1
120,688,227.00,579.00,49.00,149.00,1,-1,-1,-1
120,690,1.00,579.00,62.00,187.00,1,-1,-1,-1
121,451,1762.00,641.00,79.00,240.00,1,-1,-1,-1
121,555,106.00,598.00,45.00,136.00,1,-1,-1,-1
121,688,214.00,581.00,50.00,155.00,1,-1,-1,-1
121,703,281.00,561.00,39.00,119.00,1,-1,-1,-1
121,704,79.00,600.00,41.00,126.00,1,-1,-1,-1
122,451,1766.00,638.00,83.00,251.00,1,-1,-1,-1
122,555,97.00,598.00,45.00,137.00,1,-1,-1,-1
122,688,202.00,581.00,52.00,157.00,1,-1,-1,-1
122,703,274.00,559.00,41.00,125.00,1,-1,-1,-1
122,704,66.00,606.00,40.00,122.00,1,-1,-1,-1
123,451,1767.00,636.00,85.00,255.00,1,-1,-1,-1
123,555,83.00,606.00,43.00,131.00,1,-1,-1,-1
123,685,1771.00,559.00,120.00,362.00,1,-1,-1,-1
123,688,191.00,582.00,52.00,157.00,1,-1,-1,-1
123,703,265.00,565.00,40.00,122.00,1,-1,-1,-1
123,704,56.00,607.00,40.00,123.00,1,-1,-1,-1
124,451,1779.00,647.00,85.00,257.00,1,-1,-1,-1
124,555,72.00,609.00,43.00,128.00,1,-1,-1,-1
124,685,1770.00,551.00,126.00,380.00,1,-1,-1,-1
124,688,180.00,582.00,52.00,158.00,1,-1,-1,-1
124,703,258.00,566.00,41.00,126.00,1,-1,-1,-1
124,704,44.00,609.00,41.00,127.00,1,-1,-1,-1
125,451,1783.00,645.00,89.00,270.00,1,-1,-1,-1
125,555,60.00,608.00,44.00,134.00,1,-1,-1,-1
125,685,1773.00,550.00,128.00,385.00,1,-1,-1,-1
125,688,170.00,582.00,52.00,158.00,1,-1,-1,-1
125,703,249.00,563.00,44.00,133.00,1,-1,-1,-1
125,704,34.00,611.00,41.00,127.00,1,-1,-1,-1
126,451,1784.00,645.00,91.00,274.00,1,-1,-1,-1
126,555,49.00,608.00,45.00,136.00,1,-1,-1,-1
126,658,1735.00,560.00,39.00,119.00,1,-1,-1,-1
126,688,159.00,582.00,52.00,157.00,1,-1,-1,-1
126,703,240.00,562.00,45.00,136.00,1,-1,-1,-1
127,451,1797.00,645.00,91.00,275.00,1,-1,-1,-1
127,555,34.00,611.00,47.00,143.00,1,-1,-1,-1
127,658,1739.00,561.00,39.00,119.00,1,-1,-1,-1
127,688,149.00,588.00,49.00,151.00,1,-1,-1,-1
127,703,232.00,565.00,43.00,131.00,1,-1,-1,-1
128,451,1801.00,650.00,87.00,264.00,1,-1,-1,-1
128,555,23.00,612.00,48.00,145.00,1,-1,-1,-1
128,688,137.00,589.00,54.00,163.00,1,-1,-1,-1
128,703,224.00,566.00,42.00,129.00,1,-1,-1,-1
129,451,1797.00,651.00,94.00,285.00,1,-1,-1,-1
129,555,11.00,615.00,47.00,140.00,1,-1,-1,-1
129,688,126.00,589.00,55.00,168.00,1,-1,-1,-1
129,703,215.00,572.00,42.00,129.00,1,-1,-1,-1
130,451,1801.00,659.00,93.00,279.00,1,-1,-1,-1
130,555,3.00,617.00,47.00,141.00,1,-1,-1,-1
130,658,1731.00,561.00,39.00,119.00,1,-1,-1,-1
130,688,117.00,598.00,51.00,154.00,1,-1,-1,-1
130,703,207.00,574.00,42.00,128.00,1,-1,-1,-1
131,451,1803.00,662.00,91.00,277.00,1,-1,-1,-1
131,658,1730.00,561.00,39.00,119.00,1,-1,-1,-1
131,688,104.00,592.00,54.00,164.00,1,-1,-1,-1
131,703,198.00,576.00,43.00,128.00,1,-1,-1,-1
132,451,1810.00,655.00,96.00,290.00,1,-1,-1,-1
132,658,1724.00,561.00,39.00,119.00,1,-1,-1,-1
132,678,75.00,558.00,42.00,128.00,1,-1,-1,-1
132,688,92.00,598.00,55.00,167.00,1,-1,-1,-1
132,703,189.00,575.00,42.00,128.00,1,-1,-1,-1
133,451,1818.00,660.00,93.00,281.00,1,-1,-1,-1
133,658,1722.00,561.00,39.00,119.00,1,-1,-1,-1
133,678,78.00,557.00,42.00,127.00,1,-1,-1,-1
133,688,84.00,601.00,53.00,162.00,1,-1,-1,-1
133,695,1420.00,520.00,23.00,68.00,1,-1,-1,-1
133,703,181.00,575.00,42.00,128.00,1,-1,-1,-1
134,451,1821.00,662.00,91.00,278.00,1,-1,-1,-1
134,658,1721.00,561.00,39.00,119.00,1,-1,-1,-1
134,688,70.00,601.00,55.00,167.00,1,-1,-1,-1
134,695,1416.00,520.00,22.00,67.00,1,-1,-1,-1
134,703,172.00,581.00,42.00,128.00,1,-1,-1,-1
135,451,1822.00,663.00,91.00,276.00,1,-1,-1,-1
135,658,1715.00,561.00,39.00,119.00,1,-1,-1,-1
135,688,55.00,609.00,53.00,161.00,1,-1,-1,-1
135,703,164.00,583.00,41.00,128.00,1,-1,-1,-1
136,451,1825.00,664.00,92.00,278.00,1,-1,-1,-1
136,658,1713.00,561.00,39.00,119.00,1,-1,-1,-1
136,688,45.00,611.00,55.00,167.00,1,-1,-1,-1
136,695,1407.00,520.00,21.00,67.00,1,-1,-1,-1
136,703,155.00,584.00,42.00,128.00,1,-1,-1,-1
137,658,1713.00,561.00,39.00,119.00,1,-1,-1,-1
137,688,34.00,612.00,56.00,168.00,1,-1,-1,-1
137,695,1402.00,520.00,22.00,67.00,1,-1,-1,-1
137,703,146.00,584.00,42.00,128.00,1,-1,-1,-1
138,658,1712.00,561.00,39.00,119.00,1,-1,-1,-1
138,688,16.00,609.00,59.00,177.00,1,-1,-1,-1
138,703,138.00,586.00,42.00,127.00,1,-1,-1,-1
139,658,1707.00,561.00,39.00,119.00,1,-1,-1,-1
139,688,2.00,611.00,57.00,173.00,1,-1,-1,-1
140,608,1559.00,544.00,39.00,120.00,1,-1,-1,-1
140,658,1706.00,561.00,39.00,119.00,1,-1,-1,-1
140,688,0.00,613.00,47.00,173.00,1,-1,-1,-1
141,608,1562.00,545.00,39.00,119.00,1,-1,-1,-1
141,658,1705.00,554.00,39.00,119.00,1,-1,-1,-1
142,608,1564.00,545.00,39.00,119.00,1,-1,-1,-1
142,658,1704.00,553.00,39.00,119.00,1,-1,-1,-1
143,608,1558.00,545.00,39.00,119.00,1,-1,-1,-1
143,658,1703.00,563.00,37.00,113.00,1,-1,-1,-1
143,695,1383.00,520.00,22.00,68.00,1,-1,-1,-1
143,703,95.00,584.00,42.00,128.00,1,-1,-1,-1
144,608,1555.00,545.00,39.00,119.00,1,-1,-1,-1
144,658,1698.00,561.00,38.00,117.00,1,-1,-1,-1
144,695,1379.00,520.00,22.00,67.00,1,-1,-1,-1
144,703,86.00,584.00,42.00,128.00,1,-1,-1,-1
145,608,1548.00,542.00,41.00,125.00,1,-1,-1,-1
145,658,1697.00,561.00,38.00,118.00,1,-1,-1,-1
145,703,78.00,585.00,42.00,127.00,1,-1,-1,-1
146,608,1546.00,544.00,40.00,121.00,1,-1,-1,-1
146,658,1696.00,561.00,39.00,118.00,1,-1,-1,-1
147,608,1539.00,548.00,41.00,125.00,1,-1,-1,-1
147,658,1695.00,561.00,39.00,119.00,1,-1,-1,-1
148,608,1537.00,551.00,40.00,122.00,1,-1,-1,-1
148,658,1690.00,561.00,39.00,119.00,1,-1,-1,-1
149,608,1531.00,547.00,39.00,120.00,1,-1,-1,-1
149,658,1688.00,561.00,39.00,119.00,1,-1,-1,-1
150,608,1529.00,551.00,39.00,119.00,1,-1,-1,-1
151,608,1523.00,552.00,39.00,119.00,1,-1,-1,-1
152,608,1513.00,545.00,41.00,125.00,1,-1,-1,-1
153,608,1506.00,545.00,40.00,121.00,1,-1,-1,-1
154,608,1502.00,542.00,41.00,125.00,1,-1,-1,-1
155,608,1497.00,544.00,40.00,121.00,1,-1,-1,-1
156,608,1490.00,544.00,39.00,120.00,1,-1,-1,-1
156,695,1316.00,518.00,23.00,72.00,1,-1,-1,-1
157,608,1482.00,544.00,39.00,120.00,1,-1,-1,-1
157,695,1311.00,518.00,23.00,73.00,1,-1,-1,-1
158,608,1476.00,542.00,41.00,125.00,1,-1,-1,-1
159,608,1472.00,538.00,40.00,121.00,1,-1,-1,-1
160,608,1465.00,542.00,40.00,120.00,1,-1,-1,-1
161,608,1463.00,538.00,39.00,120.00,1,-1,-1,-1
162,608,1458.00,540.00,41.00,124.00,1,-1,-1,-1
163,608,1455.00,543.00,40.00,121.00,1,-1,-1,-1
164,608,1449.00,544.00,40.00,120.00,1,-1,-1,-1
165,608,1442.00,544.00,39.00,120.00,1,-1,-1,-1
166,608,1439.00,545.00,39.00,119.00,1,-1,-1,-1
167,608,1433.00,539.00,39.00,119.00,1,-1,-1,-1
168,608,1426.00,537.00,39.00,119.00,1,-1,-1,-1
169,608,1423.00,537.00,39.00,118.00,1,-1,-1,-1
170,608,1416.00,533.00,41.00,125.00,1,-1,-1,-1
171,608,1414.00,532.00,41.00,127.00,1,-1,-1,-1
172,608,1408.00,532.00,41.00,127.00,1,-1,-1,-1
173,608,1405.00,532.00,42.00,128.00,1,-1,-1,-1
174,608,1406.00,535.00,40.00,122.00,1,-1,-1,-1
175,608,1399.00,534.00,43.00,132.00,1,-1,-1,-1
176,608,1398.00,540.00,41.00,125.00,1,-1,-1,-1
177,608,1398.00,543.00,40.00,121.00,1,-1,-1,-1
178,608,1393.00,544.00,39.00,120.00,1,-1,-1,-1
179,608,1390.00,542.00,40.00,125.00,1,-1,-1,-1
180,608,1385.00,544.00,40.00,121.00,1,-1,-1,-1
181,608,1383.00,544.00,40.00,120.00,1,-1,-1,-1
182,608,1379.00,537.00,43.00,131.00,1,-1,-1,-1
182,658,1612.00,549.00,42.00,128.00,1,-1,-1,-1
183,608,1376.00,542.00,41.00,123.00,1,-1,-1,-1
183,658,1610.00,549.00,42.00,128.00,1,-1,-1,-1
184,608,1372.00,541.00,42.00,126.00,1,-1,-1,-1
185,608,1371.00,535.00,42.00,128.00,1,-1,-1,-1
186,608,1368.00,541.00,40.00,122.00,1,-1,-1,-1
186,658,1615.00,559.00,39.00,120.00,1,-1,-1,-1
187,608,1368.00,536.00,43.00,132.00,1,-1,-1,-1
187,658,1616.00,555.00,39.00,119.00,1,-1,-1,-1
188,608,1364.00,539.00,43.00,129.00,1,-1,-1,-1
188,658,1616.00,553.00,39.00,119.00,1,-1,-1,-1
189,608,1363.00,540.00,42.00,128.00,1,-1,-1,-1
189,658,1616.00,553.00,39.00,118.00,1,-1,-1,-1
190,608,1357.00,540.00,42.00,128.00,1,-1,-1,-1
190,658,1613.00,550.00,41.00,125.00,1,-1,-1,-1
191,608,1355.00,541.00,42.00,127.00,1,-1,-1,-1
191,658,1615.00,552.00,40.00,121.00,1,-1,-1,-1
192,608,1352.00,543.00,40.00,122.00,1,-1,-1,-1
192,658,1613.00,550.00,41.00,125.00,1,-1,-1,-1
193,608,1353.00,542.00,41.00,125.00,1,-1,-1,-1
193,658,1615.00,551.00,40.00,122.00,1,-1,-1,-1
194,608,1352.00,544.00,40.00,121.00,1,-1,-1,-1
194,658,1616.00,552.00,39.00,120.00,1,-1,-1,-1
195,608,1348.00,542.00,41.00,125.00,1,-1,-1,-1
195,658,1622.00,552.00,39.00,119.00,1,-1,-1,-1
196,608,1346.00,541.00,42.00,127.00,1,-1,-1,-1
196,658,1618.00,552.00,39.00,119.00,1,-1,-1,-1
196,678,1062.00,520.00,22.00,68.00,1,-1,-1,-1
197,608,1346.00,541.00,41.00,127.00,1,-1,-1,-1
197,658,1622.00,552.00,39.00,119.00,1,-1,-1,-1
197,678,1079.00,519.00,22.00,67.00,1,-1,-1,-1
198,608,1343.00,536.00,43.00,134.00,1,-1,-1,-1
198,658,1624.00,552.00,39.00,119.00,1,-1,-1,-1
199,608,1342.00,534.00,44.00,136.00,1,-1,-1,-1
199,658,1625.00,552.00,38.00,119.00,1,-1,-1,-1
200,608,1341.00,533.00,45.00,137.00,1,-1,-1,-1
200,658,1628.00,550.00,41.00,125.00,1,-1,-1,-1
201,608,1338.00,538.00,44.00,131.00,1,-1,-1,-1
201,658,1629.00,550.00,42.00,126.00,1,-1,-1,-1
202,608,1340.00,535.00,45.00,135.00,1,-1,-1,-1
202,658,1632.00,551.00,40.00,122.00,1,-1,-1,-1
203,608,1338.00,539.00,43.00,130.00,1,-1,-1,-1
203,658,1631.00,550.00,41.00,126.00,1,-1,-1,-1
204,608,1338.00,540.00,42.00,129.00,1,-1,-1,-1
204,658,1635.00,545.00,43.00,133.00,1,-1,-1,-1
205,608,1337.00,540.00,42.00,128.00,1,-1,-1,-1
205,658,1637.00,548.00,43.00,130.00,1,-1,-1,-1
206,608,1336.00,543.00,40.00,122.00,1,-1,-1,-1
206,658,1640.00,551.00,40.00,123.00,1,-1,-1,-1
207,608,1334.00,543.00,43.00,132.00,1,-1,-1,-1
207,658,1645.00,550.00,41.00,126.00,1,-1,-1,-1
208,608,1330.00,547.00,43.00,129.00,1,-1,-1,-1
208,658,1648.00,557.00,40.00,121.00,1,-1,-1,-1
208,695,1030.00,524.00,22.00,68.00,1,-1,-1,-1
209,608,1330.00,538.00,46.00,141.00,1,-1,-1,-1
209,658,1647.00,554.00,43.00,131.00,1,-1,-1,-1
209,695,1024.00,525.00,22.00,67.00,1,-1,-1,-1
210,608,1329.00,534.00,48.00,145.00,1,-1,-1,-1
210,658,1652.00,553.00,45.00,135.00,1,-1,-1,-1
211,608,1331.00,539.00,46.00,141.00,1,-1,-1,-1
211,658,1655.00,556.00,43.00,131.00,1,-1,-1,-1
212,608,1332.00,542.00,45.00,138.00,1,-1,-1,-1
212,658,1662.00,557.00,42.00,129.00,1,-1,-1,-1
212,709,879.00,532.00,21.00,63.00,1,-1,-1,-1
213,608,1332.00,542.00,46.00,138.00,1,-1,-1,-1
213,658,1664.00,558.00,42.00,128.00,1,-1,-1,-1
213,709,878.00,530.00,22.00,67.00,1,-1,-1,-1
214,608,1332.00,543.00,46.00,137.00,1,-1,-1,-1
214,658,1670.00,558.00,42.00,128.00,1,-1,-1,-1
214,709,877.00,530.00,22.00,67.00,1,-1,-1,-1
215,608,1333.00,543.00,45.00,137.00,1,-1,-1,-1
215,658,1673.00,554.00,44.00,134.00,1,-1,-1,-1
216,608,1333.00,549.00,45.00,137.00,1,-1,-1,-1
216,658,1680.00,553.00,45.00,136.00,1,-1,-1,-1
217,608,1336.00,555.00,43.00,131.00,1,-1,-1,-1
217,658,1683.00,552.00,45.00,137.00,1,-1,-1,-1
218,608,1337.00,557.00,43.00,129.00,1,-1,-1,-1
218,658,1686.00,552.00,45.00,138.00,1,-1,-1,-1
219,608,1341.00,554.00,44.00,134.00,1,-1,-1,-1
220,608,1342.00,553.00,44.00,136.00,1,-1,-1,-1
221,608,1341.00,546.00,47.00,143.00,1,-1,-1,-1
222,608,1345.00,548.00,43.00,134.00,1,-1,-1,-1
223,608,1348.00,544.00,47.00,143.00,1,-1,-1,-1
224,608,1350.00,543.00,47.00,145.00,1,-1,-1,-1
225,608,1351.00,543.00,46.00,140.00,1,-1,-1,-1
226,608,1351.00,542.00,47.00,145.00,1,-1,-1,-1
227,608,1350.00,542.00,49.00,146.00,1,-1,-1,-1
227,658,1752.00,542.00,48.00,147.00,1,-1,-1,-1
228,608,1357.00,542.00,48.00,147.00,1,-1,-1,-1
228,658,1756.00,542.00,46.00,141.00,1,-1,-1,-1
229,608,1359.00,542.00,49.00,147.00,1,-1,-1,-1
229,658,1763.00,542.00,48.00,145.00,1,-1,-1,-1
230,608,1360.00,542.00,48.00,147.00,1,-1,-1,-1
230,658,1772.00,542.00,48.00,146.00,1,-1,-1,-1
231,608,1362.00,540.00,51.00,154.00,1,-1,-1,-1
231,658,1781.00,542.00,49.00,147.00,1,-1,-1,-1
232,608,1367.00,547.00,48.00,144.00,1,-1,-1,-1
232,658,1791.00,542.00,49.00,147.00,1,-1,-1,-1
233,608,1370.00,551.00,45.00,139.00,1,-1,-1,-1
233,658,1801.00,542.00,49.00,147.00,1,-1,-1,-1
234,608,1370.00,545.00,48.00,144.00,1,-1,-1,-1
234,658,1811.00,542.00,49.00,147.00,1,-1,-1,-1
235,608,1370.00,550.00,46.00,139.00,1,-1,-1,-1
235,658,1821.00,542.00,49.00,147.00,1,-1,-1,-1
236,608,1373.00,543.00,49.00,151.00,1,-1,-1,-1
236,658,1828.00,540.00,50.00,154.00,1,-1,-1,-1
237,608,1373.00,540.00,51.00,156.00,1,-1,-1,-1
237,658,1840.00,541.00,49.00,150.00,1,-1,-1,-1
238,608,1380.00,539.00,52.00,157.00,1,-1,-1,-1
238,658,1846.00,535.00,53.00,163.00,1,-1,-1,-1
239,608,1383.00,539.00,52.00,158.00,1,-1,-1,-1
239,658,1854.00,534.00,54.00,165.00,1,-1,-1,-1
240,608,1390.00,534.00,54.00,166.00,1,-1,-1,-1
241,608,1393.00,537.00,53.00,161.00,1,-1,-1,-1
242,608,1395.00,538.00,52.00,159.00,1,-1,-1,-1
243,608,1403.00,541.00,48.00,145.00,1,-1,-1,-1
244,608,1406.00,542.00,46.00,139.00,1,-1,-1,-1
245,608,1413.00,540.00,50.00,151.00,1,-1,-1,-1
246,608,1418.00,541.00,49.00,149.00,1,-1,-1,-1
247,608,1424.00,540.00,51.00,154.00,1,-1,-1,-1
248,608,1429.00,541.00,49.00,150.00,1,-1,-1,-1
249,608,1435.00,540.00,51.00,154.00,1,-1,-1,-1
249,709,920.00,533.00,19.00,59.00,1,-1,-1,-1
250,608,1438.00,535.00,54.00,164.00,1,-1,-1,-1
250,709,922.00,533.00,19.00,58.00,1,-1,-1,-1
251,608,1446.00,539.00,51.00,154.00,1,-1,-1,-1
251,709,926.00,532.00,20.00,63.00,1,-1,-1,-1
252,608,1455.00,539.00,51.00,156.00,1,-1,-1,-1
252,709,928.00,532.00,20.00,63.00,1,-1,-1,-1
253,608,1458.00,539.00,52.00,157.00,1,-1,-1,-1
254,608,1466.00,528.00,57.00,173.00,1,-1,-1,-1
255,608,1476.00,534.00,54.00,164.00,1,-1,-1,-1
256,608,1486.00,539.00,50.00,153.00,1,-1,-1,-1
257,608,1493.00,535.00,54.00,163.00,1,-1,-1,-1
258,608,1503.00,533.00,55.00,167.00,1,-1,-1,-1
259,608,1507.00,532.00,55.00,169.00,1,-1,-1,-1
259,709,965.00,529.00,22.00,68.00,1,-1,-1,-1
260,608,1515.00,532.00,56.00,169.00,1,-1,-1,-1
260,709,969.00,529.00,22.00,68.00,1,-1,-1,-1
261,608,1526.00,532.00,56.00,169.00,1,-1,-1,-1
262,608,1533.00,531.00,56.00,171.00,1,-1,-1,-1
267,709,1006.00,533.00,22.00,68.00,1,-1,-1,-1
268,709,1011.00,533.00,22.00,69.00,1,-1,-1,-1
269,608,1549.00,582.00,63.00,194.00,1,-1,-1,-1
270,608,1561.00,592.00,61.00,186.00,1,-1,-1,-1
271,608,1579.00,589.00,63.00,192.00,1,-1,-1,-1
272,608,1594.00,596.00,64.00,194.00,1,-1,-1,-1
273,608,1611.00,591.00,67.00,203.00,1,-1,-1,-1
274,608,1625.00,587.00,71.00,217.00,1,-1,-1,-1
275,608,1640.00,587.00,70.00,212.00,1,-1,-1,-1
276,608,1655.00,596.00,70.00,210.00,1,-1,-1,-1
277,608,1675.00,595.00,76.00,230.00,1,-1,-1,-1
278,608,1686.00,597.00,77.00,234.00,1,-1,-1,-1
280,608,1725.00,607.00,79.00,240.00,1,-1,-1,-1
281,608,1737.00,610.00,81.00,244.00,1,-1,-1,-1
281,658,1725.00,542.00,49.00,147.00,1,-1,-1,-1
282,658,1729.00,543.00,54.00,165.00,1,-1,-1,-1
283,658,1737.00,537.00,60.00,185.00,1,-1,-1,-1
284,608,1804.00,610.00,80.00,241.00,1,-1,-1,-1
284,658,1750.00,543.00,61.00,184.00,1,-1,-1,-1
285,608,1823.00,610.00,79.00,240.00,1,-1,-1,-1
285,658,1765.00,545.00,60.00,184.00,1,-1,-1,-1
286,608,1838.00,611.00,80.00,243.00,1,-1,-1,-1
286,658,1777.00,537.00,63.00,192.00,1,-1,-1,-1
287,658,1790.00,543.00,62.00,186.00,1,-1,-1,-1
288,658,1803.00,537.00,64.00,192.00,1,-1,-1,-1
288,713,1269.00,550.00,41.00,126.00,1,-1,-1,-1
289,658,1816.00,543.00,61.00,186.00,1,-1,-1,-1
289,713,1272.00,552.00,40.00,121.00,1,-1,-1,-1
290,658,1825.00,534.00,66.00,201.00,1,-1,-1,-1
290,713,1279.00,552.00,39.00,120.00,1,-1,-1,-1
291,658,1837.00,531.00,68.00,207.00,1,-1,-1,-1
291,713,1281.00,552.00,39.00,120.00,1,-1,-1,-1
292,658,1854.00,541.00,65.00,199.00,1,-1,-1,-1
292,713,1288.00,553.00,38.00,118.00,1,-1,-1,-1
293,658,1869.00,544.00,50.00,197.00,1,-1,-1,-1
293,713,1292.00,553.00,39.00,118.00,1,-1,-1,-1
294,658,1878.00,545.00,41.00,199.00,1,-1,-1,-1
294,713,1295.00,557.00,42.00,126.00,1,-1,-1,-1
295,713,1300.00,558.00,41.00,126.00,1,-1,-1,-1
314,713,1379.00,591.00,49.00,147.00,1,-1,-1,-1
315,713,1387.00,592.00,49.00,147.00,1,-1,-1,-1
315,722,221.00,635.00,45.00,136.00,1,-1,-1,-1
316,713,1390.00,592.00,48.00,147.00,1,-1,-1,-1
316,722,218.00,632.00,48.00,144.00,1,-1,-1,-1
317,713,1391.00,592.00,48.00,147.00,1,-1,-1,-1
317,722,220.00,633.00,46.00,140.00,1,-1,-1,-1
318,713,1397.00,596.00,46.00,141.00,1,-1,-1,-1
318,722,218.00,632.00,48.00,144.00,1,-1,-1,-1
319,713,1401.00,598.00,46.00,141.00,1,-1,-1,-1
319,722,220.00,640.00,46.00,140.00,1,-1,-1,-1
320,722,221.00,643.00,45.00,138.00,1,-1,-1,-1
321,722,218.00,642.00,48.00,144.00,1,-1,-1,-1
322,722,214.00,637.00,50.00,153.00,1,-1,-1,-1
323,722,212.00,635.00,52.00,157.00,1,-1,-1,-1
323,724,1535.00,589.00,45.00,136.00,1,-1,-1,-1
324,722,215.00,632.00,50.00,151.00,1,-1,-1,-1
324,724,1537.00,589.00,45.00,136.00,1,-1,-1,-1
325,722,213.00,633.00,51.00,156.00,1,-1,-1,-1
326,722,212.00,634.00,51.00,157.00,1,-1,-1,-1
326,724,1553.00,597.00,45.00,137.00,1,-1,-1,-1
327,713,1372.00,568.00,55.00,167.00,1,-1,-1,-1
327,722,212.00,634.00,47.00,145.00,1,-1,-1,-1
327,724,1554.00,591.00,45.00,137.00,1,-1,-1,-1
328,713,1371.00,566.00,56.00,170.00,1,-1,-1,-1
328,722,204.00,634.00,51.00,153.00,1,-1,-1,-1
328,724,1557.00,592.00,47.00,143.00,1,-1,-1,-1
329,722,203.00,634.00,50.00,154.00,1,-1,-1,-1
329,724,1561.00,592.00,47.00,145.00,1,-1,-1,-1
330,722,193.00,634.00,52.00,157.00,1,-1,-1,-1
330,728,12.00,646.00,45.00,137.00,1,-1,-1,-1
331,713,1418.00,595.00,56.00,170.00,1,-1,-1,-1
331,722,191.00,634.00,51.00,157.00,1,-1,-1,-1
331,728,9.00,644.00,45.00,136.00,1,-1,-1,-1
332,713,1422.00,596.00,56.00,171.00,1,-1,-1,-1
332,722,184.00,627.00,54.00,165.00,1,-1,-1,-1
332,728,7.00,641.00,45.00,137.00,1,-1,-1,-1
333,658,1819.00,524.00,43.00,128.00,1,-1,-1,-1
333,722,181.00,626.00,55.00,167.00,1,-1,-1,-1
334,658,1828.00,516.00,44.00,136.00,1,-1,-1,-1
334,722,180.00,624.00,52.00,160.00,1,-1,-1,-1
335,658,1828.00,515.00,45.00,136.00,1,-1,-1,-1
335,722,179.00,623.00,52.00,159.00,1,-1,-1,-1
336,658,1833.00,515.00,43.00,129.00,1,-1,-1,-1
336,722,172.00,623.00,55.00,165.00,1,-1,-1,-1
337,658,1844.00,515.00,44.00,134.00,1,-1,-1,-1
337,722,169.00,630.00,53.00,160.00,1,-1,-1,-1
338,658,1847.00,514.00,44.00,134.00,1,-1,-1,-1
338,722,168.00,632.00,53.00,159.00,1,-1,-1,-1
339,658,1848.00,515.00,45.00,136.00,1,-1,-1,-1
339,713,1367.00,562.00,52.00,159.00,1,-1,-1,-1
339,722,161.00,633.00,52.00,158.00,1,-1,-1,-1
339,724,1574.00,573.00,63.00,193.00,1,-1,-1,-1
340,658,1851.00,514.00,44.00,136.00,1,-1,-1,-1
340,713,1360.00,559.00,58.00,174.00,1,-1,-1,-1
340,722,159.00,634.00,54.00,165.00,1,-1,-1,-1
340,724,1576.00,572.00,64.00,196.00,1,-1,-1,-1
341,713,1358.00,563.00,56.00,171.00,1,-1,-1,-1
341,722,150.00,634.00,56.00,168.00,1,-1,-1,-1
342,713,1355.00,561.00,57.00,173.00,1,-1,-1,-1
342,722,146.00,632.00,58.00,177.00,1,-1,-1,-1
343,608,1445.00,619.00,60.00,181.00,1,-1,-1,-1
343,722,146.00,647.00,55.00,165.00,1,-1,-1,-1
344,608,1441.00,612.00,64.00,192.00,1,-1,-1,-1
344,722,139.00,653.00,53.00,160.00,1,-1,-1,-1
345,608,1439.00,621.00,64.00,193.00,1,-1,-1,-1
345,722,135.00,655.00,57.00,174.00,1,-1,-1,-1
346,608,1439.00,624.00,64.00,194.00,1,-1,-1,-1
346,722,127.00,664.00,56.00,171.00,1,-1,-1,-1
347,608,1440.00,625.00,64.00,194.00,1,-1,-1,-1
347,722,117.00,668.00,56.00,170.00,1,-1,-1,-1
348,608,1441.00,638.00,61.00,185.00,1,-1,-1,-1
348,722,113.00,669.00,56.00,169.00,1,-1,-1,-1
349,608,1441.00,639.00,63.00,191.00,1,-1,-1,-1
349,722,112.00,669.00,56.00,169.00,1,-1,-1,-1
350,608,1450.00,643.00,61.00,184.00,1,-1,-1,-1
350,722,101.00,669.00,58.00,177.00,1,-1,-1,-1
351,608,1454.00,640.00,63.00,191.00,1,-1,-1,-1
351,722,97.00,669.00,59.00,180.00,1,-1,-1,-1
351,724,1587.00,622.00,64.00,195.00,1,-1,-1,-1
352,608,1455.00,648.00,64.00,193.00,1,-1,-1,-1
352,722,91.00,676.00,57.00,174.00,1,-1,-1,-1
352,724,1588.00,624.00,65.00,197.00,1,-1,-1,-1
353,608,1455.00,654.00,61.00,185.00,1,-1,-1,-1
353,722,86.00,679.00,59.00,179.00,1,-1,-1,-1
353,724,1589.00,616.00,67.00,206.00,1,-1,-1,-1
354,608,1456.00,661.00,63.00,191.00,1,-1,-1,-1
354,722,80.00,680.00,57.00,173.00,1,-1,-1,-1
354,724,1589.00,627.00,63.00,189.00,1,-1,-1,-1
355,608,1456.00,664.00,64.00,193.00,1,-1,-1,-1
355,713,1378.00,598.00,69.00,208.00,1,-1,-1,-1
355,722,82.00,692.00,53.00,163.00,1,-1,-1,-1
355,724,1591.00,629.00,62.00,190.00,1,-1,-1,-1
356,608,1451.00,660.00,67.00,202.00,1,-1,-1,-1
356,713,1379.00,600.00,69.00,210.00,1,-1,-1,-1
356,722,75.00,685.00,57.00,175.00,1,-1,-1,-1
356,724,1587.00,636.00,64.00,193.00,1,-1,-1,-1
357,608,1450.00,658.00,68.00,206.00,1,-1,-1,-1
357,713,1380.00,600.00,69.00,209.00,1,-1,-1,-1
357,722,64.00,682.00,59.00,179.00,1,-1,-1,-1
357,724,1588.00,639.00,64.00,194.00,1,-1,-1,-1
358,608,1449.00,657.00,69.00,208.00,1,-1,-1,-1
358,713,1380.00,600.00,69.00,209.00,1,-1,-1,-1
358,722,55.00,679.00,62.00,189.00,1,-1,-1,-1
359,608,1449.00,666.00,69.00,208.00,1,-1,-1,-1
359,713,1379.00,608.00,66.00,200.00,1,-1,-1,-1
359,722,49.00,680.00,61.00,184.00,1,-1,-1,-1
359,724,1589.00,664.00,60.00,183.00,1,-1,-1,-1
360,608,1449.00,669.00,69.00,209.00,1,-1,-1,-1
360,713,1379.00,620.00,64.00,196.00,1,-1,-1,-1
360,722,41.00,678.00,63.00,191.00,1,-1,-1,-1
360,724,1587.00,665.00,63.00,190.00,1,-1,-1,-1
361,608,1449.00,672.00,72.00,219.00,1,-1,-1,-1
361,713,1376.00,616.00,70.00,214.00,1,-1,-1,-1
361,722,36.00,687.00,61.00,185.00,1,-1,-1,-1
361,724,1587.00,670.00,63.00,190.00,1,-1,-1,-1
362,608,1458.00,680.00,70.00,213.00,1,-1,-1,-1
362,713,1377.00,622.00,67.00,202.00,1,-1,-1,-1
362,722,27.00,691.00,60.00,182.00,1,-1,-1,-1
363,608,1461.00,683.00,70.00,210.00,1,-1,-1,-1
363,713,1370.00,627.00,68.00,206.00,1,-1,-1,-1
363,722,16.00,686.00,66.00,200.00,1,-1,-1,-1
364,608,1462.00,687.00,70.00,211.00,1,-1,-1,-1
364,713,1369.00,630.00,68.00,207.00,1,-1,-1,-1
364,722,12.00,689.00,65.00,197.00,1,-1,-1,-1
365,608,1463.00,695.00,69.00,209.00,1,-1,-1,-1
365,722,6.00,690.00,65.00,199.00,1,-1,-1,-1
366,608,1464.00,699.00,69.00,210.00,1,-1,-1,-1
367,724,1570.00,659.00,78.00,236.00,1,-1,-1,-1
368,713,1328.00,645.00,57.00,173.00,1,-1,-1,-1
368,722,28.00,701.00,58.00,173.00,1,-1,-1,-1
368,724,1572.00,675.00,73.00,219.00,1,-1,-1,-1
369,608,1464.00,716.00,73.00,222.00,1,-1,-1,-1
369,713,1324.00,648.00,56.00,171.00,1,-1,-1,-1
369,722,26.00,703.00,57.00,172.00,1,-1,-1,-1
369,724,1569.00,674.00,74.00,223.00,1,-1,-1,-1
370,608,1464.00,721.00,74.00,223.00,1,-1,-1,-1
370,713,1322.00,645.00,59.00,178.00,1,-1,-1,-1
370,724,1568.00,676.00,74.00,225.00,1,-1,-1,-1
371,713,1318.00,647.00,59.00,178.00,1,-1,-1,-1
372,608,1458.00,722.00,78.00,237.00,1,-1,-1,-1
372,731,1348.00,641.00,77.00,235.00,1,-1,-1,-1
373,608,1457.00,722.00,79.00,239.00,1,-1,-1,-1
373,731,1343.00,640.00,80.00,241.00,1,-1,-1,-1
374,608,1457.00,722.00,79.00,240.00,1,-1,-1,-1
374,731,1344.00,640.00,79.00,240.00,1,-1,-1,-1
375,608,1458.00,722.00,83.00,252.00,1,-1,-1,-1
375,658,1457.00,576.00,39.00,119.00,1,-1,-1,-1
375,724,1553.00,688.00,79.00,239.00,1,-1,-1,-1
375,731,1340.00,640.00,81.00,244.00,1,-1,-1,-1
376,608,1458.00,722.00,84.00,256.00,1,-1,-1,-1
376,658,1454.00,576.00,41.00,125.00,1,-1,-1,-1
376,724,1552.00,689.00,79.00,240.00,1,-1,-1,-1
376,731,1343.00,640.00,80.00,241.00,1,-1,-1,-1
377,608,1458.00,722.00,85.00,257.00,1,-1,-1,-1
377,658,1443.00,578.00,41.00,125.00,1,-1,-1,-1
377,724,1541.00,690.00,80.00,240.00,1,-1,-1,-1
377,731,1341.00,640.00,80.00,243.00,1,-1,-1,-1
378,608,1457.00,732.00,81.00,247.00,1,-1,-1,-1
378,724,1537.00,690.00,80.00,240.00,1,-1,-1,-1
379,608,1454.00,723.00,88.00,266.00,1,-1,-1,-1
379,724,1536.00,689.00,79.00,241.00,1,-1,-1,-1
380,608,1453.00,720.00,90.00,273.00,1,-1,-1,-1
380,724,1535.00,689.00,80.00,240.00,1,-1,-1,-1
381,608,1455.00,731.00,83.00,253.00,1,-1,-1,-1
381,724,1535.00,689.00,80.00,240.00,1,-1,-1,-1
381,731,1306.00,635.00,84.00,256.00,1,-1,-1,-1
382,608,1455.00,733.00,84.00,254.00,1,-1,-1,-1
382,724,1535.00,689.00,80.00,240.00,1,-1,-1,-1
382,731,1303.00,635.00,85.00,257.00,1,-1,-1,-1
383,608,1444.00,737.00,85.00,257.00,1,-1,-1,-1
383,658,1397.00,567.00,42.00,128.00,1,-1,-1,-1
383,724,1525.00,689.00,79.00,240.00,1,-1,-1,-1
383,731,1298.00,634.00,86.00,260.00,1,-1,-1,-1
384,608,1442.00,739.00,84.00,256.00,1,-1,-1,-1
384,658,1389.00,564.00,46.00,140.00,1,-1,-1,-1
384,724,1532.00,689.00,79.00,240.00,1,-1,-1,-1
385,608,1436.00,737.00,89.00,270.00,1,-1,-1,-1
385,658,1385.00,562.00,46.00,139.00,1,-1,-1,-1
385,724,1528.00,688.00,83.00,251.00,1,-1,-1,-1
386,608,1434.00,739.00,90.00,272.00,1,-1,-1,-1
386,658,1385.00,565.00,43.00,132.00,1,-1,-1,-1
386,724,1526.00,687.00,85.00,255.00,1,-1,-1,-1
387,608,1434.00,737.00,91.00,275.00,1,-1,-1,-1
387,658,1378.00,562.00,45.00,135.00,1,-1,-1,-1
387,724,1522.00,688.00,81.00,246.00,1,-1,-1,-1
388,608,1427.00,750.00,87.00,263.00,1,-1,-1,-1
388,658,1371.00,561.00,44.00,137.00,1,-1,-1,-1
388,724,1520.00,689.00,81.00,246.00,1,-1,-1,-1
388,731,1230.00,640.00,70.00,213.00,1,-1,-1,-1
389,608,1424.00,752.00,88.00,265.00,1,-1,-1,-1
389,658,1373.00,567.00,41.00,123.00,1,-1,-1,-1
389,731,1224.00,642.00,72.00,220.00,1,-1,-1,-1
390,608,1461.00,728.00,81.00,245.00,1,-1,-1,-1
390,658,1368.00,568.00,39.00,120.00,1,-1,-1,-1
390,731,1216.00,641.00,77.00,232.00,1,-1,-1,-1
391,608,1470.00,723.00,79.00,240.00,1,-1,-1,-1
391,658,1362.00,568.00,39.00,119.00,1,-1,-1,-1
391,713,1415.00,754.00,90.00,274.00,1,-1,-1,-1
391,731,1203.00,641.00,78.00,237.00,1,-1,-1,-1
392,608,1462.00,721.00,79.00,239.00,1,-1,-1,-1
392,713,1419.00,759.00,92.00,279.00,1,-1,-1,-1
392,731,1198.00,641.00,79.00,238.00,1,-1,-1,-1
393,608,1463.00,720.00,78.00,238.00,1,-1,-1,-1
393,713,1406.00,753.00,96.00,292.00,1,-1,-1,-1
393,731,1186.00,641.00,79.00,239.00,1,-1,-1,-1
394,713,1402.00,767.00,93.00,283.00,1,-1,-1,-1
394,731,1178.00,641.00,79.00,240.00,1,-1,-1,-1
395,658,1336.00,569.00,39.00,118.00,1,-1,-1,-1
395,713,1388.00,770.00,97.00,292.00,1,-1,-1,-1
396,608,1415.00,720.00,78.00,239.00,1,-1,-1,-1
396,658,1330.00,569.00,39.00,118.00,1,-1,-1,-1
396,713,1390.00,775.00,98.00,296.00,1,-1,-1,-1
397,608,1411.00,720.00,78.00,237.00,1,-1,-1,-1
397,658,1321.00,560.00,42.00,126.00,1,-1,-1,-1
397,731,1152.00,655.00,80.00,239.00,1,-1,-1,-1
398,658,1315.00,559.00,41.00,126.00,1,-1,-1,-1
398,713,1366.00,772.00,98.00,296.00,1,-1,-1,-1
398,731,1144.00,656.00,79.00,240.00,1,-1,-1,-1
399,713,1348.00,771.00,98.00,296.00,1,-1,-1,-1
400,713,1347.00,775.00,99.00,299.00,1,-1,-1,-1
403,713,1306.00,788.00,98.00,291.00,1,-1,-1,-1
403,731,1085.00,633.00,96.00,291.00,1,-1,-1,-1
404,658,1258.00,560.00,39.00,120.00,1,-1,-1,-1
404,713,1301.00,792.00,99.00,287.00,1,-1,-1,-1
404,731,1077.00,647.00,102.00,308.00,1,-1,-1,-1
405,658,1245.00,558.00,42.00,126.00,1,-1,-1,-1
405,731,1065.00,649.00,100.00,302.00,1,-1,-1,-1
406,658,1234.00,560.00,40.00,121.00,1,-1,-1,-1
406,731,1048.00,650.00,99.00,299.00,1,-1,-1,-1
407,658,1219.00,560.00,40.00,120.00,1,-1,-1,-1
407,731,1033.00,658.00,94.00,285.00,1,-1,-1,-1
408,658,1209.00,560.00,39.00,119.00,1,-1,-1,-1
408,731,1015.00,661.00,92.00,279.00,1,-1,-1,-1
409,658,1195.00,560.00,39.00,119.00,1,-1,-1,-1
409,731,991.00,655.00,96.00,289.00,1,-1,-1,-1
410,658,1179.00,560.00,39.00,119.00,1,-1,-1,-1
410,731,964.00,660.00,93.00,280.00,1,-1,-1,-1
411,658,1169.00,560.00,38.00,119.00,1,-1,-1,-1
411,731,936.00,657.00,101.00,304.00,1,-1,-1,-1
412,658,1154.00,560.00,39.00,119.00,1,-1,-1,-1
412,731,912.00,666.00,99.00,299.00,1,-1,-1,-1
413,658,1138.00,560.00,39.00,119.00,1,-1,-1,-1
413,731,890.00,669.00,98.00,297.00,1,-1,-1,-1
414,658,1128.00,560.00,39.00,119.00,1,-1,-1,-1
414,731,867.00,677.00,94.00,283.00,1,-1,-1,-1
415,658,1114.00,560.00,39.00,119.00,1,-1,-1,-1
415,731,835.00,673.00,96.00,291.00,1,-1,-1,-1
416,658,1098.00,560.00,39.00,119.00,1,-1,-1,-1
416,731,811.00,672.00,97.00,294.00,1,-1,-1,-1
417,658,1086.00,560.00,39.00,119.00,1,-1,-1,-1
417,731,789.00,671.00,98.00,295.00,1,-1,-1,-1
418,731,769.00,671.00,98.00,295.00,1,-1,-1,-1
419,731,749.00,671.00,98.00,295.00,1,-1,-1,-1
420,658,1032.00,550.00,41.00,127.00,1,-1,-1,-1
420,731,716.00,684.00,98.00,295.00,1,-1,-1,-1
421,658,1014.00,549.00,42.00,128.00,1,-1,-1,-1
421,731,682.00,679.00,103.00,309.00,1,-1,-1,-1
422,658,995.00,551.00,40.00,122.00,1,-1,-1,-1
422,731,654.00,687.00,99.00,300.00,1,-1,-1,-1
423,658,977.00,545.00,43.00,132.00,1,-1,-1,-1
423,731,618.00,690.00,98.00,296.00,1,-1,-1,-1
424,658,956.00,547.00,42.00,130.00,1,-1,-1,-1
424,731,579.00,691.00,98.00,295.00,1,-1,-1,-1
425,658,937.00,543.00,42.00,128.00,1,-1,-1,-1
425,731,553.00,692.00,98.00,297.00,1,-1,-1,-1
426,658,919.00,547.00,42.00,128.00,1,-1,-1,-1
426,731,505.00,683.00,109.00,329.00,1,-1,-1,-1
427,658,899.00,550.00,40.00,122.00,1,-1,-1,-1
427,731,469.00,692.00,106.00,322.00,1,-1,-1,-1
428,658,877.00,549.00,42.00,126.00,1,-1,-1,-1
428,713,860.00,536.00,65.00,195.00,1,-1,-1,-1
428,731,422.00,684.00,116.00,350.00,1,-1,-1,-1
429,658,858.00,551.00,40.00,122.00,1,-1,-1,-1
429,713,848.00,543.00,60.00,182.00,1,-1,-1,-1
429,731,387.00,696.00,114.00,344.00,1,-1,-1,-1
430,658,840.00,551.00,40.00,121.00,1,-1,-1,-1
430,713,830.00,534.00,59.00,177.00,1,-1,-1,-1
430,731,344.00,711.00,109.00,327.00,1,-1,-1,-1
431,658,812.00,558.00,39.00,120.00,1,-1,-1,-1
431,731,301.00,711.00,102.00,306.00,1,-1,-1,-1
432,608,961.00,561.00,39.00,119.00,1,-1,-1,-1
432,658,793.00,559.00,39.00,119.00,1,-1,-1,-1
432,731,268.00,714.00,101.00,306.00,1,-1,-1,-1
433,608,947.00,556.00,38.00,115.00,1,-1,-1,-1
437,738,1414.00,595.00,70.00,212.00,1,-1,-1,-1
438,738,1402.00,597.00,71.00,213.00,1,-1,-1,-1
439,724,1185.00,655.00,68.00,208.00,1,-1,-1,-1
440,724,1161.00,661.00,65.00,197.00,1,-1,-1,-1
441,724,1139.00,658.00,71.00,216.00,1,-1,-1,-1
441,738,1313.00,600.00,69.00,208.00,1,-1,-1,-1
442,724,1118.00,666.00,70.00,210.00,1,-1,-1,-1
442,738,1285.00,600.00,68.00,208.00,1,-1,-1,-1
443,658,533.00,566.00,42.00,128.00,1,-1,-1,-1
443,724,1088.00,656.00,80.00,243.00,1,-1,-1,-1
443,738,1257.00,600.00,68.00,208.00,1,-1,-1,-1
444,658,508.00,567.00,42.00,127.00,1,-1,-1,-1
444,724,1061.00,666.00,80.00,243.00,1,-1,-1,-1
444,738,1229.00,600.00,68.00,208.00,1,-1,-1,-1
445,658,482.00,567.00,42.00,127.00,1,-1,-1,-1
445,724,1042.00,667.00,82.00,249.00,1,-1,-1,-1
445,738,1198.00,599.00,72.00,218.00,1,-1,-1,-1
446,658,456.00,567.00,42.00,128.00,1,-1,-1,-1
446,724,1006.00,671.00,76.00,230.00,1,-1,-1,-1
446,738,1170.00,595.00,77.00,232.00,1,-1,-1,-1
447,658,431.00,567.00,42.00,127.00,1,-1,-1,-1
447,724,984.00,672.00,77.00,233.00,1,-1,-1,-1
447,738,1148.00,597.00,75.00,227.00,1,-1,-1,-1
448,658,400.00,563.00,44.00,134.00,1,-1,-1,-1
448,724,948.00,673.00,79.00,238.00,1,-1,-1,-1
448,738,1124.00,597.00,75.00,229.00,1,-1,-1,-1
449,658,371.00,565.00,43.00,130.00,1,-1,-1,-1
449,724,917.00,673.00,79.00,240.00,1,-1,-1,-1
450,658,343.00,563.00,44.00,134.00,1,-1,-1,-1
450,724,885.00,684.00,79.00,240.00,1,-1,-1,-1
451,658,318.00,565.00,42.00,130.00,1,-1,-1,-1
451,724,859.00,686.00,83.00,252.00,1,-1,-1,-1
452,658,288.00,562.00,44.00,135.00,1,-1,-1,-1
452,724,827.00,687.00,85.00,256.00,1,-1,-1,-1
453,658,259.00,565.00,43.00,130.00,1,-1,-1,-1
453,724,795.00,684.00,89.00,269.00,1,-1,-1,-1
454,658,225.00,562.00,44.00,135.00,1,-1,-1,-1
454,724,756.00,688.00,95.00,287.00,1,-1,-1,-1
455,658,198.00,562.00,45.00,136.00,1,-1,-1,-1
455,724,716.00,690.00,98.00,294.00,1,-1,-1,-1
456,724,688.00,692.00,99.00,300.00,1,-1,-1,-1
457,724,640.00,680.00,104.00,314.00,1,-1,-1,-1
458,658,96.00,569.00,44.00,137.00,1,-1,-1,-1
458,724,604.00,696.00,92.00,278.00,1,-1,-1,-1
459,658,59.00,570.00,45.00,137.00,1,-1,-1,-1
459,724,559.00,692.00,96.00,291.00,1,-1,-1,-1
459,741,1575.00,737.00,159.00,342.00,1,-1,-1,-1
460,658,30.00,571.00,45.00,137.00,1,-1,-1,-1
460,724,514.00,696.00,102.00,308.00,1,-1,-1,-1
460,741,1559.00,737.00,159.00,342.00,1,-1,-1,-1
461,724,476.00,705.00,100.00,302.00,1,-1,-1,-1
462,724,420.00,719.00,108.00,327.00,1,-1,-1,-1
463,724,383.00,722.00,111.00,334.00,1,-1,-1,-1
463,741,1437.00,775.00,149.00,304.00,1,-1,-1,-1
464,741,1405.00,778.00,148.00,301.00,1,-1,-1,-1
465,741,1368.00,801.00,141.00,278.00,1,-1,-1,-1
466,741,1338.00,810.00,138.00,269.00,1,-1,-1,-1
469,738,329.00,669.00,85.00,256.00,1,-1,-1,-1
470,738,291.00,672.00,85.00,258.00,1,-1,-1,-1
471,738,243.00,671.00,85.00,256.00,1,-1,-1,-1
472,738,205.00,673.00,85.00,258.00,1,-1,-1,-1
476,608,139.00,690.00,97.00,294.00,1,-1,-1,-1
476,738,23.00,671.00,96.00,292.00,1,-1,-1,-1
477,608,120.00,693.00,98.00,299.00,1,-1,-1,-1
477,738,0.00,673.00,79.00,296.00,1,-1,-1,-1
508,741,1710.00,655.00,60.00,181.00,1,-1,-1,-1
509,741,1721.00,651.00,58.00,175.00,1,-1,-1,-1
513,759,1619.00,661.00,65.00,198.00,1,-1,-1,-1
514,759,1580.00,673.00,64.00,194.00,1,-1,-1,-1
515,759,1539.00,671.00,67.00,204.00,1,-1,-1,-1
516,759,1506.00,678.00,62.00,188.00,1,-1,-1,-1
517,759,1476.00,682.00,61.00,185.00,1,-1,-1,-1
519,759,1408.00,671.00,68.00,205.00,1,-1,-1,-1
519,768,1344.00,675.00,65.00,197.00,1,-1,-1,-1
520,759,1377.00,672.00,68.00,206.00,1,-1,-1,-1
520,768,1303.00,671.00,68.00,204.00,1,-1,-1,-1
520,769,1754.00,736.00,91.00,274.00,1,-1,-1,-1
521,768,1280.00,671.00,67.00,204.00,1,-1,-1,-1
521,769,1719.00,731.00,96.00,290.00,1,-1,-1,-1
522,759,1311.00,682.00,68.00,208.00,1,-1,-1,-1
522,769,1692.00,734.00,93.00,280.00,1,-1,-1,-1
523,759,1281.00,683.00,69.00,208.00,1,-1,-1,-1
523,769,1658.00,735.00,92.00,277.00,1,-1,-1,-1
524,759,1249.00,688.00,65.00,199.00,1,-1,-1,-1
524,769,1621.00,747.00,83.00,251.00,1,-1,-1,-1
525,759,1214.00,685.00,68.00,205.00,1,-1,-1,-1
525,769,1584.00,740.00,88.00,266.00,1,-1,-1,-1
526,759,1181.00,677.00,71.00,217.00,1,-1,-1,-1
526,768,1093.00,672.00,73.00,223.00,1,-1,-1,-1
526,769,1556.00,719.00,94.00,286.00,1,-1,-1,-1
527,759,1150.00,674.00,73.00,222.00,1,-1,-1,-1
527,768,1069.00,680.00,70.00,213.00,1,-1,-1,-1
527,769,1526.00,717.00,92.00,279.00,1,-1,-1,-1
528,759,1116.00,689.00,70.00,213.00,1,-1,-1,-1
528,768,1033.00,682.00,70.00,210.00,1,-1,-1,-1
528,769,1497.00,711.00,96.00,290.00,1,-1,-1,-1
529,759,1086.00,695.00,69.00,210.00,1,-1,-1,-1
529,768,1003.00,683.00,69.00,209.00,1,-1,-1,-1
529,769,1461.00,709.00,97.00,294.00,1,-1,-1,-1
530,759,1045.00,691.00,76.00,230.00,1,-1,-1,-1
530,768,971.00,684.00,69.00,209.00,1,-1,-1,-1
530,769,1436.00,721.00,97.00,295.00,1,-1,-1,-1
531,759,1010.00,690.00,78.00,237.00,1,-1,-1,-1
531,768,946.00,695.00,69.00,208.00,1,-1,-1,-1
531,769,1400.00,730.00,94.00,283.00,1,-1,-1,-1
532,759,977.00,691.00,79.00,240.00,1,-1,-1,-1
532,768,909.00,697.00,69.00,208.00,1,-1,-1,-1
532,769,1376.00,730.00,96.00,290.00,1,-1,-1,-1
533,759,944.00,702.00,80.00,240.00,1,-1,-1,-1
533,768,878.00,707.00,68.00,208.00,1,-1,-1,-1
533,769,1342.00,729.00,97.00,294.00,1,-1,-1,-1
534,759,912.00,704.00,79.00,240.00,1,-1,-1,-1
534,768,846.00,710.00,69.00,208.00,1,-1,-1,-1
534,769,1320.00,733.00,93.00,282.00,1,-1,-1,-1
535,759,877.00,705.00,83.00,251.00,1,-1,-1,-1
535,769,1289.00,723.00,101.00,305.00,1,-1,-1,-1
536,759,842.00,705.00,84.00,255.00,1,-1,-1,-1
536,769,1261.00,727.00,99.00,299.00,1,-1,-1,-1
537,759,809.00,702.00,89.00,269.00,1,-1,-1,-1
537,769,1227.00,721.00,103.00,311.00,1,-1,-1,-1
538,759,773.00,714.00,87.00,263.00,1,-1,-1,-1
538,769,1202.00,719.00,104.00,315.00,1,-1,-1,-1
539,759,739.00,719.00,85.00,260.00,1,-1,-1,-1
539,769,1179.00,725.00,100.00,303.00,1,-1,-1,-1
539,787,1005.00,576.00,40.00,121.00,1,-1,-1,-1
540,759,704.00,721.00,85.00,259.00,1,-1,-1,-1
540,768,626.00,721.00,79.00,237.00,1,-1,-1,-1
540,769,1144.00,721.00,103.00,311.00,1,-1,-1,-1
540,787,981.00,577.00,39.00,119.00,1,-1,-1,-1
541,759,670.00,733.00,85.00,258.00,1,-1,-1,-1
541,768,592.00,723.00,79.00,240.00,1,-1,-1,-1
541,769,1111.00,723.00,109.00,330.00,1,-1,-1,-1
541,787,962.00,577.00,39.00,119.00,1,-1,-1,-1
542,759,639.00,747.00,81.00,246.00,1,-1,-1,-1
542,769,1079.00,733.00,106.00,323.00,1,-1,-1,-1
542,787,939.00,577.00,39.00,118.00,1,-1,-1,-1
543,759,607.00,741.00,87.00,265.00,1,-1,-1,-1
543,769,1059.00,744.00,101.00,305.00,1,-1,-1,-1
543,787,921.00,577.00,39.00,118.00,1,-1,-1,-1
544,759,571.00,751.00,90.00,272.00,1,-1,-1,-1
544,769,1040.00,761.00,98.00,298.00,1,-1,-1,-1
544,787,902.00,582.00,40.00,124.00,1,-1,-1,-1
545,759,545.00,755.00,87.00,263.00,1,-1,-1,-1
545,769,1013.00,762.00,103.00,310.00,1,-1,-1,-1
545,787,882.00,579.00,39.00,121.00,1,-1,-1,-1
546,759,512.00,759.00,88.00,265.00,1,-1,-1,-1
546,768,388.00,766.00,79.00,240.00,1,-1,-1,-1
546,769,985.00,767.00,100.00,301.00,1,-1,-1,-1
546,787,864.00,577.00,39.00,120.00,1,-1,-1,-1
547,768,351.00,771.00,80.00,241.00,1,-1,-1,-1
547,769,960.00,791.00,85.00,259.00,1,-1,-1,-1
547,787,842.00,577.00,39.00,119.00,1,-1,-1,-1
548,759,409.00,744.00,102.00,308.00,1,-1,-1,-1
548,769,932.00,796.00,84.00,255.00,1,-1,-1,-1
548,787,824.00,576.00,41.00,124.00,1,-1,-1,-1
549,759,366.00,747.00,109.00,329.00,1,-1,-1,-1
549,769,906.00,775.00,95.00,286.00,1,-1,-1,-1
549,787,806.00,575.00,42.00,127.00,1,-1,-1,-1
550,759,335.00,756.00,107.00,323.00,1,-1,-1,-1
550,769,880.00,792.00,84.00,256.00,1,-1,-1,-1
550,787,783.00,575.00,42.00,128.00,1,-1,-1,-1
551,759,297.00,765.00,101.00,307.00,1,-1,-1,-1
551,769,847.00,757.00,98.00,296.00,1,-1,-1,-1
551,787,764.00,575.00,42.00,128.00,1,-1,-1,-1
552,759,258.00,769.00,99.00,300.00,1,-1,-1,-1
552,769,822.00,759.00,103.00,309.00,1,-1,-1,-1
552,787,746.00,575.00,42.00,128.00,1,-1,-1,-1
553,759,218.00,783.00,99.00,296.00,1,-1,-1,-1
553,769,791.00,765.00,99.00,301.00,1,-1,-1,-1
553,787,729.00,575.00,41.00,128.00,1,-1,-1,-1
554,759,179.00,788.00,98.00,291.00,1,-1,-1,-1
554,769,763.00,765.00,100.00,303.00,1,-1,-1,-1
554,787,711.00,575.00,42.00,128.00,1,-1,-1,-1
555,759,142.00,792.00,98.00,287.00,1,-1,-1,-1
555,769,746.00,768.00,98.00,297.00,1,-1,-1,-1
555,787,694.00,575.00,42.00,128.00,1,-1,-1,-1
556,769,719.00,763.00,102.00,310.00,1,-1,-1,-1
556,787,673.00,572.00,44.00,134.00,1,-1,-1,-1
557,769,695.00,761.00,104.00,315.00,1,-1,-1,-1
557,787,658.00,574.00,43.00,130.00,1,-1,-1,-1
558,769,670.00,766.00,100.00,302.00,1,-1,-1,-1
558,787,636.00,571.00,45.00,135.00,1,-1,-1,-1
559,769,648.00,768.00,99.00,297.00,1,-1,-1,-1
559,787,623.00,571.00,45.00,136.00,1,-1,-1,-1
560,769,615.00,782.00,98.00,295.00,1,-1,-1,-1
560,787,602.00,571.00,48.00,144.00,1,-1,-1,-1
561,769,589.00,759.00,107.00,320.00,1,-1,-1,-1
561,787,587.00,570.00,46.00,140.00,1,-1,-1,-1
562,769,560.00,755.00,116.00,324.00,1,-1,-1,-1
562,787,571.00,571.00,47.00,145.00,1,-1,-1,-1
563,769,534.00,753.00,119.00,326.00,1,-1,-1,-1
563,787,552.00,576.00,46.00,141.00,1,-1,-1,-1
564,769,509.00,752.00,120.00,327.00,1,-1,-1,-1
564,787,539.00,581.00,43.00,132.00,1,-1,-1,-1
565,769,478.00,763.00,116.00,316.00,1,-1,-1,-1
565,787,522.00,582.00,47.00,142.00,1,-1,-1,-1
566,769,452.00,767.00,114.00,312.00,1,-1,-1,-1
566,787,503.00,582.00,48.00,145.00,1,-1,-1,-1
567,769,433.00,774.00,118.00,305.00,1,-1,-1,-1
567,787,487.00,581.00,46.00,140.00,1,-1,-1,-1
568,769,411.00,776.00,120.00,303.00,1,-1,-1,-1
568,787,469.00,586.00,46.00,138.00,1,-1,-1,-1
569,769,385.00,787.00,116.00,292.00,1,-1,-1,-1
569,787,453.00,583.00,47.00,144.00,1,-1,-1,-1
570,769,361.00,791.00,114.00,288.00,1,-1,-1,-1
570,787,434.00,582.00,50.00,153.00,1,-1,-1,-1
571,769,336.00,794.00,114.00,285.00,1,-1,-1,-1
571,787,421.00,582.00,51.00,156.00,1,-1,-1,-1
572,787,402.00,581.00,52.00,158.00,1,-1,-1,-1
573,787,382.00,581.00,52.00,158.00,1,-1,-1,-1
574,787,368.00,588.00,52.00,158.00,1,-1,-1,-1
575,787,354.00,591.00,49.00,151.00,1,-1,-1,-1
576,787,338.00,592.00,51.00,155.00,1,-1,-1,-1
577,787,319.00,590.00,54.00,165.00,1,-1,-1,-1
578,787,305.00,591.00,53.00,161.00,1,-1,-1,-1
579,787,285.00,590.00,55.00,166.00,1,-1,-1,-1
580,787,271.00,589.00,55.00,169.00,1,-1,-1,-1
581,787,251.00,589.00,56.00,169.00,1,-1,-1,-1
582,787,237.00,589.00,55.00,170.00,1,-1,-1,-1
583,787,224.00,596.00,56.00,170.00,1,-1,-1,-1
584,787,207.00,596.00,59.00,177.00,1,-1,-1,-1
585,787,193.00,595.00,60.00,181.00,1,-1,-1,-1
586,787,181.00,595.00,59.00,182.00,1,-1,-1,-1
587,787,168.00,606.00,58.00,174.00,1,-1,-1,-1
588,787,149.00,610.00,57.00,171.00,1,-1,-1,-1
589,787,134.00,609.00,58.00,177.00,1,-1,-1,-1
590,787,120.00,608.00,60.00,180.00,1,-1,-1,-1
591,787,105.00,602.00,62.00,190.00,1,-1,-1,-1
591,792,1761.00,570.00,60.00,181.00,1,-1,-1,-1
592,787,91.00,608.00,63.00,193.00,1,-1,-1,-1
592,792,1764.00,576.00,56.00,171.00,1,-1,-1,-1
593,787,77.00,611.00,64.00,194.00,1,-1,-1,-1
593,792,1769.00,572.00,58.00,177.00,1,-1,-1,-1
594,787,58.00,604.00,68.00,204.00,1,-1,-1,-1
594,792,1775.00,576.00,56.00,171.00,1,-1,-1,-1
595,787,42.00,610.00,69.00,208.00,1,-1,-1,-1
595,792,1772.00,581.00,59.00,177.00,1,-1,-1,-1
596,769,317.00,530.00,40.00,121.00,1,-1,-1,-1
596,787,28.00,613.00,69.00,208.00,1,-1,-1,-1
596,792,1772.00,583.00,59.00,179.00,1,-1,-1,-1
597,769,313.00,528.00,39.00,118.00,1,-1,-1,-1
597,787,22.00,621.00,66.00,200.00,1,-1,-1,-1
597,792,1775.00,587.00,57.00,172.00,1,-1,-1,-1
598,769,312.00,526.00,39.00,118.00,1,-1,-1,-1
598,787,12.00,626.00,68.00,206.00,1,-1,-1,-1
598,792,1777.00,581.00,56.00,170.00,1,-1,-1,-1
599,769,306.00,527.00,39.00,117.00,1,-1,-1,-1
599,787,0.00,628.00,71.00,217.00,1,-1,-1,-1
599,792,1780.00,576.00,61.00,185.00,1,-1,-1,-1
600,769,304.00,527.00,39.00,118.00,1,-1,-1,-1
600,787,0.00,635.00,62.00,203.00,1,-1,-1,-1
600,792,1782.00,572.00,61.00,183.00,1,-1,-1,-1
601,769,298.00,527.00,39.00,119.00,1,-1,-1,-1
601,787,0.00,637.00,50.00,205.00,1,-1,-1,-1
601,792,1783.00,571.00,60.00,182.00,1,-1,-1,-1
602,769,296.00,533.00,39.00,119.00,1,-1,-1,-1
602,792,1782.00,572.00,63.00,190.00,1,-1,-1,-1
603,769,292.00,532.00,41.00,125.00,1,-1,-1,-1
603,792,1783.00,562.00,67.00,203.00,1,-1,-1,-1
604,769,289.00,535.00,39.00,121.00,1,-1,-1,-1
604,792,1785.00,561.00,67.00,205.00,1,-1,-1,-1
605,769,287.00,536.00,40.00,120.00,1,-1,-1,-1
606,769,282.00,536.00,39.00,119.00,1,-1,-1,-1
607,769,280.00,537.00,39.00,118.00,1,-1,-1,-1
608,769,279.00,537.00,39.00,118.00,1,-1,-1,-1
609,769,279.00,537.00,39.00,118.00,1,-1,-1,-1
610,769,274.00,531.00,39.00,119.00,1,-1,-1,-1
611,769,272.00,529.00,39.00,119.00,1,-1,-1,-1
612,769,271.00,529.00,39.00,118.00,1,-1,-1,-1
613,769,266.00,528.00,39.00,119.00,1,-1,-1,-1
613,792,1819.00,596.00,64.00,196.00,1,-1,-1,-1
614,769,264.00,528.00,39.00,119.00,1,-1,-1,-1
614,792,1822.00,598.00,64.00,196.00,1,-1,-1,-1
615,769,263.00,528.00,39.00,119.00,1,-1,-1,-1
615,792,1842.00,599.00,64.00,194.00,1,-1,-1,-1
616,769,258.00,528.00,39.00,119.00,1,-1,-1,-1
616,792,1851.00,600.00,67.00,203.00,1,-1,-1,-1
617,769,256.00,528.00,39.00,119.00,1,-1,-1,-1
617,792,1856.00,601.00,63.00,205.00,1,-1,-1,-1
618,769,250.00,528.00,39.00,119.00,1,-1,-1,-1
619,769,248.00,528.00,39.00,119.00,1,-1,-1,-1
620,769,247.00,528.00,39.00,119.00,1,-1,-1,-1
621,769,242.00,525.00,41.00,125.00,1,-1,-1,-1
622,769,240.00,527.00,40.00,121.00,1,-1,-1,-1
623,769,239.00,533.00,40.00,120.00,1,-1,-1,-1
624,769,239.00,530.00,39.00,119.00,1,-1,-1,-1
625,769,239.00,534.00,39.00,119.00,1,-1,-1,-1
626,769,234.00,533.00,41.00,125.00,1,-1,-1,-1
627,769,237.00,541.00,40.00,121.00,1,-1,-1,-1
628,769,233.00,544.00,40.00,119.00,1,-1,-1,-1
629,769,232.00,550.00,39.00,119.00,1,-1,-1,-1
630,769,231.00,550.00,41.00,125.00,1,-1,-1,-1
631,769,237.00,552.00,39.00,121.00,1,-1,-1,-1
632,769,239.00,553.00,39.00,120.00,1,-1,-1,-1
633,769,240.00,553.00,39.00,119.00,1,-1,-1,-1
634,769,240.00,553.00,39.00,119.00,1,-1,-1,-1
635,769,240.00,553.00,39.00,119.00,1,-1,-1,-1
636,769,240.00,558.00,39.00,119.00,1,-1,-1,-1
637,769,240.00,555.00,42.00,130.00,1,-1,-1,-1
638,769,245.00,559.00,41.00,123.00,1,-1,-1,-1
639,769,247.00,560.00,40.00,121.00,1,-1,-1,-1
640,769,249.00,559.00,41.00,125.00,1,-1,-1,-1
641,769,249.00,564.00,42.00,127.00,1,-1,-1,-1
642,769,254.00,568.00,40.00,122.00,1,-1,-1,-1
643,769,255.00,569.00,40.00,122.00,1,-1,-1,-1
647,769,274.00,567.00,41.00,127.00,1,-1,-1,-1
648,769,276.00,568.00,42.00,128.00,1,-1,-1,-1
650,769,283.00,567.00,42.00,128.00,1,-1,-1,-1
651,769,290.00,567.00,42.00,128.00,1,-1,-1,-1
652,769,293.00,567.00,42.00,128.00,1,-1,-1,-1
671,769,402.00,510.00,27.00,85.00,1,-1,-1,-1
672,769,407.00,507.00,27.00,83.00,1,-1,-1,-1
676,792,1521.00,318.00,105.00,315.00,1,-1,-1,-1
677,792,1512.00,311.00,105.00,317.00,1,-1,-1,-1
683,796,624.00,602.00,45.00,137.00,1,-1,-1,-1
684,796,630.00,600.00,44.00,135.00,1,-1,-1,-1
688,796,699.00,563.00,48.00,146.00,1,-1,-1,-1
689,796,711.00,556.00,49.00,148.00,1,-1,-1,-1
691,796,757.00,567.00,52.00,156.00,1,-1,-1,-1
692,796,772.00,568.00,51.00,158.00,1,-1,-1,-1
693,796,783.00,566.00,55.00,165.00,1,-1,-1,-1
694,796,798.00,563.00,55.00,168.00,1,-1,-1,-1
700,769,540.00,501.00,31.00,96.00,1,-1,-1,-1
701,769,544.00,498.00,33.00,100.00,1,-1,-1,-1
702,769,546.00,487.00,37.00,112.00,1,-1,-1,-1
702,796,945.00,592.00,60.00,181.00,1,-1,-1,-1
703,769,551.00,486.00,37.00,113.00,1,-1,-1,-1
703,796,954.00,598.00,57.00,173.00,1,-1,-1,-1
704,796,970.00,599.00,58.00,174.00,1,-1,-1,-1
708,769,566.00,506.00,34.00,105.00,1,-1,-1,-1
708,796,1051.00,621.00,56.00,170.00,1,-1,-1,-1
709,769,570.00,507.00,34.00,105.00,1,-1,-1,-1
709,796,1069.00,624.00,56.00,170.00,1,-1,-1,-1
710,769,570.00,511.00,38.00,117.00,1,-1,-1,-1
711,769,570.00,518.00,39.00,118.00,1,-1,-1,-1
712,769,574.00,519.00,39.00,120.00,1,-1,-1,-1
712,796,1117.00,631.00,59.00,180.00,1,-1,-1,-1
713,769,577.00,521.00,39.00,119.00,1,-1,-1,-1
713,796,1130.00,632.00,60.00,181.00,1,-1,-1,-1
714,769,578.00,526.00,39.00,120.00,1,-1,-1,-1
714,796,1147.00,634.00,60.00,182.00,1,-1,-1,-1
715,769,578.00,528.00,39.00,120.00,1,-1,-1,-1
715,792,1428.00,526.00,24.00,74.00,1,-1,-1,-1
716,769,578.00,534.00,39.00,120.00,1,-1,-1,-1
716,792,1433.00,523.00,24.00,72.00,1,-1,-1,-1
717,769,578.00,537.00,39.00,119.00,1,-1,-1,-1
717,792,1438.00,529.00,22.00,68.00,1,-1,-1,-1
717,796,1208.00,626.00,63.00,193.00,1,-1,-1,-1
718,769,583.00,537.00,39.00,120.00,1,-1,-1,-1
718,792,1443.00,526.00,22.00,67.00,1,-1,-1,-1
718,796,1225.00,628.00,65.00,194.00,1,-1,-1,-1
719,769,585.00,538.00,39.00,119.00,1,-1,-1,-1
719,792,1447.00,527.00,21.00,64.00,1,-1,-1,-1
720,769,586.00,543.00,39.00,119.00,1,-1,-1,-1
721,769,585.00,542.00,41.00,125.00,1,-1,-1,-1
721,796,1298.00,637.00,64.00,194.00,1,-1,-1,-1
722,769,585.00,544.00,40.00,122.00,1,-1,-1,-1
722,792,1472.00,528.00,24.00,72.00,1,-1,-1,-1
722,796,1314.00,640.00,74.00,225.00,1,-1,-1,-1
722,801,1296.00,452.00,44.00,133.00,1,-1,-1,-1
723,769,591.00,545.00,39.00,120.00,1,-1,-1,-1
723,792,1479.00,528.00,24.00,73.00,1,-1,-1,-1
723,796,1333.00,641.00,76.00,230.00,1,-1,-1,-1
723,801,1302.00,454.00,43.00,130.00,1,-1,-1,-1
723,802,791.00,513.00,19.00,59.00,1,-1,-1,-1
724,769,593.00,547.00,39.00,120.00,1,-1,-1,-1
724,801,1304.00,461.00,42.00,129.00,1,-1,-1,-1
724,802,793.00,513.00,19.00,59.00,1,-1,-1,-1
725,769,593.00,552.00,39.00,119.00,1,-1,-1,-1
725,801,1307.00,464.00,42.00,129.00,1,-1,-1,-1
726,769,593.00,553.00,39.00,119.00,1,-1,-1,-1
726,801,1319.00,464.00,42.00,128.00,1,-1,-1,-1
727,769,593.00,559.00,39.00,119.00,1,-1,-1,-1
727,801,1324.00,462.00,44.00,134.00,1,-1,-1,-1
728,769,599.00,561.00,39.00,119.00,1,-1,-1,-1
728,801,1328.00,463.00,45.00,136.00,1,-1,-1,-1
728,802,808.00,524.00,19.00,59.00,1,-1,-1,-1
729,769,601.00,561.00,39.00,119.00,1,-1,-1,-1
729,802,809.00,525.00,19.00,59.00,1,-1,-1,-1
730,769,601.00,567.00,39.00,119.00,1,-1,-1,-1
730,801,1338.00,471.00,42.00,129.00,1,-1,-1,-1
730,802,815.00,528.00,19.00,59.00,1,-1,-1,-1
731,769,601.00,564.00,39.00,119.00,1,-1,-1,-1
731,801,1343.00,473.00,42.00,129.00,1,-1,-1,-1
731,802,820.00,526.00,19.00,59.00,1,-1,-1,-1
732,769,602.00,560.00,40.00,125.00,1,-1,-1,-1
732,796,1579.00,714.00,74.00,225.00,1,-1,-1,-1
732,802,821.00,526.00,19.00,59.00,1,-1,-1,-1
733,769,602.00,559.00,41.00,127.00,1,-1,-1,-1
733,796,1598.00,708.00,81.00,248.00,1,-1,-1,-1
733,802,825.00,525.00,19.00,59.00,1,-1,-1,-1
734,769,607.00,560.00,40.00,122.00,1,-1,-1,-1
734,796,1621.00,712.00,83.00,252.00,1,-1,-1,-1
734,801,1360.00,470.00,45.00,136.00,1,-1,-1,-1
734,802,828.00,525.00,19.00,59.00,1,-1,-1,-1
735,769,608.00,561.00,40.00,120.00,1,-1,-1,-1
735,801,1365.00,471.00,45.00,137.00,1,-1,-1,-1
735,802,830.00,525.00,19.00,59.00,1,-1,-1,-1
736,769,608.00,555.00,43.00,131.00,1,-1,-1,-1
736,802,833.00,522.00,19.00,59.00,1,-1,-1,-1
737,769,609.00,559.00,41.00,124.00,1,-1,-1,-1
737,796,1708.00,686.00,90.00,273.00,1,-1,-1,-1
737,802,836.00,522.00,19.00,59.00,1,-1,-1,-1
738,769,610.00,558.00,41.00,127.00,1,-1,-1,-1
738,796,1732.00,687.00,92.00,278.00,1,-1,-1,-1
738,802,837.00,520.00,21.00,66.00,1,-1,-1,-1
739,769,610.00,558.00,42.00,128.00,1,-1,-1,-1
739,802,840.00,520.00,22.00,67.00,1,-1,-1,-1
740,769,608.00,560.00,44.00,134.00,1,-1,-1,-1
740,802,841.00,524.00,20.00,61.00,1,-1,-1,-1
741,769,608.00,561.00,45.00,136.00,1,-1,-1,-1
741,802,844.00,524.00,20.00,61.00,1,-1,-1,-1
742,769,608.00,561.00,45.00,137.00,1,-1,-1,-1
742,792,1596.00,560.00,27.00,84.00,1,-1,-1,-1
743,769,610.00,562.00,47.00,144.00,1,-1,-1,-1
743,792,1602.00,562.00,27.00,84.00,1,-1,-1,-1
743,802,846.00,527.00,20.00,63.00,1,-1,-1,-1
744,769,608.00,562.00,46.00,140.00,1,-1,-1,-1
744,792,1607.00,566.00,28.00,84.00,1,-1,-1,-1
744,802,846.00,528.00,20.00,63.00,1,-1,-1,-1
745,769,608.00,567.00,45.00,139.00,1,-1,-1,-1
745,792,1613.00,567.00,28.00,85.00,1,-1,-1,-1
745,802,846.00,528.00,21.00,63.00,1,-1,-1,-1
746,769,604.00,564.00,47.00,144.00,1,-1,-1,-1
746,802,846.00,528.00,21.00,64.00,1,-1,-1,-1
747,769,606.00,568.00,46.00,140.00,1,-1,-1,-1
747,802,846.00,528.00,20.00,64.00,1,-1,-1,-1
748,769,607.00,570.00,45.00,138.00,1,-1,-1,-1
748,802,846.00,528.00,20.00,63.00,1,-1,-1,-1
749,769,603.00,565.00,48.00,144.00,1,-1,-1,-1
749,802,849.00,528.00,20.00,63.00,1,-1,-1,-1
750,769,602.00,569.00,48.00,147.00,1,-1,-1,-1
750,802,850.00,528.00,20.00,63.00,1,-1,-1,-1
