2,821,1430.60,390.88,63.98,193.94,1,-1,-1,-1
2,820,1489.40,518.25,25.39,78.17,1,-1,-1,-1
2,819,113.00,689.00,39.00,119.00,1,-1,-1,-1
2,818,180.45,560.47,51.78,157.34,1,-1,-1,-1
2,817,501.35,533.84,31.49,96.47,1,-1,-1,-1
2,816,267.50,579.94,44.95,136.84,1,-1,-1,-1
2,815,1621.50,549.75,41.87,127.61,1,-1,-1,-1
3,822,1380.00,516.37,33.82,103.47,1,-1,-1,-1
3,821,1444.00,389.02,59.63,180.89,1,-1,-1,-1
3,820,1494.70,512.97,25.39,78.17,1,-1,-1,-1
3,819,103.89,712.66,41.87,127.61,1,-1,-1,-1
3,818,170.71,578.00,55.57,168.71,1,-1,-1,-1
3,817,504.22,552.72,29.31,89.94,1,-1,-1,-1
3,815,1633.00,553.00,39.00,119.00,1,-1,-1,-1
4,824,1545.00,561.00,39.00,119.00,1,-1,-1,-1
4,823,1457.00,465.00,39.00,119.00,1,-1,-1,-1
4,822,1385.00,505.00,39.00,119.00,1,-1,-1,-1
4,821,1435.70,377.08,68.64,207.93,1,-1,-1,-1
4,820,1503.00,513.16,23.62,72.87,1,-1,-1,-1
4,818,159.39,578.00,55.57,168.71,1,-1,-1,-1
4,817,501.35,546.83,31.49,96.47,1,-1,-1,-1
4,816,267.50,607.51,44.95,136.84,1,-1,-1,-1
4,815,1638.70,549.75,41.87,127.61,1,-1,-1,-1
5,824,1553.00,569.00,39.00,119.00,1,-1,-1,-1
5,821,1443.60,390.88,63.98,193.94,1,-1,-1,-1
5,819,73.00,705.00,39.00,119.00,1,-1,-1,-1
5,818,148.08,566.69,55.57,168.71,1,-1,-1,-1
5,817,494.85,540.34,31.49,96.47,1,-1,-1,-1
5,816,247.23,591.95,48.25,146.74,1,-1,-1,-1
5,815,1649.00,569.00,39.00,119.00,1,-1,-1,-1
6,824,1561.50,575.47,41.87,127.61,1,-1,-1,-1
6,821,1456.10,413.27,59.63,180.89,1,-1,-1,-1
6,820,1510.50,528.80,25.39,78.17,1,-1,-1,-1
6,819,65.00,721.00,39.00,119.00,1,-1,-1,-1
6,818,148.78,581.58,51.78,157.34,1,-1,-1,-1
6,817,495.47,551.19,33.82,103.47,1,-1,-1,-1
6,815,1657.00,577.00,39.00,119.00,1,-1,-1,-1
7,824,1569.00,577.00,39.00,119.00,1,-1,-1,-1
7,821,1449.60,391.01,68.64,207.93,1,-1,-1,-1
7,819,52.45,721.23,41.87,127.61,1,-1,-1,-1
7,818,136.76,578.00,55.57,168.71,1,-1,-1,-1
7,817,495.47,544.22,33.82,103.47,1,-1,-1,-1
7,816,237.38,611.65,48.25,146.74,1,-1,-1,-1
7,815,1655.70,552.55,48.25,146.74,1,-1,-1,-1
8,822,1393.00,521.00,39.00,119.00,1,-1,-1,-1
8,821,1449.10,389.14,73.64,222.93,1,-1,-1,-1
8,820,1517.00,527.09,27.28,83.85,1,-1,-1,-1
8,819,33.00,737.00,39.00,119.00,1,-1,-1,-1
8,818,125.45,589.31,55.57,168.71,1,-1,-1,-1
8,817,495.47,551.19,33.82,103.47,1,-1,-1,-1
8,815,1665.50,572.25,48.25,146.74,1,-1,-1,-1
9,824,1585.00,593.00,39.00,119.00,1,-1,-1,-1
9,821,1449.60,404.94,68.64,207.93,1,-1,-1,-1
9,819,17.00,737.00,39.00,119.00,1,-1,-1,-1
9,818,114.14,578.00,55.57,168.71,1,-1,-1,-1
9,817,489.73,541.17,41.87,127.61,1,-1,-1,-1
9,816,217.68,611.65,48.25,146.74,1,-1,-1,-1
9,815,1673.50,579.94,44.95,136.84,1,-1,-1,-1
10,826,488.35,546.83,31.49,96.47,1,-1,-1,-1
10,824,1587.20,601.19,41.87,127.61,1,-1,-1,-1
10,821,1463.50,418.86,68.64,207.93,1,-1,-1,-1
10,819,1.00,721.23,41.87,127.61,1,-1,-1,-1
10,818,102.82,566.69,55.57,168.71,1,-1,-1,-1
10,816,207.83,601.80,48.25,146.74,1,-1,-1,-1
10,815,1681.50,601.19,41.87,127.61,1,-1,-1,-1
11,826,488.35,553.33,31.49,96.47,1,-1,-1,-1
11,822,1401.00,521.00,39.00,119.00,1,-1,-1,-1
11,818,91.51,589.31,55.57,168.71,1,-1,-1,-1
11,816,195.01,583.04,59.63,180.89,1,-1,-1,-1
11,815,1691.90,579.94,44.95,136.84,1,-1,-1,-1
12,826,481.00,545.00,39.00,119.00,1,-1,-1,-1
12,824,1600.00,589.13,44.95,136.84,1,-1,-1,-1
12,816,182.89,583.04,59.63,180.89,1,-1,-1,-1
12,815,1698.70,592.62,41.87,127.61,1,-1,-1,-1
13,826,481.54,537.26,33.82,103.47,1,-1,-1,-1
13,818,61.63,570.91,59.63,180.89,1,-1,-1,-1
13,816,170.76,570.91,59.63,180.89,1,-1,-1,-1
13,815,1701.10,589.13,44.95,136.84,1,-1,-1,-1
14,826,481.54,544.22,33.82,103.47,1,-1,-1,-1
14,824,1612.90,592.62,41.87,127.61,1,-1,-1,-1
14,816,168.15,572.08,68.64,207.93,1,-1,-1,-1
14,815,1710.30,579.94,44.95,136.84,1,-1,-1,-1
15,827,523.33,544.22,33.82,103.47,1,-1,-1,-1
15,826,481.54,544.22,33.82,103.47,1,-1,-1,-1
15,824,1621.50,592.62,41.87,127.61,1,-1,-1,-1
15,822,1409.00,521.00,39.00,119.00,1,-1,-1,-1
15,818,39.99,572.83,63.98,193.94,1,-1,-1,-1
15,816,158.63,583.04,59.63,180.89,1,-1,-1,-1
15,815,1719.50,589.13,44.95,136.84,1,-1,-1,-1
16,826,472.58,524.03,41.87,127.61,1,-1,-1,-1
16,824,1630.10,601.19,41.87,127.61,1,-1,-1,-1
16,822,1417.00,529.00,39.00,119.00,1,-1,-1,-1
16,817,479.97,546.66,29.31,89.94,1,-1,-1,-1
16,816,140.29,572.08,68.64,207.93,1,-1,-1,-1
16,815,1724.60,582.10,48.25,146.74,1,-1,-1,-1
17,827,516.03,545.89,36.32,110.96,1,-1,-1,-1
17,824,1633.00,601.00,39.00,119.00,1,-1,-1,-1
17,822,1417.00,529.00,39.00,119.00,1,-1,-1,-1
17,817,474.58,544.22,33.82,103.47,1,-1,-1,-1
17,816,117.96,585.82,63.98,193.94,1,-1,-1,-1
17,815,1734.50,582.10,48.25,146.74,1,-1,-1,-1
18,827,516.37,544.22,33.82,103.47,1,-1,-1,-1
18,822,1424.30,532.60,41.87,127.61,1,-1,-1,-1
18,817,473.00,537.00,39.00,119.00,1,-1,-1,-1
18,815,1744.30,591.95,48.25,146.74,1,-1,-1,-1
19,827,516.03,545.89,36.32,110.96,1,-1,-1,-1
19,822,1425.00,529.00,39.00,119.00,1,-1,-1,-1
19,817,473.00,537.00,39.00,119.00,1,-1,-1,-1
19,815,1756.20,598.32,44.95,136.84,1,-1,-1,-1
20,827,509.40,551.19,33.82,103.47,1,-1,-1,-1
20,822,1425.00,529.00,39.00,119.00,1,-1,-1,-1
20,817,467.62,544.22,33.82,103.47,1,-1,-1,-1
20,815,1765.40,598.32,44.95,136.84,1,-1,-1,-1
21,827,508.57,545.89,36.32,110.96,1,-1,-1,-1
21,822,1425.00,529.00,39.00,119.00,1,-1,-1,-1
21,817,467.62,544.22,33.82,103.47,1,-1,-1,-1
21,815,1773.80,601.80,48.25,146.74,1,-1,-1,-1
22,826,464.01,532.60,41.87,127.61,1,-1,-1,-1
22,822,1433.00,529.00,39.00,119.00,1,-1,-1,-1
22,815,1783.70,591.95,48.25,146.74,1,-1,-1,-1
23,826,465.00,537.00,39.00,119.00,1,-1,-1,-1
23,822,1433.00,529.00,39.00,119.00,1,-1,-1,-1
23,815,1785.00,592.14,51.78,157.34,1,-1,-1,-1
24,827,501.11,553.36,36.32,110.96,1,-1,-1,-1
24,826,464.01,541.17,41.87,127.61,1,-1,-1,-1
24,822,1433.00,529.00,39.00,119.00,1,-1,-1,-1
24,815,1795.50,592.14,51.78,157.34,1,-1,-1,-1
25,822,1441.00,537.00,39.00,119.00,1,-1,-1,-1
25,820,1528.40,521.43,27.28,83.85,1,-1,-1,-1
25,817,457.00,553.00,39.00,119.00,1,-1,-1,-1
25,815,1813.20,601.80,48.25,146.74,1,-1,-1,-1
26,822,1441.50,532.60,41.87,127.61,1,-1,-1,-1
26,820,1528.00,514.34,31.49,96.47,1,-1,-1,-1
26,817,455.43,549.75,41.87,127.61,1,-1,-1,-1
26,815,1816.60,602.70,51.78,157.34,1,-1,-1,-1
27,827,497.00,553.00,39.00,119.00,1,-1,-1,-1
27,822,1449.00,545.00,39.00,119.00,1,-1,-1,-1
27,820,1531.60,528.80,25.39,78.17,1,-1,-1,-1
27,817,455.43,549.75,41.87,127.61,1,-1,-1,-1
27,815,1822.50,600.63,55.57,168.71,1,-1,-1,-1
28,822,1449.00,537.00,39.00,119.00,1,-1,-1,-1
28,820,1534.90,522.41,29.31,89.94,1,-1,-1,-1
28,817,455.43,549.75,41.87,127.61,1,-1,-1,-1
28,815,1833.80,600.63,55.57,168.71,1,-1,-1,-1
29,822,1457.00,545.00,39.00,119.00,1,-1,-1,-1
29,820,1534.90,528.47,29.31,89.94,1,-1,-1,-1
29,817,449.00,553.00,39.00,119.00,1,-1,-1,-1
29,815,1845.10,611.94,55.57,168.71,1,-1,-1,-1
30,822,1457.00,545.00,39.00,119.00,1,-1,-1,-1
30,820,1545.30,532.74,27.28,83.85,1,-1,-1,-1
30,817,446.86,558.32,41.87,127.61,1,-1,-1,-1
30,815,1858.90,623.81,51.78,157.34,1,-1,-1,-1
31,822,1457.00,553.00,39.00,119.00,1,-1,-1,-1
31,820,1545.00,505.00,39.00,119.00,1,-1,-1,-1
31,817,438.28,575.47,41.87,127.61,1,-1,-1,-1
32,822,1465.00,561.00,39.00,119.00,1,-1,-1,-1
32,820,1545.00,513.00,39.00,119.00,1,-1,-1,-1
32,817,441.00,569.00,39.00,119.00,1,-1,-1,-1
32,815,1873.00,649.00,39.00,119.00,1,-1,-1,-1
33,822,1465.00,545.00,39.00,119.00,1,-1,-1,-1
33,820,1553.00,497.00,39.00,119.00,1,-1,-1,-1
33,817,441.00,561.00,39.00,119.00,1,-1,-1,-1
34,827,478.86,552.38,44.95,136.84,1,-1,-1,-1
34,822,1473.00,545.00,39.00,119.00,1,-1,-1,-1
34,820,1553.00,497.00,39.00,119.00,1,-1,-1,-1
34,817,438.28,558.32,41.87,127.61,1,-1,-1,-1
34,813,1777.30,623.25,55.57,168.71,1,-1,-1,-1
35,827,481.00,553.00,39.00,119.00,1,-1,-1,-1
35,822,1473.00,545.00,39.00,119.00,1,-1,-1,-1
35,820,1561.00,497.00,39.00,119.00,1,-1,-1,-1
35,817,433.00,553.00,39.00,119.00,1,-1,-1,-1
35,813,1785.00,623.81,51.78,157.34,1,-1,-1,-1
36,829,1573.90,523.53,25.39,78.17,1,-1,-1,-1
36,827,472.58,549.75,41.87,127.61,1,-1,-1,-1
36,822,1481.00,545.00,39.00,119.00,1,-1,-1,-1
36,820,1561.00,497.00,39.00,119.00,1,-1,-1,-1
36,817,433.00,553.00,39.00,119.00,1,-1,-1,-1
36,816,90.57,598.14,73.64,222.93,1,-1,-1,-1
36,813,1799.90,623.25,55.57,168.71,1,-1,-1,-1
37,829,1573.60,521.43,27.28,83.85,1,-1,-1,-1
37,822,1481.00,545.00,39.00,119.00,1,-1,-1,-1
37,820,1569.00,497.00,39.00,119.00,1,-1,-1,-1
37,817,429.71,541.17,41.87,127.61,1,-1,-1,-1
37,816,75.64,598.14,73.64,222.93,1,-1,-1,-1
37,813,1807.70,619.41,59.63,180.89,1,-1,-1,-1
38,822,1484.30,532.60,41.87,127.61,1,-1,-1,-1
38,820,1570.10,481.15,41.87,127.61,1,-1,-1,-1
38,817,425.00,553.00,39.00,119.00,1,-1,-1,-1
38,813,1822.50,623.25,55.57,168.71,1,-1,-1,-1
39,822,1489.00,545.00,39.00,119.00,1,-1,-1,-1
39,820,1577.00,489.00,39.00,119.00,1,-1,-1,-1
39,817,425.00,545.00,39.00,119.00,1,-1,-1,-1
39,813,1833.80,634.57,55.57,168.71,1,-1,-1,-1
40,822,1497.00,537.00,39.00,119.00,1,-1,-1,-1
40,820,1585.00,489.00,39.00,119.00,1,-1,-1,-1
40,817,425.00,545.00,39.00,119.00,1,-1,-1,-1
40,813,1844.10,631.54,59.63,180.89,1,-1,-1,-1
41,822,1505.00,545.00,39.00,119.00,1,-1,-1,-1
41,820,1593.00,507.85,31.49,96.47,1,-1,-1,-1
41,817,425.00,545.00,39.00,119.00,1,-1,-1,-1
41,813,1846.40,624.81,63.98,193.94,1,-1,-1,-1
42,822,1505.00,545.00,39.00,119.00,1,-1,-1,-1
42,820,1593.00,497.00,39.00,119.00,1,-1,-1,-1
42,817,421.14,549.75,41.87,127.61,1,-1,-1,-1
43,822,1510.10,541.17,41.87,127.61,1,-1,-1,-1
43,820,1593.00,505.00,39.00,119.00,1,-1,-1,-1
43,817,417.00,553.00,39.00,119.00,1,-1,-1,-1
44,822,1513.00,553.00,39.00,119.00,1,-1,-1,-1
44,820,1595.80,489.73,41.87,127.61,1,-1,-1,-1
44,817,412.56,549.75,41.87,127.61,1,-1,-1,-1
45,822,1518.60,549.75,41.87,127.61,1,-1,-1,-1
45,820,1600.00,488.05,44.95,136.84,1,-1,-1,-1
45,817,417.00,553.00,39.00,119.00,1,-1,-1,-1
46,822,1518.60,549.75,41.87,127.61,1,-1,-1,-1
46,820,1601.00,513.00,39.00,119.00,1,-1,-1,-1
46,817,409.00,553.00,39.00,119.00,1,-1,-1,-1
47,826,401.15,510.28,59.63,180.89,1,-1,-1,-1
47,822,1529.00,561.00,39.00,119.00,1,-1,-1,-1
47,820,1617.00,505.00,39.00,119.00,1,-1,-1,-1
47,817,409.00,553.00,39.00,119.00,1,-1,-1,-1
48,822,1537.00,561.00,39.00,119.00,1,-1,-1,-1
48,820,1625.00,505.00,39.00,119.00,1,-1,-1,-1
48,817,405.34,552.38,44.95,136.84,1,-1,-1,-1
49,833,345.00,553.00,39.00,119.00,1,-1,-1,-1
49,832,1625.50,533.84,31.49,96.47,1,-1,-1,-1
49,827,449.00,561.00,39.00,119.00,1,-1,-1,-1
49,826,401.15,522.41,59.63,180.89,1,-1,-1,-1
49,822,1535.80,558.32,41.87,127.61,1,-1,-1,-1
49,817,409.00,561.00,39.00,119.00,1,-1,-1,-1
50,833,337.00,553.00,39.00,119.00,1,-1,-1,-1
50,826,396.98,521.43,55.57,168.71,1,-1,-1,-1
50,822,1535.80,558.32,41.87,127.61,1,-1,-1,-1
50,820,1632.00,527.34,31.49,96.47,1,-1,-1,-1
50,817,401.00,553.00,39.00,119.00,1,-1,-1,-1
51,833,337.00,553.00,39.00,119.00,1,-1,-1,-1
51,822,1545.00,569.00,39.00,119.00,1,-1,-1,-1
51,820,1633.00,505.00,39.00,119.00,1,-1,-1,-1
51,817,401.00,561.00,39.00,119.00,1,-1,-1,-1
52,833,335.39,549.75,41.87,127.61,1,-1,-1,-1
52,822,1553.00,569.00,39.00,119.00,1,-1,-1,-1
52,820,1644.00,534.53,29.31,89.94,1,-1,-1,-1
52,817,395.41,558.32,41.87,127.61,1,-1,-1,-1
53,833,326.82,558.32,41.87,127.61,1,-1,-1,-1
53,831,511.16,554.04,20.44,63.31,1,-1,-1,-1
53,822,1552.90,566.90,41.87,127.61,1,-1,-1,-1
53,820,1641.00,505.00,39.00,119.00,1,-1,-1,-1
53,817,395.41,558.32,41.87,127.61,1,-1,-1,-1
54,834,565.75,555.19,25.39,78.17,1,-1,-1,-1
54,833,329.00,553.00,39.00,119.00,1,-1,-1,-1
54,831,506.43,552.38,21.97,67.92,1,-1,-1,-1
54,822,1561.50,566.90,41.87,127.61,1,-1,-1,-1
54,820,1651.50,527.34,31.49,96.47,1,-1,-1,-1
54,817,393.00,561.00,39.00,119.00,1,-1,-1,-1
55,833,329.00,553.00,39.00,119.00,1,-1,-1,-1
55,832,1647.20,498.30,41.87,127.61,1,-1,-1,-1
55,827,432.91,552.38,44.95,136.84,1,-1,-1,-1
55,822,1563.20,561.56,44.95,136.84,1,-1,-1,-1
55,820,1656.20,534.53,29.31,89.94,1,-1,-1,-1
55,817,386.84,558.32,41.87,127.61,1,-1,-1,-1
56,833,321.00,553.00,39.00,119.00,1,-1,-1,-1
56,831,502.59,554.04,20.44,63.31,1,-1,-1,-1
56,827,423.72,552.38,44.95,136.84,1,-1,-1,-1
56,822,1563.30,549.92,51.78,157.34,1,-1,-1,-1
56,820,1658.00,533.84,31.49,96.47,1,-1,-1,-1
56,817,385.00,561.00,39.00,119.00,1,-1,-1,-1
57,833,321.00,553.00,39.00,119.00,1,-1,-1,-1
57,831,498.38,552.55,23.62,72.87,1,-1,-1,-1
57,822,1573.90,549.92,51.78,157.34,1,-1,-1,-1
57,820,1662.20,528.47,29.31,89.94,1,-1,-1,-1
57,817,378.26,558.32,41.87,127.61,1,-1,-1,-1
58,833,313.00,553.00,39.00,119.00,1,-1,-1,-1
58,831,497.24,552.38,21.97,67.92,1,-1,-1,-1
58,822,1573.90,549.92,51.78,157.34,1,-1,-1,-1
58,820,1664.50,527.34,31.49,96.47,1,-1,-1,-1
58,817,377.00,553.00,39.00,119.00,1,-1,-1,-1
59,833,309.67,549.75,41.87,127.61,1,-1,-1,-1
59,831,491.86,544.64,25.39,78.17,1,-1,-1,-1
59,822,1584.40,549.92,51.78,157.34,1,-1,-1,-1
59,820,1665.50,523.33,33.82,103.47,1,-1,-1,-1
59,817,378.26,549.75,41.87,127.61,1,-1,-1,-1
60,836,1389.00,513.00,19.00,59.00,1,-1,-1,-1
60,833,309.67,549.75,41.87,127.61,1,-1,-1,-1
60,831,488.05,552.38,21.97,67.92,1,-1,-1,-1
60,827,414.53,552.38,44.95,136.84,1,-1,-1,-1
60,826,369.69,549.75,41.87,127.61,1,-1,-1,-1
60,822,1586.70,562.40,48.25,146.74,1,-1,-1,-1
60,820,1664.40,506.88,41.87,127.61,1,-1,-1,-1
61,833,305.00,553.00,39.00,119.00,1,-1,-1,-1
61,832,1665.50,473.76,48.25,146.74,1,-1,-1,-1
61,826,361.12,549.75,41.87,127.61,1,-1,-1,-1
61,822,1584.90,544.06,55.57,168.71,1,-1,-1,-1
62,833,305.00,545.00,39.00,119.00,1,-1,-1,-1
62,829,1577.00,513.00,19.00,59.00,1,-1,-1,-1
62,822,1595.00,549.92,51.78,157.34,1,-1,-1,-1
62,817,369.00,553.00,39.00,119.00,1,-1,-1,-1
63,833,297.00,569.00,39.00,119.00,1,-1,-1,-1
63,832,1675.40,463.91,48.25,146.74,1,-1,-1,-1
63,827,412.56,566.90,41.87,127.61,1,-1,-1,-1
63,822,1609.20,552.38,44.95,136.84,1,-1,-1,-1
63,820,1686.40,509.40,33.82,103.47,1,-1,-1,-1
63,817,361.12,566.90,41.87,127.61,1,-1,-1,-1
64,833,295.07,543.19,44.95,136.84,1,-1,-1,-1
64,829,1577.00,509.00,19.00,59.00,1,-1,-1,-1
64,827,409.00,553.00,39.00,119.00,1,-1,-1,-1
64,826,359.39,543.19,44.95,136.84,1,-1,-1,-1
64,822,1605.50,560.47,51.78,157.34,1,-1,-1,-1
64,820,1689.00,513.00,39.00,119.00,1,-1,-1,-1
65,837,524.03,524.03,41.87,127.61,1,-1,-1,-1
65,833,285.88,552.38,44.95,136.84,1,-1,-1,-1
65,827,403.99,558.32,41.87,127.61,1,-1,-1,-1
65,822,1606.40,562.40,48.25,146.74,1,-1,-1,-1
65,820,1689.00,505.00,39.00,119.00,1,-1,-1,-1
65,817,352.54,558.32,41.87,127.61,1,-1,-1,-1
66,837,524.03,532.60,41.87,127.61,1,-1,-1,-1
66,833,289.00,569.00,39.00,119.00,1,-1,-1,-1
66,827,403.99,566.90,41.87,127.61,1,-1,-1,-1
66,822,1616.30,562.40,48.25,146.74,1,-1,-1,-1
66,820,1697.00,505.00,39.00,119.00,1,-1,-1,-1
66,817,353.00,569.00,39.00,119.00,1,-1,-1,-1
67,833,283.95,549.75,41.87,127.61,1,-1,-1,-1
67,827,395.41,549.75,41.87,127.61,1,-1,-1,-1
67,826,341.01,543.19,44.95,136.84,1,-1,-1,-1
67,822,1627.60,579.94,44.95,136.84,1,-1,-1,-1
67,820,1697.00,521.00,39.00,119.00,1,-1,-1,-1
68,833,275.37,558.32,41.87,127.61,1,-1,-1,-1
68,827,386.96,561.56,44.95,136.84,1,-1,-1,-1
68,826,335.87,542.70,48.25,146.74,1,-1,-1,-1
68,822,1626.10,562.40,48.25,146.74,1,-1,-1,-1
68,820,1703.50,527.34,31.49,96.47,1,-1,-1,-1
69,838,1613.30,508.57,73.64,222.93,1,-1,-1,-1
69,827,386.84,558.32,41.87,127.61,1,-1,-1,-1
69,826,331.83,543.19,44.95,136.84,1,-1,-1,-1
69,822,1626.60,571.03,51.78,157.34,1,-1,-1,-1
69,820,1707.30,530.29,33.82,103.47,1,-1,-1,-1
70,838,1628.20,523.50,73.64,222.93,1,-1,-1,-1
70,837,506.88,524.03,41.87,127.61,1,-1,-1,-1
70,827,386.84,558.32,41.87,127.61,1,-1,-1,-1
70,826,328.24,539.36,51.78,157.34,1,-1,-1,-1
70,822,1636.00,572.25,48.25,146.74,1,-1,-1,-1
70,820,1705.00,521.00,39.00,119.00,1,-1,-1,-1
71,837,498.30,524.03,41.87,127.61,1,-1,-1,-1
71,827,377.77,552.38,44.95,136.84,1,-1,-1,-1
71,826,326.02,542.70,48.25,146.74,1,-1,-1,-1
71,822,1637.20,571.03,51.78,157.34,1,-1,-1,-1
71,820,1705.00,521.00,39.00,119.00,1,-1,-1,-1
72,837,497.24,524.81,44.95,136.84,1,-1,-1,-1
72,827,378.26,558.32,41.87,127.61,1,-1,-1,-1
72,826,322.64,552.38,44.95,136.84,1,-1,-1,-1
72,822,1641.50,566.69,55.57,168.71,1,-1,-1,-1
72,820,1705.00,513.00,39.00,119.00,1,-1,-1,-1
73,837,488.05,515.62,44.95,136.84,1,-1,-1,-1
73,827,369.69,558.32,41.87,127.61,1,-1,-1,-1
73,826,316.17,542.70,48.25,146.74,1,-1,-1,-1
73,822,1641.50,566.69,55.57,168.71,1,-1,-1,-1
73,820,1705.00,521.00,39.00,119.00,1,-1,-1,-1
74,827,369.69,558.32,41.87,127.61,1,-1,-1,-1
74,826,307.13,539.36,51.78,157.34,1,-1,-1,-1
74,822,1647.70,571.03,51.78,157.34,1,-1,-1,-1
74,820,1713.00,521.00,39.00,119.00,1,-1,-1,-1
75,827,359.39,552.38,44.95,136.84,1,-1,-1,-1
75,826,304.26,552.38,44.95,136.84,1,-1,-1,-1
75,822,1655.70,582.10,48.25,146.74,1,-1,-1,-1
75,820,1713.00,521.00,39.00,119.00,1,-1,-1,-1
76,839,513.00,545.00,39.00,119.00,1,-1,-1,-1
76,834,549.75,524.03,41.87,127.61,1,-1,-1,-1
76,827,355.57,552.55,48.25,146.74,1,-1,-1,-1
76,826,296.47,542.70,48.25,146.74,1,-1,-1,-1
76,822,1658.30,581.58,51.78,157.34,1,-1,-1,-1
76,820,1714.20,530.29,33.82,103.47,1,-1,-1,-1
77,839,505.00,545.00,39.00,119.00,1,-1,-1,-1
77,827,350.20,552.38,44.95,136.84,1,-1,-1,-1
77,826,286.01,539.36,51.78,157.34,1,-1,-1,-1
77,822,1658.30,581.58,51.78,157.34,1,-1,-1,-1
77,820,1713.00,521.00,39.00,119.00,1,-1,-1,-1
78,838,1644.60,558.15,68.64,207.93,1,-1,-1,-1
78,834,541.17,532.60,41.87,127.61,1,-1,-1,-1
78,827,341.01,552.38,44.95,136.84,1,-1,-1,-1
78,826,285.88,552.38,44.95,136.84,1,-1,-1,-1
78,822,1665.50,582.10,48.25,146.74,1,-1,-1,-1
78,820,1713.00,521.00,39.00,119.00,1,-1,-1,-1
79,827,341.01,552.38,44.95,136.84,1,-1,-1,-1
79,826,276.78,542.70,48.25,146.74,1,-1,-1,-1
79,822,1668.90,581.58,51.78,157.34,1,-1,-1,-1
80,837,455.43,532.60,41.87,127.61,1,-1,-1,-1
80,834,537.00,537.00,39.00,119.00,1,-1,-1,-1
80,827,331.83,552.38,44.95,136.84,1,-1,-1,-1
80,826,276.78,542.70,48.25,146.74,1,-1,-1,-1
80,822,1668.90,581.58,51.78,157.34,1,-1,-1,-1
81,837,446.86,524.03,41.87,127.61,1,-1,-1,-1
81,834,529.00,537.00,39.00,119.00,1,-1,-1,-1
81,827,322.64,552.38,44.95,136.84,1,-1,-1,-1
81,826,267.50,552.38,44.95,136.84,1,-1,-1,-1
81,822,1668.90,581.58,51.78,157.34,1,-1,-1,-1
82,841,138.84,552.38,44.95,136.84,1,-1,-1,-1
82,837,442.10,524.81,44.95,136.84,1,-1,-1,-1
82,834,521.00,537.00,39.00,119.00,1,-1,-1,-1
82,826,257.08,552.55,48.25,146.74,1,-1,-1,-1
82,822,1675.40,578.00,55.57,168.71,1,-1,-1,-1
83,841,129.04,552.55,48.25,146.74,1,-1,-1,-1
83,839,473.00,545.00,39.00,119.00,1,-1,-1,-1
83,838,1655.70,473.76,97.49,294.47,1,-1,-1,-1
83,837,438.28,532.60,41.87,127.61,1,-1,-1,-1
83,834,521.00,537.00,39.00,119.00,1,-1,-1,-1
83,827,313.45,561.56,44.95,136.84,1,-1,-1,-1
83,826,257.08,552.55,48.25,146.74,1,-1,-1,-1
83,822,1675.40,578.00,55.57,168.71,1,-1,-1,-1
84,841,129.61,558.32,41.87,127.61,1,-1,-1,-1
84,839,465.00,545.00,39.00,119.00,1,-1,-1,-1
84,838,1655.70,473.76,97.49,294.47,1,-1,-1,-1
84,834,513.00,537.00,39.00,119.00,1,-1,-1,-1
84,827,309.67,566.90,41.87,127.61,1,-1,-1,-1
84,826,249.12,552.38,44.95,136.84,1,-1,-1,-1
84,822,1675.40,578.00,55.57,168.71,1,-1,-1,-1
85,841,120.46,561.56,44.95,136.84,1,-1,-1,-1
85,838,1655.10,478.86,90.90,274.69,1,-1,-1,-1
85,834,505.00,545.00,39.00,119.00,1,-1,-1,-1
85,827,296.47,552.55,48.25,146.74,1,-1,-1,-1
85,826,237.38,552.55,48.25,146.74,1,-1,-1,-1
85,822,1674.40,583.04,59.63,180.89,1,-1,-1,-1
86,841,111.28,561.56,44.95,136.84,1,-1,-1,-1
86,838,1655.10,460.48,90.90,274.69,1,-1,-1,-1
86,837,414.53,534.00,44.95,136.84,1,-1,-1,-1
86,836,1377.20,515.45,20.43,63.31,1,-1,-1,-1
86,827,292.52,566.90,41.87,127.61,1,-1,-1,-1
86,826,233.23,549.92,51.78,157.34,1,-1,-1,-1
86,822,1686.70,578.00,55.57,168.71,1,-1,-1,-1
87,843,329.10,561.03,27.28,83.85,1,-1,-1,-1
87,841,109.34,552.55,48.25,146.74,1,-1,-1,-1
87,838,1647.70,465.47,104.56,315.68,1,-1,-1,-1
87,836,1377.00,521.00,19.00,59.00,1,-1,-1,-1
87,834,497.00,545.00,39.00,119.00,1,-1,-1,-1
87,827,285.88,561.56,44.95,136.84,1,-1,-1,-1
87,826,227.53,552.55,48.25,146.74,1,-1,-1,-1
87,822,1686.50,583.04,59.63,180.89,1,-1,-1,-1
88,842,1681.00,545.00,79.00,239.00,1,-1,-1,-1
88,841,102.09,561.56,44.95,136.84,1,-1,-1,-1
88,839,429.71,541.17,41.87,127.61,1,-1,-1,-1
88,836,1372.90,519.74,20.43,63.31,1,-1,-1,-1
88,827,276.69,561.56,44.95,136.84,1,-1,-1,-1
88,826,221.55,561.56,44.95,136.84,1,-1,-1,-1
88,822,1686.70,589.31,55.57,168.71,1,-1,-1,-1
89,841,92.90,561.56,44.95,136.84,1,-1,-1,-1
89,839,423.72,534.00,44.95,136.84,1,-1,-1,-1
89,827,266.93,562.40,48.25,146.74,1,-1,-1,-1
89,826,217.68,562.40,48.25,146.74,1,-1,-1,-1
89,822,1686.50,595.16,59.63,180.89,1,-1,-1,-1
90,842,1673.50,534.00,90.90,274.69,1,-1,-1,-1
90,841,83.71,570.75,44.95,136.84,1,-1,-1,-1
90,839,425.00,561.00,39.00,119.00,1,-1,-1,-1
90,837,386.84,549.75,41.87,127.61,1,-1,-1,-1
90,827,267.50,570.75,44.95,136.84,1,-1,-1,-1
90,826,217.68,562.40,48.25,146.74,1,-1,-1,-1
90,822,1690.50,585.82,63.98,193.94,1,-1,-1,-1
91,842,1673.50,534.00,90.90,274.69,1,-1,-1,-1
91,841,74.52,570.75,44.95,136.84,1,-1,-1,-1
91,839,417.00,561.00,39.00,119.00,1,-1,-1,-1
91,838,1686.50,595.16,59.63,180.89,1,-1,-1,-1
91,834,473.00,553.00,39.00,119.00,1,-1,-1,-1
91,827,257.08,572.25,48.25,146.74,1,-1,-1,-1
91,826,207.83,562.40,48.25,146.74,1,-1,-1,-1
92,845,1232.10,483.61,48.25,146.74,1,-1,-1,-1
92,842,1681.50,549.75,84.74,256.23,1,-1,-1,-1
92,841,69.94,572.25,48.25,146.74,1,-1,-1,-1
92,839,405.34,552.38,44.95,136.84,1,-1,-1,-1
92,837,377.77,543.19,44.95,136.84,1,-1,-1,-1
92,827,247.23,572.25,48.25,146.74,1,-1,-1,-1
92,826,197.98,572.25,48.25,146.74,1,-1,-1,-1
93,845,1232.10,483.61,48.25,146.74,1,-1,-1,-1
93,842,1673.50,552.38,90.90,274.69,1,-1,-1,-1
93,841,60.09,572.25,48.25,146.74,1,-1,-1,-1
93,839,403.99,566.90,41.87,127.61,1,-1,-1,-1
93,838,1690.50,598.82,63.98,193.94,1,-1,-1,-1
93,837,369.00,569.00,39.00,119.00,1,-1,-1,-1
93,827,239.93,579.94,44.95,136.84,1,-1,-1,-1
93,826,188.13,572.25,48.25,146.74,1,-1,-1,-1
94,842,1673.50,552.38,90.90,274.69,1,-1,-1,-1
94,841,46.95,579.94,44.95,136.84,1,-1,-1,-1
94,839,395.41,566.90,41.87,127.61,1,-1,-1,-1
94,838,1698.60,607.29,59.63,180.89,1,-1,-1,-1
94,834,455.43,558.32,41.87,127.61,1,-1,-1,-1
94,827,239.93,579.94,44.95,136.84,1,-1,-1,-1
94,826,178.28,572.25,48.25,146.74,1,-1,-1,-1
95,845,1222.90,476.18,55.57,168.71,1,-1,-1,-1
95,842,1675.40,552.55,97.49,294.47,1,-1,-1,-1
95,839,393.00,577.00,39.00,119.00,1,-1,-1,-1
95,838,1700.30,599.94,68.64,207.93,1,-1,-1,-1
95,837,375.27,542.70,48.25,146.74,1,-1,-1,-1
95,833,178.28,572.25,48.25,146.74,1,-1,-1,-1
95,827,222.68,571.03,51.78,157.34,1,-1,-1,-1
96,842,1691.90,552.38,90.90,274.69,1,-1,-1,-1
96,839,385.00,577.00,39.00,119.00,1,-1,-1,-1
96,838,1703.50,611.81,63.98,193.94,1,-1,-1,-1
96,837,374.35,544.06,55.57,168.71,1,-1,-1,-1
96,827,217.68,582.10,48.25,146.74,1,-1,-1,-1
96,826,159.34,571.03,51.78,157.34,1,-1,-1,-1
96,817,350.20,552.38,44.95,136.84,1,-1,-1,-1
97,842,1691.90,552.38,90.90,274.69,1,-1,-1,-1
97,838,1703.50,611.81,63.98,193.94,1,-1,-1,-1
97,837,365.42,552.55,48.25,146.74,1,-1,-1,-1
97,833,159.34,571.03,51.78,157.34,1,-1,-1,-1
97,827,217.68,582.10,48.25,146.74,1,-1,-1,-1
97,820,1697.00,546.83,31.49,96.47,1,-1,-1,-1
97,817,335.87,552.55,48.25,146.74,1,-1,-1,-1
98,846,130.96,559.83,63.98,193.94,1,-1,-1,-1
98,842,1695.10,532.85,97.49,294.47,1,-1,-1,-1
98,839,369.00,577.00,39.00,119.00,1,-1,-1,-1
98,833,159.39,566.69,55.57,168.71,1,-1,-1,-1
98,827,207.83,582.10,48.25,146.74,1,-1,-1,-1
98,826,148.03,579.94,44.95,136.84,1,-1,-1,-1
98,822,1716.50,611.81,63.98,193.94,1,-1,-1,-1
98,820,1689.00,537.00,39.00,119.00,1,-1,-1,-1
98,817,328.24,549.92,51.78,157.34,1,-1,-1,-1
99,839,361.12,575.47,41.87,127.61,1,-1,-1,-1
99,834,414.53,561.56,44.95,136.84,1,-1,-1,-1
99,827,197.98,582.10,48.25,146.74,1,-1,-1,-1
99,826,138.89,582.10,48.25,146.74,1,-1,-1,-1
99,822,1716.50,611.81,63.98,193.94,1,-1,-1,-1
99,820,1689.00,545.00,39.00,119.00,1,-1,-1,-1
99,817,318.24,575.47,41.87,127.61,1,-1,-1,-1
100,838,1714.20,613.87,68.64,207.93,1,-1,-1,-1
100,837,338.79,549.92,51.78,157.34,1,-1,-1,-1
100,834,405.34,561.56,44.95,136.84,1,-1,-1,-1
100,827,191.01,581.58,51.78,157.34,1,-1,-1,-1
100,826,129.04,582.10,48.25,146.74,1,-1,-1,-1
100,820,1689.00,545.00,39.00,119.00,1,-1,-1,-1
101,842,1690.50,442.87,128.96,388.88,1,-1,-1,-1
101,839,343.97,575.47,41.87,127.61,1,-1,-1,-1
101,838,1714.20,613.87,68.64,207.93,1,-1,-1,-1
101,834,403.99,566.90,41.87,127.61,1,-1,-1,-1
101,827,180.45,581.58,51.78,157.34,1,-1,-1,-1
101,826,119.19,582.10,48.25,146.74,1,-1,-1,-1
101,820,1689.00,545.00,39.00,119.00,1,-1,-1,-1
102,839,335.39,575.47,41.87,127.61,1,-1,-1,-1
102,838,1717.80,613.07,73.64,222.93,1,-1,-1,-1
102,834,395.41,566.90,41.87,127.61,1,-1,-1,-1
102,827,169.90,581.58,51.78,157.34,1,-1,-1,-1
102,826,120.46,589.13,44.95,136.84,1,-1,-1,-1
102,820,1681.00,545.00,39.00,119.00,1,-1,-1,-1
103,849,254.42,592.32,31.49,96.47,1,-1,-1,-1
103,842,1714.80,552.55,97.49,294.47,1,-1,-1,-1
103,839,326.82,575.47,41.87,127.61,1,-1,-1,-1
103,834,386.96,570.75,44.95,136.84,1,-1,-1,-1
103,833,154.22,530.29,68.64,207.93,1,-1,-1,-1
103,827,168.44,582.10,48.25,146.74,1,-1,-1,-1
103,826,109.34,582.10,48.25,146.74,1,-1,-1,-1
103,822,1728.20,613.87,68.64,207.93,1,-1,-1,-1
103,820,1681.00,545.00,39.00,119.00,1,-1,-1,-1
104,851,281.00,585.00,39.00,119.00,1,-1,-1,-1
104,850,1541.00,514.34,31.49,96.47,1,-1,-1,-1
104,849,244.75,586.01,33.82,103.47,1,-1,-1,-1
104,839,318.24,575.47,41.87,127.61,1,-1,-1,-1
104,834,378.26,575.47,41.87,127.61,1,-1,-1,-1
104,827,158.59,582.10,48.25,146.74,1,-1,-1,-1
104,826,99.49,582.10,48.25,146.74,1,-1,-1,-1
104,822,1728.20,613.87,68.64,207.93,1,-1,-1,-1
104,820,1681.00,545.00,39.00,119.00,1,-1,-1,-1
105,850,1541.00,514.34,31.49,96.47,1,-1,-1,-1
105,849,237.79,592.97,33.82,103.47,1,-1,-1,-1
105,839,313.00,585.00,39.00,119.00,1,-1,-1,-1
105,838,1732.70,613.07,73.64,222.93,1,-1,-1,-1
105,834,365.42,562.40,48.25,146.74,1,-1,-1,-1
105,826,85.45,581.58,51.78,157.34,1,-1,-1,-1
105,820,1681.00,545.00,39.00,119.00,1,-1,-1,-1
106,852,1335.60,532.85,23.62,72.87,1,-1,-1,-1
106,851,258.31,579.94,44.95,136.84,1,-1,-1,-1
106,850,1534.90,516.34,29.31,89.94,1,-1,-1,-1
106,849,228.43,592.32,31.49,96.47,1,-1,-1,-1
106,841,19.38,579.94,44.95,136.84,1,-1,-1,-1
106,839,301.10,575.47,41.87,127.61,1,-1,-1,-1
106,834,359.39,570.75,44.95,136.84,1,-1,-1,-1
106,826,74.89,581.58,51.78,157.34,1,-1,-1,-1
106,822,1728.20,627.80,68.64,207.93,1,-1,-1,-1
106,820,1673.00,545.00,39.00,119.00,1,-1,-1,-1
107,853,393.00,553.00,39.00,119.00,1,-1,-1,-1
107,850,1534.00,515.77,27.28,83.85,1,-1,-1,-1
107,849,215.35,584.04,41.87,127.61,1,-1,-1,-1
107,839,279.89,546.66,59.63,180.89,1,-1,-1,-1
107,838,1732.70,613.07,73.64,222.93,1,-1,-1,-1
107,834,350.20,570.75,44.95,136.84,1,-1,-1,-1
107,827,127.67,581.58,51.78,157.34,1,-1,-1,-1
107,826,74.89,571.03,51.78,157.34,1,-1,-1,-1
107,820,1673.00,545.00,39.00,119.00,1,-1,-1,-1
108,853,385.00,553.00,39.00,119.00,1,-1,-1,-1
108,849,210.00,583.21,36.32,110.96,1,-1,-1,-1
108,839,267.77,534.53,59.63,180.89,1,-1,-1,-1
108,838,1742.10,627.80,68.64,207.93,1,-1,-1,-1
108,834,338.79,549.92,51.78,157.34,1,-1,-1,-1
108,826,57.57,566.69,55.57,168.71,1,-1,-1,-1
108,820,1664.40,532.60,41.87,127.61,1,-1,-1,-1
108,817,289.00,585.00,39.00,119.00,1,-1,-1,-1
109,849,198.21,584.04,41.87,127.61,1,-1,-1,-1
109,838,1742.10,627.80,68.64,207.93,1,-1,-1,-1
109,834,329.10,544.06,55.57,168.71,1,-1,-1,-1
109,827,117.12,581.58,51.78,157.34,1,-1,-1,-1
109,826,53.78,571.03,51.78,157.34,1,-1,-1,-1
109,820,1665.00,545.00,39.00,119.00,1,-1,-1,-1
109,817,281.00,585.00,39.00,119.00,1,-1,-1,-1
110,850,1522.90,524.03,20.43,63.31,1,-1,-1,-1
110,849,193.00,585.00,39.00,119.00,1,-1,-1,-1
110,838,1745.00,625.00,79.00,239.00,1,-1,-1,-1
110,834,322.64,570.75,44.95,136.84,1,-1,-1,-1
110,827,106.56,581.58,51.78,157.34,1,-1,-1,-1
110,826,43.22,571.03,51.78,157.34,1,-1,-1,-1
110,820,1665.00,545.00,39.00,119.00,1,-1,-1,-1
110,817,266.80,584.04,41.87,127.61,1,-1,-1,-1
111,852,1324.30,534.00,21.97,67.92,1,-1,-1,-1
111,850,1518.60,524.03,20.43,63.31,1,-1,-1,-1
111,849,180.14,590.68,36.32,110.96,1,-1,-1,-1
111,838,1745.00,625.00,79.00,239.00,1,-1,-1,-1
111,834,316.17,562.40,48.25,146.74,1,-1,-1,-1
111,827,96.00,581.58,51.78,157.34,1,-1,-1,-1
111,826,32.67,571.03,51.78,157.34,1,-1,-1,-1
111,817,258.23,584.04,41.87,127.61,1,-1,-1,-1
112,849,175.11,592.97,33.82,103.47,1,-1,-1,-1
112,834,306.32,572.25,48.25,146.74,1,-1,-1,-1
112,827,85.45,581.58,51.78,157.34,1,-1,-1,-1
112,826,23.63,578.00,55.57,168.71,1,-1,-1,-1
112,822,1745.00,625.00,79.00,239.00,1,-1,-1,-1
112,820,1657.00,545.00,39.00,119.00,1,-1,-1,-1
112,817,249.65,584.04,41.87,127.61,1,-1,-1,-1
113,853,345.00,561.00,39.00,119.00,1,-1,-1,-1
113,849,165.21,590.68,36.32,110.96,1,-1,-1,-1
113,834,296.47,572.25,48.25,146.74,1,-1,-1,-1
113,826,11.56,581.58,51.78,157.34,1,-1,-1,-1
113,822,1745.00,625.00,79.00,239.00,1,-1,-1,-1
113,817,241.08,584.04,41.87,127.61,1,-1,-1,-1
114,850,1505.80,524.03,20.43,63.31,1,-1,-1,-1
114,849,153.00,593.00,39.00,119.00,1,-1,-1,-1
114,827,64.34,581.58,51.78,157.34,1,-1,-1,-1
114,826,10.85,582.10,48.25,146.74,1,-1,-1,-1
114,822,1745.00,625.00,79.00,239.00,1,-1,-1,-1
114,817,233.00,593.00,39.00,119.00,1,-1,-1,-1
115,853,326.82,558.32,41.87,127.61,1,-1,-1,-1
115,849,142.82,598.14,36.32,110.96,1,-1,-1,-1
115,834,276.78,572.25,48.25,146.74,1,-1,-1,-1
115,827,49.50,570.91,59.63,180.89,1,-1,-1,-1
115,826,1.00,581.58,51.78,157.34,1,-1,-1,-1
115,822,1745.00,625.00,79.00,239.00,1,-1,-1,-1
115,817,225.00,593.00,39.00,119.00,1,-1,-1,-1
116,853,321.00,561.00,39.00,119.00,1,-1,-1,-1
116,849,135.36,598.14,36.32,110.96,1,-1,-1,-1
116,834,267.50,579.94,44.95,136.84,1,-1,-1,-1
116,827,46.26,578.00,55.57,168.71,1,-1,-1,-1
116,826,1.00,591.95,48.25,146.74,1,-1,-1,-1
116,822,1750.10,618.34,84.74,256.23,1,-1,-1,-1
116,817,206.78,592.62,41.87,127.61,1,-1,-1,-1
117,853,313.00,561.00,39.00,119.00,1,-1,-1,-1
117,849,121.00,593.00,39.00,119.00,1,-1,-1,-1
117,834,254.35,571.03,51.78,157.34,1,-1,-1,-1
117,827,34.94,578.00,55.57,168.71,1,-1,-1,-1
117,822,1761.00,641.00,79.00,239.00,1,-1,-1,-1
117,817,198.21,592.62,41.87,127.61,1,-1,-1,-1
118,853,305.00,561.00,39.00,119.00,1,-1,-1,-1
118,851,129.65,589.13,44.95,136.84,1,-1,-1,-1
118,849,113.00,593.00,39.00,119.00,1,-1,-1,-1
118,834,249.12,579.94,44.95,136.84,1,-1,-1,-1
118,827,14.00,572.83,63.98,193.94,1,-1,-1,-1
118,822,1761.00,641.00,79.00,239.00,1,-1,-1,-1
118,817,189.63,592.62,41.87,127.61,1,-1,-1,-1
119,853,301.10,558.32,41.87,127.61,1,-1,-1,-1
119,851,121.04,601.19,41.87,127.61,1,-1,-1,-1
119,834,233.23,571.03,51.78,157.34,1,-1,-1,-1
119,827,13.13,583.04,59.63,180.89,1,-1,-1,-1
119,822,1761.00,641.00,79.00,239.00,1,-1,-1,-1
120,851,111.28,598.32,44.95,136.84,1,-1,-1,-1
120,849,89.00,601.00,39.00,119.00,1,-1,-1,-1
120,834,227.53,582.10,48.25,146.74,1,-1,-1,-1
120,822,1761.00,641.00,79.00,239.00,1,-1,-1,-1
120,817,166.41,598.32,44.95,136.84,1,-1,-1,-1
121,853,281.00,561.00,39.00,119.00,1,-1,-1,-1
121,851,102.09,598.32,44.95,136.84,1,-1,-1,-1
121,849,78.17,601.19,41.87,127.61,1,-1,-1,-1
121,842,1747.10,558.78,120.26,362.77,1,-1,-1,-1
121,834,212.12,581.58,51.78,157.34,1,-1,-1,-1
121,822,1761.00,641.00,79.00,239.00,1,-1,-1,-1
122,853,275.37,558.32,41.87,127.61,1,-1,-1,-1
122,851,92.90,598.32,44.95,136.84,1,-1,-1,-1
122,849,65.00,609.00,39.00,119.00,1,-1,-1,-1
122,842,1771.40,558.78,120.26,362.77,1,-1,-1,-1
122,834,201.57,581.58,51.78,157.34,1,-1,-1,-1
122,822,1767.30,635.49,84.74,256.23,1,-1,-1,-1
123,854,129.00,209.00,79.00,239.00,1,-1,-1,-1
123,853,265.00,569.00,39.00,119.00,1,-1,-1,-1
123,851,78.17,609.77,41.87,127.61,1,-1,-1,-1
123,849,57.00,609.00,39.00,119.00,1,-1,-1,-1
123,842,1771.40,558.78,120.26,362.77,1,-1,-1,-1
123,834,191.01,581.58,51.78,157.34,1,-1,-1,-1
123,822,1767.30,635.49,84.74,256.23,1,-1,-1,-1
124,853,258.23,566.90,41.87,127.61,1,-1,-1,-1
124,851,69.59,609.77,41.87,127.61,1,-1,-1,-1
124,849,43.87,609.77,41.87,127.61,1,-1,-1,-1
124,842,1768.50,546.83,128.96,388.88,1,-1,-1,-1
124,838,1784.40,652.64,84.74,256.23,1,-1,-1,-1
124,834,180.45,581.58,51.78,157.34,1,-1,-1,-1
125,855,1737.00,561.00,39.00,119.00,1,-1,-1,-1
125,854,113.00,209.00,79.00,239.00,1,-1,-1,-1
125,853,249.12,561.56,44.95,136.84,1,-1,-1,-1
125,851,56.14,607.51,44.95,136.84,1,-1,-1,-1
125,842,1768.50,546.83,128.96,388.88,1,-1,-1,-1
125,838,1783.80,644.27,90.90,274.69,1,-1,-1,-1
125,834,169.90,581.58,51.78,157.34,1,-1,-1,-1
126,856,1453.00,520.21,21.97,67.92,1,-1,-1,-1
126,855,1737.00,561.00,39.00,119.00,1,-1,-1,-1
126,853,239.93,561.56,44.95,136.84,1,-1,-1,-1
126,851,46.95,607.51,44.95,136.84,1,-1,-1,-1
126,842,1768.50,546.83,128.96,388.88,1,-1,-1,-1
126,838,1783.80,644.27,90.90,274.69,1,-1,-1,-1
126,834,159.34,581.58,51.78,157.34,1,-1,-1,-1
127,853,232.50,566.90,41.87,127.61,1,-1,-1,-1
127,851,30.55,611.65,48.25,146.74,1,-1,-1,-1
127,838,1802.20,644.27,90.90,274.69,1,-1,-1,-1
127,834,148.74,591.95,48.25,146.74,1,-1,-1,-1
128,853,223.93,566.90,41.87,127.61,1,-1,-1,-1
128,851,20.70,611.65,48.25,146.74,1,-1,-1,-1
128,834,136.76,589.31,55.57,168.71,1,-1,-1,-1
128,822,1801.60,652.64,84.74,256.23,1,-1,-1,-1
128,817,74.89,602.70,51.78,157.34,1,-1,-1,-1
129,855,1729.00,561.00,39.00,119.00,1,-1,-1,-1
129,853,215.35,575.47,41.87,127.61,1,-1,-1,-1
129,851,10.19,616.70,44.95,136.84,1,-1,-1,-1
129,834,125.45,589.31,55.57,168.71,1,-1,-1,-1
129,822,1793.50,651.04,97.49,294.47,1,-1,-1,-1
130,855,1729.00,561.00,39.00,119.00,1,-1,-1,-1
130,853,206.78,575.47,41.87,127.61,1,-1,-1,-1
130,851,1.00,618.34,41.87,127.61,1,-1,-1,-1
130,834,119.19,601.80,48.25,146.74,1,-1,-1,-1
130,822,1802.20,662.65,90.90,274.69,1,-1,-1,-1
131,858,1241.00,521.00,19.00,59.00,1,-1,-1,-1
131,856,1429.10,518.08,23.62,72.87,1,-1,-1,-1
131,855,1729.00,561.00,39.00,119.00,1,-1,-1,-1
131,853,193.98,570.75,44.95,136.84,1,-1,-1,-1
131,842,1794.50,598.82,128.96,388.88,1,-1,-1,-1
131,839,81.00,561.00,39.00,119.00,1,-1,-1,-1
131,834,102.82,589.31,55.57,168.71,1,-1,-1,-1
131,822,1802.20,662.65,90.90,274.69,1,-1,-1,-1
132,858,1237.00,521.00,19.00,59.00,1,-1,-1,-1
132,856,1425.40,520.21,21.97,67.92,1,-1,-1,-1
132,855,1721.00,561.00,39.00,119.00,1,-1,-1,-1
132,853,189.63,575.47,41.87,127.61,1,-1,-1,-1
132,839,78.17,558.32,41.87,127.61,1,-1,-1,-1
132,838,1813.20,651.04,97.49,294.47,1,-1,-1,-1
132,834,91.51,600.63,55.57,168.71,1,-1,-1,-1
133,859,449.14,523.01,23.62,72.87,1,-1,-1,-1
133,856,1420.80,520.21,21.97,67.92,1,-1,-1,-1
133,855,1721.00,561.00,39.00,119.00,1,-1,-1,-1
133,853,181.06,575.47,41.87,127.61,1,-1,-1,-1
133,852,1266.60,537.78,23.62,72.87,1,-1,-1,-1
133,838,1820.50,662.65,90.90,274.69,1,-1,-1,-1
133,834,85.45,602.70,51.78,157.34,1,-1,-1,-1
134,858,1229.00,521.00,19.00,59.00,1,-1,-1,-1
134,856,1416.20,520.21,21.97,67.92,1,-1,-1,-1
134,855,1721.00,561.00,39.00,119.00,1,-1,-1,-1
134,853,172.48,584.04,41.87,127.61,1,-1,-1,-1
134,852,1266.60,537.78,23.62,72.87,1,-1,-1,-1
134,838,1820.50,662.65,90.90,274.69,1,-1,-1,-1
134,834,68.88,600.63,55.57,168.71,1,-1,-1,-1
135,856,1411.60,520.21,21.97,67.92,1,-1,-1,-1
135,855,1713.00,561.00,39.00,119.00,1,-1,-1,-1
135,853,163.91,584.04,41.87,127.61,1,-1,-1,-1
135,839,45.79,553.36,73.64,222.93,1,-1,-1,-1
135,838,1820.50,662.65,90.90,274.69,1,-1,-1,-1
135,834,53.78,613.25,51.78,157.34,1,-1,-1,-1
136,856,1407.00,520.21,21.97,67.92,1,-1,-1,-1
136,855,1713.00,561.00,39.00,119.00,1,-1,-1,-1
136,853,155.34,584.04,41.87,127.61,1,-1,-1,-1
136,838,1832.90,670.74,97.49,294.47,1,-1,-1,-1
136,834,46.26,611.94,55.57,168.71,1,-1,-1,-1
137,855,1713.00,561.00,39.00,119.00,1,-1,-1,-1
137,853,146.76,584.04,41.87,127.61,1,-1,-1,-1
137,838,1832.90,670.74,97.49,294.47,1,-1,-1,-1
137,834,34.94,611.94,55.57,168.71,1,-1,-1,-1
138,856,1399.60,518.08,23.62,72.87,1,-1,-1,-1
138,855,1713.00,561.00,39.00,119.00,1,-1,-1,-1
138,834,13.13,607.29,59.63,180.89,1,-1,-1,-1
139,855,1705.00,561.00,39.00,119.00,1,-1,-1,-1
139,853,129.65,579.94,44.95,136.84,1,-1,-1,-1
139,834,1.00,611.94,55.57,168.71,1,-1,-1,-1
140,860,1561.00,545.00,39.00,119.00,1,-1,-1,-1
140,856,1393.20,520.21,21.97,67.92,1,-1,-1,-1
140,855,1705.00,561.00,39.00,119.00,1,-1,-1,-1
141,860,1561.00,545.00,39.00,119.00,1,-1,-1,-1
141,855,1705.00,553.00,39.00,119.00,1,-1,-1,-1
142,860,1561.00,545.00,39.00,119.00,1,-1,-1,-1
142,855,1705.00,553.00,39.00,119.00,1,-1,-1,-1
142,853,102.09,579.94,44.95,136.84,1,-1,-1,-1
143,860,1553.00,545.00,39.00,119.00,1,-1,-1,-1
143,856,1384.00,520.21,21.97,67.92,1,-1,-1,-1
143,855,1702.90,568.28,36.32,110.96,1,-1,-1,-1
143,853,95.32,584.04,41.87,127.61,1,-1,-1,-1
144,860,1553.00,545.00,39.00,119.00,1,-1,-1,-1
144,856,1379.90,518.08,23.62,72.87,1,-1,-1,-1
144,855,1697.00,561.00,39.00,119.00,1,-1,-1,-1
144,853,86.74,584.04,41.87,127.61,1,-1,-1,-1
145,860,1544.40,541.17,41.87,127.61,1,-1,-1,-1
145,855,1697.00,561.00,39.00,119.00,1,-1,-1,-1
146,860,1545.00,545.00,39.00,119.00,1,-1,-1,-1
146,856,1370.20,520.21,21.97,67.92,1,-1,-1,-1
146,855,1697.00,561.00,39.00,119.00,1,-1,-1,-1
147,860,1535.80,549.75,41.87,127.61,1,-1,-1,-1
147,856,1365.70,524.81,21.97,67.92,1,-1,-1,-1
147,855,1697.00,569.00,39.00,119.00,1,-1,-1,-1
147,853,61.02,584.04,41.87,127.61,1,-1,-1,-1
148,860,1537.00,553.00,39.00,119.00,1,-1,-1,-1
148,855,1689.00,561.00,39.00,119.00,1,-1,-1,-1
149,860,1529.00,545.00,39.00,119.00,1,-1,-1,-1
149,855,1687.90,568.28,36.32,110.96,1,-1,-1,-1
149,853,40.40,582.10,48.25,146.74,1,-1,-1,-1
150,860,1529.00,553.00,39.00,119.00,1,-1,-1,-1
150,855,1681.00,561.00,39.00,119.00,1,-1,-1,-1
150,853,35.30,592.62,41.87,127.61,1,-1,-1,-1
151,860,1521.00,553.00,39.00,119.00,1,-1,-1,-1
152,860,1510.10,541.17,41.87,127.61,1,-1,-1,-1
153,860,1505.00,545.00,39.00,119.00,1,-1,-1,-1
154,860,1501.50,541.17,41.87,127.61,1,-1,-1,-1
155,860,1497.00,545.00,39.00,119.00,1,-1,-1,-1
156,860,1489.00,545.00,39.00,119.00,1,-1,-1,-1
156,856,1315.90,518.08,23.62,72.87,1,-1,-1,-1
157,860,1481.00,545.00,39.00,119.00,1,-1,-1,-1
158,860,1475.80,541.17,41.87,127.61,1,-1,-1,-1
159,860,1473.00,537.00,39.00,119.00,1,-1,-1,-1
160,860,1465.00,545.00,39.00,119.00,1,-1,-1,-1
161,860,1465.00,537.00,39.00,119.00,1,-1,-1,-1
162,860,1458.60,541.17,41.87,127.61,1,-1,-1,-1
163,860,1457.00,545.00,39.00,119.00,1,-1,-1,-1
164,860,1449.00,545.00,39.00,119.00,1,-1,-1,-1
165,860,1441.00,545.00,39.00,119.00,1,-1,-1,-1
166,860,1441.00,545.00,39.00,119.00,1,-1,-1,-1
167,860,1433.00,537.00,39.00,119.00,1,-1,-1,-1
168,860,1425.00,537.00,39.00,119.00,1,-1,-1,-1
169,860,1425.00,537.00,39.00,119.00,1,-1,-1,-1
170,860,1415.70,532.60,41.87,127.61,1,-1,-1,-1
171,860,1415.70,532.60,41.87,127.61,1,-1,-1,-1
172,860,1407.20,532.60,41.87,127.61,1,-1,-1,-1
173,860,1407.20,532.60,41.87,127.61,1,-1,-1,-1
174,860,1409.00,537.00,39.00,119.00,1,-1,-1,-1
175,860,1397.80,534.00,44.95,136.84,1,-1,-1,-1
176,860,1401.00,545.00,39.00,119.00,1,-1,-1,-1
177,860,1401.00,545.00,39.00,119.00,1,-1,-1,-1
178,860,1393.00,545.00,39.00,119.00,1,-1,-1,-1
179,860,1390.00,541.17,41.87,127.61,1,-1,-1,-1
180,860,1385.00,545.00,39.00,119.00,1,-1,-1,-1
181,860,1385.00,545.00,39.00,119.00,1,-1,-1,-1
182,860,1379.40,534.00,44.95,136.84,1,-1,-1,-1
182,855,1612.90,549.75,41.87,127.61,1,-1,-1,-1
183,860,1377.00,545.00,39.00,119.00,1,-1,-1,-1
183,855,1617.00,561.00,39.00,119.00,1,-1,-1,-1
184,860,1372.90,541.17,41.87,127.61,1,-1,-1,-1
184,855,1617.00,561.00,39.00,119.00,1,-1,-1,-1
185,863,1094.60,515.62,21.97,67.92,1,-1,-1,-1
185,860,1372.90,532.60,41.87,127.61,1,-1,-1,-1
185,855,1609.00,561.00,39.00,119.00,1,-1,-1,-1
186,862,1358.60,498.80,55.57,168.71,1,-1,-1,-1
186,860,1369.00,545.00,39.00,119.00,1,-1,-1,-1
186,855,1617.00,561.00,39.00,119.00,1,-1,-1,-1
187,862,1370.20,534.00,44.95,136.84,1,-1,-1,-1
187,855,1617.00,553.00,39.00,119.00,1,-1,-1,-1
188,860,1364.30,541.17,41.87,127.61,1,-1,-1,-1
188,855,1617.00,553.00,39.00,119.00,1,-1,-1,-1
189,860,1364.30,541.17,41.87,127.61,1,-1,-1,-1
189,855,1617.00,553.00,39.00,119.00,1,-1,-1,-1
190,860,1355.70,541.17,41.87,127.61,1,-1,-1,-1
190,855,1612.90,549.75,41.87,127.61,1,-1,-1,-1
191,860,1355.70,541.17,41.87,127.61,1,-1,-1,-1
191,855,1617.00,553.00,39.00,119.00,1,-1,-1,-1
192,860,1353.00,545.00,39.00,119.00,1,-1,-1,-1
192,855,1612.90,549.75,41.87,127.61,1,-1,-1,-1
193,862,1355.70,541.17,41.87,127.61,1,-1,-1,-1
193,855,1617.00,553.00,39.00,119.00,1,-1,-1,-1
194,862,1353.00,545.00,39.00,119.00,1,-1,-1,-1
194,855,1617.00,553.00,39.00,119.00,1,-1,-1,-1
195,860,1347.10,541.17,41.87,127.61,1,-1,-1,-1
195,855,1625.00,553.00,39.00,119.00,1,-1,-1,-1
196,862,1347.10,541.17,41.87,127.61,1,-1,-1,-1
196,861,1062.40,520.21,21.97,67.92,1,-1,-1,-1
196,855,1617.00,553.00,39.00,119.00,1,-1,-1,-1
197,862,1347.10,541.17,41.87,127.61,1,-1,-1,-1
197,861,1062.40,520.21,21.97,67.92,1,-1,-1,-1
197,855,1625.00,553.00,39.00,119.00,1,-1,-1,-1
198,860,1342.70,534.00,44.95,136.84,1,-1,-1,-1
198,855,1625.00,553.00,39.00,119.00,1,-1,-1,-1
199,861,1053.20,520.21,21.97,67.92,1,-1,-1,-1
199,860,1342.70,534.00,44.95,136.84,1,-1,-1,-1
199,855,1625.00,553.00,39.00,119.00,1,-1,-1,-1
200,860,1342.70,534.00,44.95,136.84,1,-1,-1,-1
200,855,1630.10,549.75,41.87,127.61,1,-1,-1,-1
201,860,1338.60,541.17,41.87,127.61,1,-1,-1,-1
201,855,1630.10,549.75,41.87,127.61,1,-1,-1,-1
202,862,1342.70,534.00,44.95,136.84,1,-1,-1,-1
202,855,1633.00,553.00,39.00,119.00,1,-1,-1,-1
203,862,1338.60,541.17,41.87,127.61,1,-1,-1,-1
203,855,1630.10,549.75,41.87,127.61,1,-1,-1,-1
204,862,1338.60,541.17,41.87,127.61,1,-1,-1,-1
204,855,1636.70,543.19,44.95,136.84,1,-1,-1,-1
205,862,1338.60,541.17,41.87,127.61,1,-1,-1,-1
205,855,1638.70,549.75,41.87,127.61,1,-1,-1,-1
206,860,1337.00,545.00,39.00,119.00,1,-1,-1,-1
206,855,1641.00,553.00,39.00,119.00,1,-1,-1,-1
207,860,1333.50,543.19,44.95,136.84,1,-1,-1,-1
207,855,1647.20,549.75,41.87,127.61,1,-1,-1,-1
208,860,1330.00,549.75,41.87,127.61,1,-1,-1,-1
208,855,1649.00,561.00,39.00,119.00,1,-1,-1,-1
209,862,1330.60,532.85,48.25,146.74,1,-1,-1,-1
209,855,1645.90,552.38,44.95,136.84,1,-1,-1,-1
210,864,1024.90,518.25,25.39,78.17,1,-1,-1,-1
210,863,1090.00,543.19,21.97,67.92,1,-1,-1,-1
210,862,1330.60,532.85,48.25,146.74,1,-1,-1,-1
210,855,1655.10,552.38,44.95,136.84,1,-1,-1,-1
211,866,879.85,532.60,20.43,63.31,1,-1,-1,-1
211,864,1025.60,524.81,21.97,67.92,1,-1,-1,-1
211,862,1333.50,543.19,44.95,136.84,1,-1,-1,-1
211,855,1655.80,558.32,41.87,127.61,1,-1,-1,-1
212,866,879.85,532.60,20.43,63.31,1,-1,-1,-1
212,862,1333.50,543.19,44.95,136.84,1,-1,-1,-1
212,855,1664.40,558.32,41.87,127.61,1,-1,-1,-1
213,866,878.61,529.40,21.97,67.92,1,-1,-1,-1
213,862,1333.50,543.19,44.95,136.84,1,-1,-1,-1
213,855,1664.40,558.32,41.87,127.61,1,-1,-1,-1
214,862,1333.50,543.19,44.95,136.84,1,-1,-1,-1
214,855,1673.00,558.32,41.87,127.61,1,-1,-1,-1
215,862,1333.50,543.19,44.95,136.84,1,-1,-1,-1
215,855,1673.50,552.38,44.95,136.84,1,-1,-1,-1
216,862,1333.50,552.38,44.95,136.84,1,-1,-1,-1
216,855,1682.70,552.38,44.95,136.84,1,-1,-1,-1
217,862,1338.60,558.32,41.87,127.61,1,-1,-1,-1
217,855,1682.70,552.38,44.95,136.84,1,-1,-1,-1
218,862,1338.60,558.32,41.87,127.61,1,-1,-1,-1
218,855,1691.90,552.38,44.95,136.84,1,-1,-1,-1
219,862,1342.70,552.38,44.95,136.84,1,-1,-1,-1
219,855,1701.10,552.38,44.95,136.84,1,-1,-1,-1
220,862,1342.70,552.38,44.95,136.84,1,-1,-1,-1
221,862,1340.50,542.70,48.25,146.74,1,-1,-1,-1
222,862,1347.10,549.75,41.87,127.61,1,-1,-1,-1
223,862,1350.30,542.70,48.25,146.74,1,-1,-1,-1
223,855,1721.00,569.00,39.00,119.00,1,-1,-1,-1
224,868,979.69,529.40,21.97,67.92,1,-1,-1,-1
224,863,1070.10,544.06,27.28,83.85,1,-1,-1,-1
224,862,1350.30,542.70,48.25,146.74,1,-1,-1,-1
225,863,1070.10,544.06,27.28,83.85,1,-1,-1,-1
225,862,1351.90,543.19,44.95,136.84,1,-1,-1,-1
225,855,1737.00,569.00,39.00,119.00,1,-1,-1,-1
226,862,1350.30,542.70,48.25,146.74,1,-1,-1,-1
226,855,1744.30,542.70,48.25,146.74,1,-1,-1,-1
227,862,1350.30,542.70,48.25,146.74,1,-1,-1,-1
227,855,1754.10,542.70,48.25,146.74,1,-1,-1,-1
228,862,1360.20,542.70,48.25,146.74,1,-1,-1,-1
228,860,1338.20,488.51,68.64,207.93,1,-1,-1,-1
228,855,1756.20,543.19,44.95,136.84,1,-1,-1,-1
229,862,1360.20,542.70,48.25,146.74,1,-1,-1,-1
229,855,1764.00,542.70,48.25,146.74,1,-1,-1,-1
230,863,1064.50,549.71,27.28,83.85,1,-1,-1,-1
230,862,1360.20,542.70,48.25,146.74,1,-1,-1,-1
230,855,1773.80,542.70,48.25,146.74,1,-1,-1,-1
231,863,1061.90,549.92,25.39,78.17,1,-1,-1,-1
231,862,1362.70,539.36,51.78,157.34,1,-1,-1,-1
231,855,1783.70,542.70,48.25,146.74,1,-1,-1,-1
232,862,1370.20,552.38,44.95,136.84,1,-1,-1,-1
232,855,1793.50,542.70,48.25,146.74,1,-1,-1,-1
233,862,1370.20,552.38,44.95,136.84,1,-1,-1,-1
233,860,1365.60,494.85,63.98,193.94,1,-1,-1,-1
233,855,1803.40,542.70,48.25,146.74,1,-1,-1,-1
234,868,980.99,527.93,23.62,72.87,1,-1,-1,-1
234,863,1062.00,540.60,29.31,89.94,1,-1,-1,-1
234,862,1370.00,542.70,48.25,146.74,1,-1,-1,-1
234,860,1359.50,478.71,73.64,222.93,1,-1,-1,-1
234,855,1813.20,542.70,48.25,146.74,1,-1,-1,-1
235,868,984.29,529.40,21.97,67.92,1,-1,-1,-1
235,862,1370.20,552.38,44.95,136.84,1,-1,-1,-1
235,855,1823.10,542.70,48.25,146.74,1,-1,-1,-1
236,862,1373.30,539.36,51.78,157.34,1,-1,-1,-1
236,855,1827.20,539.36,51.78,157.34,1,-1,-1,-1
237,863,1064.50,544.06,27.28,83.85,1,-1,-1,-1
237,862,1373.30,539.36,51.78,157.34,1,-1,-1,-1
237,855,1842.80,542.70,48.25,146.74,1,-1,-1,-1
238,862,1383.80,539.36,51.78,157.34,1,-1,-1,-1
238,855,1845.10,532.74,55.57,168.71,1,-1,-1,-1
239,869,321.00,445.00,19.00,59.00,1,-1,-1,-1
239,862,1383.80,539.36,51.78,157.34,1,-1,-1,-1
239,855,1858.90,528.80,51.78,157.34,1,-1,-1,-1
240,862,1392.60,532.74,55.57,168.71,1,-1,-1,-1
240,855,1875.70,543.19,44.95,136.84,1,-1,-1,-1
241,869,321.00,445.00,19.00,59.00,1,-1,-1,-1
241,862,1394.40,539.36,51.78,157.34,1,-1,-1,-1
242,862,1394.40,539.36,51.78,157.34,1,-1,-1,-1
243,862,1407.00,543.19,44.95,136.84,1,-1,-1,-1
243,860,1393.90,502.44,68.64,207.93,1,-1,-1,-1
244,862,1407.00,543.19,44.95,136.84,1,-1,-1,-1
245,860,1415.50,539.36,51.78,157.34,1,-1,-1,-1
246,862,1419.30,542.70,48.25,146.74,1,-1,-1,-1
247,862,1426.10,539.36,51.78,157.34,1,-1,-1,-1
248,862,1429.10,542.70,48.25,146.74,1,-1,-1,-1
249,862,1436.60,539.36,51.78,157.34,1,-1,-1,-1
250,872,924.55,529.40,21.97,67.92,1,-1,-1,-1
250,862,1437.80,532.74,55.57,168.71,1,-1,-1,-1
251,872,927.01,532.60,20.43,63.31,1,-1,-1,-1
251,862,1448.80,542.70,48.25,146.74,1,-1,-1,-1
251,860,1456.60,520.84,63.98,193.94,1,-1,-1,-1
252,872,931.30,532.60,20.43,63.31,1,-1,-1,-1
252,862,1457.70,539.36,51.78,157.34,1,-1,-1,-1
252,860,1449.10,493.64,73.64,222.93,1,-1,-1,-1
253,862,1457.70,539.36,51.78,157.34,1,-1,-1,-1
254,860,1468.20,522.41,59.63,180.89,1,-1,-1,-1
255,862,1464.00,493.64,73.64,222.93,1,-1,-1,-1
255,860,1478.80,539.36,51.78,157.34,1,-1,-1,-1
256,862,1495.50,520.84,63.98,193.94,1,-1,-1,-1
256,860,1488.20,542.70,48.25,146.74,1,-1,-1,-1
257,860,1494.40,532.74,55.57,168.71,1,-1,-1,-1
258,862,1478.40,414.66,97.49,294.47,1,-1,-1,-1
258,860,1505.70,532.74,55.57,168.71,1,-1,-1,-1
259,864,965.91,529.40,21.97,67.92,1,-1,-1,-1
259,860,1505.70,532.74,55.57,168.71,1,-1,-1,-1
260,860,1517.00,532.74,55.57,168.71,1,-1,-1,-1
261,868,978.46,532.60,20.43,63.31,1,-1,-1,-1
261,860,1528.40,532.74,55.57,168.71,1,-1,-1,-1
262,868,982.74,532.60,20.43,63.31,1,-1,-1,-1
263,868,987.03,532.60,20.43,63.31,1,-1,-1,-1
264,873,1201.40,515.45,41.87,127.61,1,-1,-1,-1
264,868,990.84,527.93,23.62,72.87,1,-1,-1,-1
265,873,1201.00,521.00,39.00,119.00,1,-1,-1,-1
266,873,1210.00,515.45,41.87,127.61,1,-1,-1,-1
267,873,1217.00,529.00,39.00,119.00,1,-1,-1,-1
268,864,957.02,515.45,20.43,63.31,1,-1,-1,-1
269,860,1547.50,585.82,63.98,193.94,1,-1,-1,-1
270,860,1565.20,595.16,59.63,180.89,1,-1,-1,-1
271,860,1586.50,585.82,63.98,193.94,1,-1,-1,-1
272,860,1599.50,598.82,63.98,193.94,1,-1,-1,-1
273,860,1616.70,586.01,68.64,207.93,1,-1,-1,-1
274,860,1628.20,583.21,73.64,222.93,1,-1,-1,-1
275,860,1644.60,586.01,68.64,207.93,1,-1,-1,-1
276,860,1658.50,599.94,68.64,207.93,1,-1,-1,-1
277,860,1681.00,593.00,79.00,239.00,1,-1,-1,-1
280,860,1729.00,609.00,79.00,239.00,1,-1,-1,-1
281,860,1745.00,593.00,79.00,239.00,1,-1,-1,-1
282,879,1732.00,544.06,55.57,168.71,1,-1,-1,-1
283,879,1742.50,533.84,63.98,193.94,1,-1,-1,-1
284,880,1249.00,553.00,39.00,119.00,1,-1,-1,-1
284,879,1759.20,546.66,59.63,180.89,1,-1,-1,-1
284,873,1297.00,537.00,39.00,119.00,1,-1,-1,-1
284,860,1809.00,609.00,79.00,239.00,1,-1,-1,-1
285,880,1257.00,553.00,39.00,119.00,1,-1,-1,-1
285,879,1771.40,546.66,59.63,180.89,1,-1,-1,-1
285,875,33.00,609.00,39.00,119.00,1,-1,-1,-1
285,873,1305.00,537.00,39.00,119.00,1,-1,-1,-1
285,860,1825.00,609.00,79.00,239.00,1,-1,-1,-1
286,880,1257.00,553.00,39.00,119.00,1,-1,-1,-1
286,879,1781.50,533.84,63.98,193.94,1,-1,-1,-1
286,875,43.87,601.19,41.87,127.61,1,-1,-1,-1
287,880,1265.00,553.00,39.00,119.00,1,-1,-1,-1
287,879,1795.60,546.66,59.63,180.89,1,-1,-1,-1
287,875,26.72,601.19,41.87,127.61,1,-1,-1,-1
288,880,1270.00,549.75,41.87,127.61,1,-1,-1,-1
288,879,1807.40,533.84,63.98,193.94,1,-1,-1,-1
289,880,1273.00,553.00,39.00,119.00,1,-1,-1,-1
289,879,1819.90,546.66,59.63,180.89,1,-1,-1,-1
289,875,33.00,609.00,39.00,119.00,1,-1,-1,-1
289,873,1321.00,537.00,39.00,119.00,1,-1,-1,-1
289,860,1818.70,515.45,84.74,256.23,1,-1,-1,-1
290,880,1281.00,553.00,39.00,119.00,1,-1,-1,-1
290,879,1825.70,530.29,68.64,207.93,1,-1,-1,-1
290,875,33.00,609.00,39.00,119.00,1,-1,-1,-1
290,873,1324.30,524.81,44.95,136.84,1,-1,-1,-1
291,880,1281.00,553.00,39.00,119.00,1,-1,-1,-1
291,879,1839.60,530.29,68.64,207.93,1,-1,-1,-1
291,875,37.76,607.51,44.95,136.84,1,-1,-1,-1
292,880,1289.00,553.00,39.00,119.00,1,-1,-1,-1
292,879,1859.40,546.83,63.98,193.94,1,-1,-1,-1
292,875,37.76,607.51,44.95,136.84,1,-1,-1,-1
292,873,1330.00,532.60,41.87,127.61,1,-1,-1,-1
293,881,61.02,609.77,41.87,127.61,1,-1,-1,-1
293,879,1872.40,546.83,63.98,193.94,1,-1,-1,-1
293,875,41.00,617.00,39.00,119.00,1,-1,-1,-1
294,880,1295.70,558.32,41.87,127.61,1,-1,-1,-1
294,875,41.00,617.00,39.00,119.00,1,-1,-1,-1
295,884,1369.00,545.00,39.00,119.00,1,-1,-1,-1
295,883,215.35,609.77,41.87,127.61,1,-1,-1,-1
295,880,1305.00,561.00,39.00,119.00,1,-1,-1,-1
295,875,41.00,617.00,39.00,119.00,1,-1,-1,-1
296,875,41.00,617.00,39.00,119.00,1,-1,-1,-1
296,873,1347.10,541.17,41.87,127.61,1,-1,-1,-1
297,881,56.14,607.51,44.95,136.84,1,-1,-1,-1
298,883,215.35,609.77,41.87,127.61,1,-1,-1,-1
298,881,56.14,607.51,44.95,136.84,1,-1,-1,-1
298,875,41.00,617.00,39.00,119.00,1,-1,-1,-1
299,875,41.00,617.00,39.00,119.00,1,-1,-1,-1
300,885,1398.60,549.75,41.87,127.61,1,-1,-1,-1
300,875,41.00,625.00,39.00,119.00,1,-1,-1,-1
301,885,1409.00,553.00,39.00,119.00,1,-1,-1,-1
301,875,43.87,618.34,41.87,127.61,1,-1,-1,-1
302,885,1407.20,549.75,41.87,127.61,1,-1,-1,-1
302,875,43.87,618.34,41.87,127.61,1,-1,-1,-1
303,881,65.00,633.00,39.00,119.00,1,-1,-1,-1
303,875,41.00,625.00,39.00,119.00,1,-1,-1,-1
304,875,40.40,611.65,48.25,146.74,1,-1,-1,-1
305,887,1617.00,521.00,39.00,119.00,1,-1,-1,-1
305,881,65.00,641.00,39.00,119.00,1,-1,-1,-1
305,875,37.76,625.89,44.95,136.84,1,-1,-1,-1
306,887,1625.00,529.00,39.00,119.00,1,-1,-1,-1
307,887,1633.00,529.00,39.00,119.00,1,-1,-1,-1
307,881,65.00,641.00,39.00,119.00,1,-1,-1,-1
308,875,35.30,635.49,41.87,127.61,1,-1,-1,-1
308,873,1338.60,515.45,41.87,127.61,1,-1,-1,-1
309,887,1649.00,529.00,39.00,119.00,1,-1,-1,-1
309,883,221.55,625.89,44.95,136.84,1,-1,-1,-1
309,881,65.00,641.00,39.00,119.00,1,-1,-1,-1
309,873,1342.70,515.62,44.95,136.84,1,-1,-1,-1
310,887,1657.00,537.00,39.00,119.00,1,-1,-1,-1
310,883,223.93,635.49,41.87,127.61,1,-1,-1,-1
310,875,35.30,635.49,41.87,127.61,1,-1,-1,-1
311,883,223.93,635.49,41.87,127.61,1,-1,-1,-1
311,881,61.02,644.06,41.87,127.61,1,-1,-1,-1
311,875,35.30,635.49,41.87,127.61,1,-1,-1,-1
312,887,1673.00,532.60,41.87,127.61,1,-1,-1,-1
312,883,223.93,635.49,41.87,127.61,1,-1,-1,-1
312,881,61.02,644.06,41.87,127.61,1,-1,-1,-1
312,875,35.30,635.49,41.87,127.61,1,-1,-1,-1
313,883,221.55,635.08,44.95,136.84,1,-1,-1,-1
313,875,28.57,635.08,44.95,136.84,1,-1,-1,-1
314,883,221.55,635.08,44.95,136.84,1,-1,-1,-1
314,880,1379.90,591.95,48.25,146.74,1,-1,-1,-1
315,883,221.55,635.08,44.95,136.84,1,-1,-1,-1
315,880,1389.70,591.95,48.25,146.74,1,-1,-1,-1
315,875,30.55,631.35,48.25,146.74,1,-1,-1,-1
316,883,217.68,631.35,48.25,146.74,1,-1,-1,-1
316,881,57.00,657.00,39.00,119.00,1,-1,-1,-1
316,880,1389.70,591.95,48.25,146.74,1,-1,-1,-1
317,883,221.55,635.08,44.95,136.84,1,-1,-1,-1
317,881,57.00,657.00,39.00,119.00,1,-1,-1,-1
317,880,1389.70,591.95,48.25,146.74,1,-1,-1,-1
317,875,28.57,644.27,44.95,136.84,1,-1,-1,-1
318,883,217.68,631.35,48.25,146.74,1,-1,-1,-1
318,881,52.45,652.64,41.87,127.61,1,-1,-1,-1
318,880,1397.80,598.32,44.95,136.84,1,-1,-1,-1
318,875,28.57,644.27,44.95,136.84,1,-1,-1,-1
319,888,1517.30,589.13,44.95,136.84,1,-1,-1,-1
319,883,221.55,644.27,44.95,136.84,1,-1,-1,-1
319,881,49.00,657.00,39.00,119.00,1,-1,-1,-1
319,880,1399.60,601.80,48.25,146.74,1,-1,-1,-1
319,875,19.38,644.27,44.95,136.84,1,-1,-1,-1
320,888,1521.00,593.00,39.00,119.00,1,-1,-1,-1
320,883,221.55,644.27,44.95,136.84,1,-1,-1,-1
320,881,49.00,657.00,39.00,119.00,1,-1,-1,-1
321,888,1526.50,589.13,44.95,136.84,1,-1,-1,-1
321,883,217.68,641.20,48.25,146.74,1,-1,-1,-1
321,881,43.87,652.64,41.87,127.61,1,-1,-1,-1
321,875,19.38,644.27,44.95,136.84,1,-1,-1,-1
322,888,1535.70,589.13,44.95,136.84,1,-1,-1,-1
322,883,212.12,634.36,51.78,157.34,1,-1,-1,-1
322,875,10.85,641.20,48.25,146.74,1,-1,-1,-1
323,888,1535.70,589.13,44.95,136.84,1,-1,-1,-1
323,883,212.12,634.36,51.78,157.34,1,-1,-1,-1
323,881,41.00,657.00,39.00,119.00,1,-1,-1,-1
323,875,10.85,641.20,48.25,146.74,1,-1,-1,-1
324,888,1535.80,592.62,41.87,127.61,1,-1,-1,-1
324,883,217.68,631.35,48.25,146.74,1,-1,-1,-1
324,881,35.30,652.64,41.87,127.61,1,-1,-1,-1
324,875,10.19,644.27,44.95,136.84,1,-1,-1,-1
325,888,1547.30,591.95,48.25,146.74,1,-1,-1,-1
325,883,212.12,634.36,51.78,157.34,1,-1,-1,-1
325,875,10.85,641.20,48.25,146.74,1,-1,-1,-1
326,888,1554.00,598.32,44.95,136.84,1,-1,-1,-1
326,884,1373.30,571.03,51.78,157.34,1,-1,-1,-1
326,883,212.12,634.36,51.78,157.34,1,-1,-1,-1
326,875,1.00,634.36,51.78,157.34,1,-1,-1,-1
327,888,1554.00,589.13,44.95,136.84,1,-1,-1,-1
327,887,1785.00,537.00,39.00,119.00,1,-1,-1,-1
327,884,1370.00,566.69,55.57,168.71,1,-1,-1,-1
327,883,212.36,635.08,44.95,136.84,1,-1,-1,-1
327,881,33.00,665.00,39.00,119.00,1,-1,-1,-1
328,888,1557.20,591.95,48.25,146.74,1,-1,-1,-1
328,883,201.57,634.36,51.78,157.34,1,-1,-1,-1
328,881,19.38,653.46,44.95,136.84,1,-1,-1,-1
328,880,1426.10,602.70,51.78,157.34,1,-1,-1,-1
329,888,1563.30,581.58,51.78,157.34,1,-1,-1,-1
329,887,1801.00,537.00,39.00,119.00,1,-1,-1,-1
329,884,1370.00,566.69,55.57,168.71,1,-1,-1,-1
329,883,201.57,634.36,51.78,157.34,1,-1,-1,-1
329,881,19.38,653.46,44.95,136.84,1,-1,-1,-1
329,880,1426.10,602.70,51.78,157.34,1,-1,-1,-1
330,888,1562.30,578.00,55.57,168.71,1,-1,-1,-1
330,887,1809.00,537.00,39.00,119.00,1,-1,-1,-1
330,884,1373.30,571.03,51.78,157.34,1,-1,-1,-1
330,883,191.01,634.36,51.78,157.34,1,-1,-1,-1
330,881,10.19,644.27,44.95,136.84,1,-1,-1,-1
331,888,1567.00,591.95,48.25,146.74,1,-1,-1,-1
331,887,1811.30,524.81,44.95,136.84,1,-1,-1,-1
331,884,1373.30,560.47,51.78,157.34,1,-1,-1,-1
331,883,191.01,634.36,51.78,157.34,1,-1,-1,-1
331,881,10.19,644.27,44.95,136.84,1,-1,-1,-1
331,880,1426.50,600.63,55.57,168.71,1,-1,-1,-1
332,888,1573.90,581.58,51.78,157.34,1,-1,-1,-1
332,887,1818.70,532.60,41.87,127.61,1,-1,-1,-1
332,883,182.02,623.25,55.57,168.71,1,-1,-1,-1
332,880,1436.60,592.14,51.78,157.34,1,-1,-1,-1
332,875,1.00,644.27,44.95,136.84,1,-1,-1,-1
333,888,1573.60,578.00,55.57,168.71,1,-1,-1,-1
333,887,1818.70,524.03,41.87,127.61,1,-1,-1,-1
333,883,191.01,623.81,51.78,157.34,1,-1,-1,-1
333,880,1436.60,592.14,51.78,157.34,1,-1,-1,-1
334,887,1829.70,515.62,44.95,136.84,1,-1,-1,-1
334,883,180.45,623.81,51.78,157.34,1,-1,-1,-1
335,887,1829.70,515.62,44.95,136.84,1,-1,-1,-1
335,883,180.45,623.81,51.78,157.34,1,-1,-1,-1
335,880,1437.80,589.31,55.57,168.71,1,-1,-1,-1
336,887,1835.90,515.45,41.87,127.61,1,-1,-1,-1
336,884,1338.60,481.15,84.74,256.23,1,-1,-1,-1
336,883,170.71,623.25,55.57,168.71,1,-1,-1,-1
337,887,1848.10,515.62,44.95,136.84,1,-1,-1,-1
337,883,169.90,634.36,51.78,157.34,1,-1,-1,-1
338,888,1577.30,570.91,59.63,180.89,1,-1,-1,-1
338,887,1844.50,515.45,41.87,127.61,1,-1,-1,-1
338,884,1359.10,546.66,59.63,180.89,1,-1,-1,-1
338,883,169.90,634.36,51.78,157.34,1,-1,-1,-1
339,888,1573.50,572.83,63.98,193.94,1,-1,-1,-1
339,887,1848.10,515.62,44.95,136.84,1,-1,-1,-1
339,884,1362.70,560.47,51.78,157.34,1,-1,-1,-1
339,883,159.34,634.36,51.78,157.34,1,-1,-1,-1
339,880,1437.80,600.63,55.57,168.71,1,-1,-1,-1
340,888,1573.50,572.83,63.98,193.94,1,-1,-1,-1
340,887,1861.60,515.45,41.87,127.61,1,-1,-1,-1
340,884,1359.10,558.78,59.63,180.89,1,-1,-1,-1
340,883,159.39,634.57,55.57,168.71,1,-1,-1,-1
340,880,1444.00,595.16,59.63,180.89,1,-1,-1,-1
341,887,1866.50,515.62,44.95,136.84,1,-1,-1,-1
341,884,1358.60,566.69,55.57,168.71,1,-1,-1,-1
341,883,148.08,634.57,55.57,168.71,1,-1,-1,-1
342,884,1358.60,566.69,55.57,168.71,1,-1,-1,-1
342,883,146.51,631.54,59.63,180.89,1,-1,-1,-1
342,880,1444.00,607.29,59.63,180.89,1,-1,-1,-1
342,873,1341.60,507.69,51.78,157.34,1,-1,-1,-1
343,884,1358.60,578.00,55.57,168.71,1,-1,-1,-1
343,883,148.78,655.48,51.78,157.34,1,-1,-1,-1
343,880,1444.00,619.41,59.63,180.89,1,-1,-1,-1
344,883,138.23,655.48,51.78,157.34,1,-1,-1,-1
344,880,1443.60,611.81,63.98,193.94,1,-1,-1,-1
345,883,134.38,655.79,59.63,180.89,1,-1,-1,-1
345,880,1443.60,624.81,63.98,193.94,1,-1,-1,-1
346,883,125.45,668.51,55.57,168.71,1,-1,-1,-1
346,880,1443.60,624.81,63.98,193.94,1,-1,-1,-1
347,883,114.14,668.51,55.57,168.71,1,-1,-1,-1
347,880,1443.60,624.81,63.98,193.94,1,-1,-1,-1
348,883,114.14,668.51,55.57,168.71,1,-1,-1,-1
348,880,1444.00,643.66,59.63,180.89,1,-1,-1,-1
349,888,1577.30,619.41,59.63,180.89,1,-1,-1,-1
349,883,114.14,668.51,55.57,168.71,1,-1,-1,-1
349,880,1443.60,637.81,63.98,193.94,1,-1,-1,-1
350,883,98.01,667.92,59.63,180.89,1,-1,-1,-1
350,880,1456.10,643.66,59.63,180.89,1,-1,-1,-1
351,888,1586.50,624.81,63.98,193.94,1,-1,-1,-1
351,883,98.01,667.92,59.63,180.89,1,-1,-1,-1
351,880,1456.60,637.81,63.98,193.94,1,-1,-1,-1
352,888,1588.90,613.87,68.64,207.93,1,-1,-1,-1
352,883,91.51,679.82,55.57,168.71,1,-1,-1,-1
352,880,1456.60,650.80,63.98,193.94,1,-1,-1,-1
353,888,1588.90,613.87,68.64,207.93,1,-1,-1,-1
353,883,85.88,680.04,59.63,180.89,1,-1,-1,-1
353,880,1456.10,655.79,59.63,180.89,1,-1,-1,-1
354,890,1391.60,598.82,63.98,193.94,1,-1,-1,-1
354,888,1589.50,631.54,59.63,180.89,1,-1,-1,-1
354,883,80.20,679.82,55.57,168.71,1,-1,-1,-1
354,880,1456.60,663.80,63.98,193.94,1,-1,-1,-1
355,890,1380.00,599.94,68.64,207.93,1,-1,-1,-1
355,888,1589.50,643.66,59.63,180.89,1,-1,-1,-1
355,883,85.45,697.70,51.78,157.34,1,-1,-1,-1
355,880,1456.60,663.80,63.98,193.94,1,-1,-1,-1
356,890,1377.00,577.00,79.00,239.00,1,-1,-1,-1
356,888,1586.50,637.81,63.98,193.94,1,-1,-1,-1
356,883,73.75,680.04,59.63,180.89,1,-1,-1,-1
356,880,1449.60,655.65,68.64,207.93,1,-1,-1,-1
357,890,1380.00,599.94,68.64,207.93,1,-1,-1,-1
357,888,1584.40,655.48,51.78,157.34,1,-1,-1,-1
357,883,61.63,680.04,59.63,180.89,1,-1,-1,-1
357,880,1449.60,655.65,68.64,207.93,1,-1,-1,-1
358,891,109.34,680.59,48.25,146.74,1,-1,-1,-1
358,890,1380.00,599.94,68.64,207.93,1,-1,-1,-1
358,888,1584.90,657.20,55.57,168.71,1,-1,-1,-1
358,883,52.98,676.79,63.98,193.94,1,-1,-1,-1
358,880,1449.60,655.65,68.64,207.93,1,-1,-1,-1
359,891,96.00,676.59,51.78,157.34,1,-1,-1,-1
359,890,1378.60,611.81,63.98,193.94,1,-1,-1,-1
359,888,1589.50,667.92,59.63,180.89,1,-1,-1,-1
359,883,49.50,680.04,59.63,180.89,1,-1,-1,-1
359,880,1449.60,669.58,68.64,207.93,1,-1,-1,-1
360,891,96.00,676.59,51.78,157.34,1,-1,-1,-1
360,890,1378.60,624.81,63.98,193.94,1,-1,-1,-1
360,888,1586.50,663.80,63.98,193.94,1,-1,-1,-1
360,884,1347.00,619.41,59.63,180.89,1,-1,-1,-1
360,883,39.99,676.79,63.98,193.94,1,-1,-1,-1
360,880,1449.60,669.58,68.64,207.93,1,-1,-1,-1
361,891,85.45,676.59,51.78,157.34,1,-1,-1,-1
361,890,1374.40,613.07,73.64,222.93,1,-1,-1,-1
361,888,1575.00,655.65,68.64,207.93,1,-1,-1,-1
361,883,37.38,692.17,59.63,180.89,1,-1,-1,-1
361,880,1449.10,672.78,73.64,222.93,1,-1,-1,-1
362,891,80.20,679.82,55.57,168.71,1,-1,-1,-1
362,890,1378.60,624.81,63.98,193.94,1,-1,-1,-1
362,883,25.25,692.17,59.63,180.89,1,-1,-1,-1
362,880,1463.50,683.51,68.64,207.93,1,-1,-1,-1
363,892,1279.40,464.86,55.57,168.71,1,-1,-1,-1
363,891,74.89,687.14,51.78,157.34,1,-1,-1,-1
363,890,1366.00,627.80,68.64,207.93,1,-1,-1,-1
363,883,14.93,683.51,68.64,207.93,1,-1,-1,-1
363,880,1463.50,683.51,68.64,207.93,1,-1,-1,-1
364,890,1365.60,637.81,63.98,193.94,1,-1,-1,-1
364,888,1577.30,680.04,59.63,180.89,1,-1,-1,-1
364,883,14.00,689.79,63.98,193.94,1,-1,-1,-1
365,891,57.57,691.14,55.57,168.71,1,-1,-1,-1
365,890,1366.00,627.80,68.64,207.93,1,-1,-1,-1
365,888,1584.90,691.14,55.57,168.71,1,-1,-1,-1
365,880,1463.50,697.44,68.64,207.93,1,-1,-1,-1
366,891,46.26,691.14,55.57,168.71,1,-1,-1,-1
366,890,1366.00,641.73,68.64,207.93,1,-1,-1,-1
366,880,1457.00,689.00,79.00,239.00,1,-1,-1,-1
367,890,1366.00,641.73,68.64,207.93,1,-1,-1,-1
367,888,1569.00,657.00,79.00,239.00,1,-1,-1,-1
367,884,1331.10,644.92,51.78,157.34,1,-1,-1,-1
367,880,1464.00,702.64,73.64,222.93,1,-1,-1,-1
368,891,34.94,702.45,55.57,168.71,1,-1,-1,-1
368,890,1345.00,625.00,79.00,239.00,1,-1,-1,-1
368,888,1575.00,683.51,68.64,207.93,1,-1,-1,-1
368,884,1324.70,645.88,55.57,168.71,1,-1,-1,-1
368,880,1457.00,705.00,79.00,239.00,1,-1,-1,-1
369,890,1345.00,625.00,79.00,239.00,1,-1,-1,-1
369,888,1568.50,672.78,73.64,222.93,1,-1,-1,-1
369,884,1324.70,645.88,55.57,168.71,1,-1,-1,-1
369,880,1464.00,717.57,73.64,222.93,1,-1,-1,-1
370,890,1359.50,642.93,73.64,222.93,1,-1,-1,-1
370,884,1322.70,643.66,59.63,180.89,1,-1,-1,-1
370,880,1464.00,717.57,73.64,222.93,1,-1,-1,-1
371,891,12.31,713.76,55.57,168.71,1,-1,-1,-1
371,890,1359.50,642.93,73.64,222.93,1,-1,-1,-1
371,884,1314.70,642.93,73.64,222.93,1,-1,-1,-1
371,880,1463.50,725.30,68.64,207.93,1,-1,-1,-1
372,893,1457.00,585.00,39.00,119.00,1,-1,-1,-1
372,890,1345.00,641.00,79.00,239.00,1,-1,-1,-1
372,880,1457.00,721.00,79.00,239.00,1,-1,-1,-1
373,890,1359.50,642.93,73.64,222.93,1,-1,-1,-1
373,888,1569.00,689.00,79.00,239.00,1,-1,-1,-1
373,880,1457.00,721.00,79.00,239.00,1,-1,-1,-1
374,893,1458.60,575.47,41.87,127.61,1,-1,-1,-1
374,890,1345.00,641.00,79.00,239.00,1,-1,-1,-1
374,880,1457.00,721.00,79.00,239.00,1,-1,-1,-1
375,893,1457.00,577.00,39.00,119.00,1,-1,-1,-1
375,890,1355.70,635.49,84.74,256.23,1,-1,-1,-1
375,888,1553.00,689.00,79.00,239.00,1,-1,-1,-1
375,880,1458.60,721.23,84.74,256.23,1,-1,-1,-1
376,893,1458.60,575.47,41.87,127.61,1,-1,-1,-1
376,890,1345.00,641.00,79.00,239.00,1,-1,-1,-1
376,888,1553.00,689.00,79.00,239.00,1,-1,-1,-1
376,880,1458.60,721.23,84.74,256.23,1,-1,-1,-1
377,893,1457.00,577.00,39.00,119.00,1,-1,-1,-1
377,888,1537.00,689.00,79.00,239.00,1,-1,-1,-1
377,880,1458.60,721.23,84.74,256.23,1,-1,-1,-1
378,890,1345.00,641.00,79.00,239.00,1,-1,-1,-1
378,888,1537.00,689.00,79.00,239.00,1,-1,-1,-1
378,880,1457.00,737.00,79.00,239.00,1,-1,-1,-1
379,888,1537.00,689.00,79.00,239.00,1,-1,-1,-1
379,880,1453.00,717.79,90.90,274.69,1,-1,-1,-1
380,888,1537.00,689.00,79.00,239.00,1,-1,-1,-1
380,880,1453.00,717.79,90.90,274.69,1,-1,-1,-1
380,873,1377.00,561.00,39.00,119.00,1,-1,-1,-1
381,888,1537.00,689.00,79.00,239.00,1,-1,-1,-1
381,884,1304.30,635.49,84.74,256.23,1,-1,-1,-1
381,880,1457.00,737.00,79.00,239.00,1,-1,-1,-1
382,895,1714.80,591.95,48.25,146.74,1,-1,-1,-1
382,888,1537.00,689.00,79.00,239.00,1,-1,-1,-1
382,884,1304.30,635.49,84.74,256.23,1,-1,-1,-1
382,880,1441.50,738.38,84.74,256.23,1,-1,-1,-1
382,873,1397.80,570.75,44.95,136.84,1,-1,-1,-1
383,888,1521.00,689.00,79.00,239.00,1,-1,-1,-1
383,884,1304.30,635.49,84.74,256.23,1,-1,-1,-1
383,880,1441.50,738.38,84.74,256.23,1,-1,-1,-1
383,873,1398.60,566.90,41.87,127.61,1,-1,-1,-1
384,895,1715.80,609.77,41.87,127.61,1,-1,-1,-1
384,888,1537.00,689.00,79.00,239.00,1,-1,-1,-1
384,884,1281.40,611.65,97.49,294.47,1,-1,-1,-1
384,880,1441.50,738.38,84.74,256.23,1,-1,-1,-1
384,873,1389.70,562.40,48.25,146.74,1,-1,-1,-1
385,888,1527.20,686.94,84.74,256.23,1,-1,-1,-1
385,884,1296.40,641.73,68.64,207.93,1,-1,-1,-1
385,880,1434.60,736.17,90.90,274.69,1,-1,-1,-1
385,873,1388.60,561.56,44.95,136.84,1,-1,-1,-1
386,894,508.57,433.93,73.64,222.93,1,-1,-1,-1
386,888,1527.20,686.94,84.74,256.23,1,-1,-1,-1
386,884,1284.90,642.93,73.64,222.93,1,-1,-1,-1
386,880,1441.00,753.00,79.00,239.00,1,-1,-1,-1
386,873,1390.00,566.90,41.87,127.61,1,-1,-1,-1
387,895,1724.60,591.95,48.25,146.74,1,-1,-1,-1
387,888,1521.00,689.00,79.00,239.00,1,-1,-1,-1
387,884,1269.20,625.89,90.90,274.69,1,-1,-1,-1
387,880,1434.60,736.17,90.90,274.69,1,-1,-1,-1
387,873,1379.40,561.56,44.95,136.84,1,-1,-1,-1
388,896,1226.70,641.73,68.64,207.93,1,-1,-1,-1
388,888,1510.10,686.94,84.74,256.23,1,-1,-1,-1
388,880,1424.30,755.53,84.74,256.23,1,-1,-1,-1
388,873,1381.40,566.90,41.87,127.61,1,-1,-1,-1
389,896,1225.10,642.93,73.64,222.93,1,-1,-1,-1
389,888,1473.00,721.00,79.00,239.00,1,-1,-1,-1
389,880,1419.30,749.54,97.49,294.47,1,-1,-1,-1
389,873,1377.00,569.00,39.00,119.00,1,-1,-1,-1
390,896,1217.00,641.00,79.00,239.00,1,-1,-1,-1
390,888,1473.00,721.00,79.00,239.00,1,-1,-1,-1
390,880,1416.20,754.55,90.90,274.69,1,-1,-1,-1
390,873,1369.00,569.00,39.00,119.00,1,-1,-1,-1
391,896,1201.00,641.00,79.00,239.00,1,-1,-1,-1
391,888,1473.00,721.00,79.00,239.00,1,-1,-1,-1
391,880,1416.20,754.55,90.90,274.69,1,-1,-1,-1
391,873,1364.30,566.90,41.87,127.61,1,-1,-1,-1
392,896,1201.00,641.00,79.00,239.00,1,-1,-1,-1
392,888,1457.00,721.00,79.00,239.00,1,-1,-1,-1
392,880,1407.20,755.53,84.74,256.23,1,-1,-1,-1
392,873,1361.10,561.56,44.95,136.84,1,-1,-1,-1
393,896,1185.00,641.00,79.00,239.00,1,-1,-1,-1
393,880,1399.60,749.54,97.49,294.47,1,-1,-1,-1
394,896,1180.40,657.86,73.64,222.93,1,-1,-1,-1
394,890,1249.00,577.00,159.00,479.00,1,-1,-1,-1
394,880,1397.80,772.93,90.90,274.69,1,-1,-1,-1
394,873,1342.70,561.56,44.95,136.84,1,-1,-1,-1
395,895,1732.00,600.63,55.57,168.71,1,-1,-1,-1
395,880,1379.90,769.23,97.49,294.47,1,-1,-1,-1
395,873,1337.00,569.00,39.00,119.00,1,-1,-1,-1
396,888,1409.00,721.00,79.00,239.00,1,-1,-1,-1
396,880,1379.90,769.23,97.49,294.47,1,-1,-1,-1
396,873,1330.60,562.40,48.25,146.74,1,-1,-1,-1
397,896,1153.00,657.00,79.00,239.00,1,-1,-1,-1
397,880,1360.20,769.23,97.49,294.47,1,-1,-1,-1
397,873,1321.40,558.32,41.87,127.61,1,-1,-1,-1
398,896,1132.80,652.64,84.74,256.23,1,-1,-1,-1
398,895,1716.50,585.82,63.98,193.94,1,-1,-1,-1
398,880,1360.20,769.23,97.49,294.47,1,-1,-1,-1
398,873,1312.90,558.32,41.87,127.61,1,-1,-1,-1
399,896,1121.00,657.00,79.00,239.00,1,-1,-1,-1
399,895,1710.70,595.16,59.63,180.89,1,-1,-1,-1
399,880,1340.50,769.23,97.49,294.47,1,-1,-1,-1
399,873,1305.00,569.00,39.00,119.00,1,-1,-1,-1
400,896,1115.60,652.64,84.74,256.23,1,-1,-1,-1
400,895,1703.50,585.82,63.98,193.94,1,-1,-1,-1
400,873,1297.00,569.00,39.00,119.00,1,-1,-1,-1
401,895,1700.30,586.01,68.64,207.93,1,-1,-1,-1
401,873,1289.00,569.00,39.00,119.00,1,-1,-1,-1
402,895,1686.40,586.01,68.64,207.93,1,-1,-1,-1
402,880,1301.10,788.93,97.49,294.47,1,-1,-1,-1
402,873,1270.00,558.32,41.87,127.61,1,-1,-1,-1
403,896,1084.40,631.35,97.49,294.47,1,-1,-1,-1
403,893,1447.20,549.92,51.78,157.34,1,-1,-1,-1
403,880,1301.10,788.93,97.49,294.47,1,-1,-1,-1
403,873,1265.00,561.00,39.00,119.00,1,-1,-1,-1
404,896,1077.70,655.48,104.56,315.68,1,-1,-1,-1
404,893,1439.00,552.55,48.25,146.74,1,-1,-1,-1
404,873,1257.00,561.00,39.00,119.00,1,-1,-1,-1
405,896,1064.70,651.04,97.49,294.47,1,-1,-1,-1
405,893,1426.10,549.92,51.78,157.34,1,-1,-1,-1
405,873,1244.30,558.32,41.87,127.61,1,-1,-1,-1
406,896,1045.00,651.04,97.49,294.47,1,-1,-1,-1
406,893,1419.30,552.55,48.25,146.74,1,-1,-1,-1
406,873,1233.00,561.00,39.00,119.00,1,-1,-1,-1
407,899,1213.60,510.28,59.63,180.89,1,-1,-1,-1
407,896,1030.20,662.65,90.90,274.69,1,-1,-1,-1
407,893,1403.90,544.06,55.57,168.71,1,-1,-1,-1
407,873,1217.00,561.00,39.00,119.00,1,-1,-1,-1
408,896,1011.90,662.65,90.90,274.69,1,-1,-1,-1
408,893,1394.40,549.92,51.78,157.34,1,-1,-1,-1
408,873,1209.00,561.00,39.00,119.00,1,-1,-1,-1
409,896,985.92,651.04,97.49,294.47,1,-1,-1,-1
409,893,1381.30,544.06,55.57,168.71,1,-1,-1,-1
409,873,1193.00,561.00,39.00,119.00,1,-1,-1,-1
410,896,956.72,662.65,90.90,274.69,1,-1,-1,-1
410,873,1177.00,561.00,39.00,119.00,1,-1,-1,-1
411,896,929.93,655.48,104.56,315.68,1,-1,-1,-1
411,873,1169.00,561.00,39.00,119.00,1,-1,-1,-1
412,896,907.12,670.74,97.49,294.47,1,-1,-1,-1
412,893,1350.30,552.55,48.25,146.74,1,-1,-1,-1
412,873,1153.00,561.00,39.00,119.00,1,-1,-1,-1
413,896,887.42,670.74,97.49,294.47,1,-1,-1,-1
413,873,1137.00,561.00,39.00,119.00,1,-1,-1,-1
414,896,864.82,681.03,90.90,274.69,1,-1,-1,-1
414,893,1320.50,549.92,51.78,157.34,1,-1,-1,-1
414,873,1129.00,561.00,39.00,119.00,1,-1,-1,-1
415,900,1064.20,519.74,20.43,63.31,1,-1,-1,-1
415,896,828.33,670.74,97.49,294.47,1,-1,-1,-1
415,873,1113.00,561.00,39.00,119.00,1,-1,-1,-1
416,900,1051.30,519.74,20.43,63.31,1,-1,-1,-1
416,896,808.63,670.74,97.49,294.47,1,-1,-1,-1
416,873,1097.00,561.00,39.00,119.00,1,-1,-1,-1
417,900,1037.00,521.00,19.00,59.00,1,-1,-1,-1
417,896,788.93,670.74,97.49,294.47,1,-1,-1,-1
417,873,1081.00,561.00,39.00,119.00,1,-1,-1,-1
418,901,1557.20,621.50,48.25,146.74,1,-1,-1,-1
418,900,1021.30,519.74,20.43,63.31,1,-1,-1,-1
418,896,769.23,670.74,97.49,294.47,1,-1,-1,-1
419,902,717.57,568.28,148.29,446.86,1,-1,-1,-1
419,896,749.54,670.74,97.49,294.47,1,-1,-1,-1
419,873,1045.00,542.70,48.25,146.74,1,-1,-1,-1
420,896,710.14,690.44,97.49,294.47,1,-1,-1,-1
420,873,1029.90,549.75,41.87,127.61,1,-1,-1,-1
421,899,1081.00,553.00,39.00,119.00,1,-1,-1,-1
421,896,676.59,676.59,104.56,315.68,1,-1,-1,-1
421,873,1012.80,549.75,41.87,127.61,1,-1,-1,-1
422,896,651.04,690.44,97.49,294.47,1,-1,-1,-1
422,873,993.00,553.00,39.00,119.00,1,-1,-1,-1
423,896,611.65,690.44,97.49,294.47,1,-1,-1,-1
423,873,975.10,543.19,44.95,136.84,1,-1,-1,-1
424,896,572.25,690.44,97.49,294.47,1,-1,-1,-1
424,873,952.73,549.75,41.87,127.61,1,-1,-1,-1
425,896,549.75,704.08,84.74,256.23,1,-1,-1,-1
425,873,935.59,541.17,41.87,127.61,1,-1,-1,-1
426,896,498.80,679.82,112.14,338.41,1,-1,-1,-1
426,895,1658.50,572.08,68.64,207.93,1,-1,-1,-1
426,873,918.44,549.75,41.87,127.61,1,-1,-1,-1
427,896,465.47,697.70,104.56,315.68,1,-1,-1,-1
427,873,897.00,553.00,39.00,119.00,1,-1,-1,-1
428,896,413.27,680.04,120.26,362.77,1,-1,-1,-1
428,895,1616.70,572.08,68.64,207.93,1,-1,-1,-1
428,873,875.57,549.75,41.87,127.61,1,-1,-1,-1
429,904,849.80,546.66,59.63,180.89,1,-1,-1,-1
429,899,1055.60,549.75,41.87,127.61,1,-1,-1,-1
429,896,385.67,702.45,112.14,338.41,1,-1,-1,-1
429,873,857.00,553.00,39.00,119.00,1,-1,-1,-1
430,904,819.75,546.83,63.98,193.94,1,-1,-1,-1
430,896,338.79,718.81,104.56,315.68,1,-1,-1,-1
431,896,296.47,710.14,97.49,294.47,1,-1,-1,-1
431,873,809.00,561.00,39.00,119.00,1,-1,-1,-1
432,901,1533.20,586.01,68.64,207.93,1,-1,-1,-1
432,896,254.35,718.81,104.56,315.68,1,-1,-1,-1
433,901,1505.30,586.01,68.64,207.93,1,-1,-1,-1
434,903,921.00,561.00,39.00,119.00,1,-1,-1,-1
434,901,1477.50,586.01,68.64,207.93,1,-1,-1,-1
435,901,1456.60,598.82,63.98,193.94,1,-1,-1,-1
435,884,1274.60,650.80,63.98,193.94,1,-1,-1,-1
435,873,721.00,561.00,39.00,119.00,1,-1,-1,-1
436,901,1434.10,583.21,73.64,222.93,1,-1,-1,-1
437,901,1407.80,599.94,68.64,207.93,1,-1,-1,-1
438,901,1389.40,598.14,73.64,222.93,1,-1,-1,-1
438,873,652.64,558.32,41.87,127.61,1,-1,-1,-1
439,908,1184.90,655.65,68.64,207.93,1,-1,-1,-1
439,901,1366.00,599.94,68.64,207.93,1,-1,-1,-1
440,908,1157.60,663.80,63.98,193.94,1,-1,-1,-1
440,906,1338.20,599.94,68.64,207.93,1,-1,-1,-1
441,908,1135.60,657.86,73.64,222.93,1,-1,-1,-1
441,906,1310.30,599.94,68.64,207.93,1,-1,-1,-1
441,873,644.27,543.19,44.95,136.84,1,-1,-1,-1
442,908,1115.30,669.58,68.64,207.93,1,-1,-1,-1
442,884,1282.50,599.94,68.64,207.93,1,-1,-1,-1
443,908,1081.30,652.64,84.74,256.23,1,-1,-1,-1
443,884,1254.60,599.94,68.64,207.93,1,-1,-1,-1
444,908,1057.00,673.00,79.00,239.00,1,-1,-1,-1
444,884,1226.70,599.94,68.64,207.93,1,-1,-1,-1
445,911,1152.90,643.66,59.63,180.89,1,-1,-1,-1
445,908,1025.00,673.00,79.00,239.00,1,-1,-1,-1
445,884,1195.30,598.14,73.64,222.93,1,-1,-1,-1
446,912,455.43,566.90,41.87,127.61,1,-1,-1,-1
446,908,1001.20,672.78,73.64,222.93,1,-1,-1,-1
446,884,1169.00,593.00,79.00,239.00,1,-1,-1,-1
447,912,429.71,566.90,41.87,127.61,1,-1,-1,-1
447,908,977.00,673.00,79.00,239.00,1,-1,-1,-1
447,884,1150.50,598.14,73.64,222.93,1,-1,-1,-1
448,912,396.15,561.56,44.95,136.84,1,-1,-1,-1
448,908,945.00,673.00,79.00,239.00,1,-1,-1,-1
448,884,1120.60,598.14,73.64,222.93,1,-1,-1,-1
449,912,369.69,566.90,41.87,127.61,1,-1,-1,-1
449,908,913.00,673.00,79.00,239.00,1,-1,-1,-1
449,884,1089.00,593.00,79.00,239.00,1,-1,-1,-1
450,912,341.01,561.56,44.95,136.84,1,-1,-1,-1
450,908,881.00,689.00,79.00,239.00,1,-1,-1,-1
451,912,318.24,566.90,41.87,127.61,1,-1,-1,-1
451,908,858.42,686.94,84.74,256.23,1,-1,-1,-1
452,912,285.88,561.56,44.95,136.84,1,-1,-1,-1
452,908,824.12,686.94,84.74,256.23,1,-1,-1,-1
453,914,851.93,613.07,73.64,222.93,1,-1,-1,-1
453,912,258.23,566.90,41.87,127.61,1,-1,-1,-1
453,908,791.30,681.03,90.90,274.69,1,-1,-1,-1
453,873,423.24,571.03,51.78,157.34,1,-1,-1,-1
454,915,1732.70,777.28,148.29,446.86,1,-1,-1,-1
454,912,221.55,561.56,44.95,136.84,1,-1,-1,-1
454,909,524.81,552.38,44.95,136.84,1,-1,-1,-1
454,908,749.54,690.44,97.49,294.47,1,-1,-1,-1
454,873,391.57,571.03,51.78,157.34,1,-1,-1,-1
455,915,1681.50,755.53,170.48,513.45,1,-1,-1,-1
455,910,503.31,552.55,48.25,146.74,1,-1,-1,-1
455,908,710.14,690.44,97.49,294.47,1,-1,-1,-1
455,873,402.13,571.03,51.78,157.34,1,-1,-1,-1
456,915,1665.00,737.00,159.00,479.00,1,-1,-1,-1
456,908,681.03,699.41,90.90,274.69,1,-1,-1,-1
456,873,370.46,571.03,51.78,157.34,1,-1,-1,-1
457,915,1633.00,737.00,159.00,479.00,1,-1,-1,-1
457,912,129.65,570.75,44.95,136.84,1,-1,-1,-1
457,908,634.36,676.59,104.56,315.68,1,-1,-1,-1
458,915,1601.00,737.00,159.00,479.00,1,-1,-1,-1
458,912,92.90,570.75,44.95,136.84,1,-1,-1,-1
458,908,601.19,704.08,84.74,256.23,1,-1,-1,-1
458,873,306.47,566.69,55.57,168.71,1,-1,-1,-1
459,915,1569.00,737.00,159.00,479.00,1,-1,-1,-1
459,912,56.14,570.75,44.95,136.84,1,-1,-1,-1
459,908,552.55,690.44,97.49,294.47,1,-1,-1,-1
460,908,507.69,697.70,104.56,315.68,1,-1,-1,-1
461,908,473.76,710.14,97.49,294.47,1,-1,-1,-1
462,915,1473.00,769.00,159.00,479.00,1,-1,-1,-1
462,908,408.29,725.08,112.14,338.41,1,-1,-1,-1
463,915,1434.10,777.28,148.29,446.86,1,-1,-1,-1
463,908,381.02,739.92,104.56,315.68,1,-1,-1,-1
464,915,1404.30,777.28,148.29,446.86,1,-1,-1,-1
464,912,56.14,616.70,44.95,136.84,1,-1,-1,-1
465,915,1366.00,808.87,138.29,416.86,1,-1,-1,-1
465,912,14.00,572.83,63.98,193.94,1,-1,-1,-1
468,908,369.00,673.00,79.00,239.00,1,-1,-1,-1
469,908,326.82,669.79,84.74,256.23,1,-1,-1,-1
470,908,289.00,673.00,79.00,239.00,1,-1,-1,-1
471,908,241.08,669.79,84.74,256.23,1,-1,-1,-1
472,908,209.00,673.00,79.00,239.00,1,-1,-1,-1
474,908,111.28,662.65,90.90,274.69,1,-1,-1,-1
474,896,221.55,681.03,90.90,274.69,1,-1,-1,-1
475,908,74.52,662.65,90.90,274.69,1,-1,-1,-1
475,896,189.63,704.08,84.74,256.23,1,-1,-1,-1
476,920,138.89,690.44,97.49,294.47,1,-1,-1,-1
476,908,20.70,670.74,97.49,294.47,1,-1,-1,-1
483,921,1783.80,644.27,90.90,274.69,1,-1,-1,-1
484,921,1754.10,651.04,97.49,294.47,1,-1,-1,-1
485,921,1715.80,652.64,84.74,256.23,1,-1,-1,-1
494,922,1249.00,689.00,79.00,239.00,1,-1,-1,-1
497,922,1115.60,686.94,84.74,256.23,1,-1,-1,-1
499,922,1031.10,717.57,73.64,222.93,1,-1,-1,-1
500,922,978.46,686.94,84.74,256.23,1,-1,-1,-1
501,922,938.34,681.03,90.90,274.69,1,-1,-1,-1
504,922,791.30,681.03,90.90,274.69,1,-1,-1,-1
505,923,1807.70,643.66,59.63,180.89,1,-1,-1,-1
506,923,1771.40,643.66,59.63,180.89,1,-1,-1,-1
507,924,1813.20,552.55,97.49,294.47,1,-1,-1,-1
507,923,1742.50,637.81,63.98,193.94,1,-1,-1,-1
507,922,631.35,690.44,97.49,294.47,1,-1,-1,-1
508,929,1801.70,546.66,29.31,89.94,1,-1,-1,-1
508,925,1785.00,676.59,51.78,157.34,1,-1,-1,-1
508,923,1710.70,655.79,59.63,180.89,1,-1,-1,-1
508,922,591.95,690.44,97.49,294.47,1,-1,-1,-1
509,930,1771.40,546.66,29.31,89.94,1,-1,-1,-1
509,925,1755.50,650.80,63.98,193.94,1,-1,-1,-1
509,923,1675.40,657.20,55.57,168.71,1,-1,-1,-1
509,922,532.85,710.14,97.49,294.47,1,-1,-1,-1
510,932,1690.00,549.92,104.56,315.68,1,-1,-1,-1
510,931,1742.50,546.83,31.49,96.47,1,-1,-1,-1
510,925,1716.50,663.80,63.98,193.94,1,-1,-1,-1
510,923,1638.00,655.79,59.63,180.89,1,-1,-1,-1
510,922,486.58,697.70,104.56,315.68,1,-1,-1,-1
511,925,1677.50,663.80,63.98,193.94,1,-1,-1,-1
511,923,1598.40,657.86,73.64,222.93,1,-1,-1,-1
511,922,434.36,729.84,97.49,294.47,1,-1,-1,-1
512,925,1644.60,655.65,68.64,207.93,1,-1,-1,-1
512,923,1573.50,663.80,63.98,193.94,1,-1,-1,-1
512,922,375.27,729.84,97.49,294.47,1,-1,-1,-1
513,925,1612.50,663.80,63.98,193.94,1,-1,-1,-1
513,923,1534.50,663.80,63.98,193.94,1,-1,-1,-1
513,922,317.78,725.08,112.14,338.41,1,-1,-1,-1
514,925,1573.50,676.79,63.98,193.94,1,-1,-1,-1
514,923,1505.30,669.58,68.64,207.93,1,-1,-1,-1
514,922,340.41,747.70,112.14,338.41,1,-1,-1,-1
515,925,1533.20,669.58,68.64,207.93,1,-1,-1,-1
515,923,1469.60,663.80,63.98,193.94,1,-1,-1,-1
516,925,1504.60,680.04,59.63,180.89,1,-1,-1,-1
516,923,1435.70,669.58,68.64,207.93,1,-1,-1,-1
517,938,1547.00,552.72,29.31,89.94,1,-1,-1,-1
517,925,1477.50,669.58,68.64,207.93,1,-1,-1,-1
517,923,1393.90,669.58,68.64,207.93,1,-1,-1,-1
518,940,1522.70,555.37,27.28,83.85,1,-1,-1,-1
518,925,1443.60,676.79,63.98,193.94,1,-1,-1,-1
518,924,1820.50,736.17,90.90,274.69,1,-1,-1,-1
518,923,1366.00,669.58,68.64,207.93,1,-1,-1,-1
519,941,1492.50,552.72,29.31,89.94,1,-1,-1,-1
519,925,1407.80,669.58,68.64,207.93,1,-1,-1,-1
519,924,1783.80,736.17,90.90,274.69,1,-1,-1,-1
519,923,1339.60,676.79,63.98,193.94,1,-1,-1,-1
520,942,1433.00,561.00,39.00,119.00,1,-1,-1,-1
520,924,1747.00,736.17,90.90,274.69,1,-1,-1,-1
520,923,1296.40,669.58,68.64,207.93,1,-1,-1,-1
521,942,1409.00,561.00,39.00,119.00,1,-1,-1,-1
521,925,1339.60,689.79,63.98,193.94,1,-1,-1,-1
521,924,1714.80,729.84,97.49,294.47,1,-1,-1,-1
521,923,1274.20,680.04,59.63,180.89,1,-1,-1,-1
522,942,1385.00,561.00,39.00,119.00,1,-1,-1,-1
522,925,1310.30,683.51,68.64,207.93,1,-1,-1,-1
522,924,1691.90,736.17,90.90,274.69,1,-1,-1,-1
522,923,1235.60,676.79,63.98,193.94,1,-1,-1,-1
523,942,1355.70,558.32,41.87,127.61,1,-1,-1,-1
523,925,1282.50,683.51,68.64,207.93,1,-1,-1,-1
523,924,1655.10,736.17,90.90,274.69,1,-1,-1,-1
523,923,1196.60,676.79,63.98,193.94,1,-1,-1,-1
524,942,1330.00,558.32,41.87,127.61,1,-1,-1,-1
524,925,1248.60,689.79,63.98,193.94,1,-1,-1,-1
524,924,1617.00,753.00,79.00,239.00,1,-1,-1,-1
524,923,1157.10,669.58,68.64,207.93,1,-1,-1,-1
525,942,1305.00,561.00,39.00,119.00,1,-1,-1,-1
525,925,1212.80,683.51,68.64,207.93,1,-1,-1,-1
525,924,1581.60,736.17,90.90,274.69,1,-1,-1,-1
525,923,1129.20,669.58,68.64,207.93,1,-1,-1,-1
526,942,1281.00,561.00,39.00,119.00,1,-1,-1,-1
526,925,1180.40,672.78,73.64,222.93,1,-1,-1,-1
526,924,1557.20,710.14,97.49,294.47,1,-1,-1,-1
526,923,1090.80,672.78,73.64,222.93,1,-1,-1,-1
527,942,1257.00,561.00,39.00,119.00,1,-1,-1,-1
527,925,1150.50,672.78,73.64,222.93,1,-1,-1,-1
527,924,1526.50,717.79,90.90,274.69,1,-1,-1,-1
527,923,1073.50,683.51,68.64,207.93,1,-1,-1,-1
528,942,1233.00,561.00,39.00,119.00,1,-1,-1,-1
528,925,1115.30,697.44,68.64,207.93,1,-1,-1,-1
528,924,1498.10,710.14,97.49,294.47,1,-1,-1,-1
528,923,1031.70,683.51,68.64,207.93,1,-1,-1,-1
529,942,1209.00,561.00,39.00,119.00,1,-1,-1,-1
529,925,1087.40,697.44,68.64,207.93,1,-1,-1,-1
529,924,1458.70,710.14,97.49,294.47,1,-1,-1,-1
529,923,1003.90,683.51,68.64,207.93,1,-1,-1,-1
530,942,1185.00,561.00,39.00,119.00,1,-1,-1,-1
530,925,1041.00,689.00,79.00,239.00,1,-1,-1,-1
530,924,1439.00,729.84,97.49,294.47,1,-1,-1,-1
530,923,971.35,687.71,73.64,222.93,1,-1,-1,-1
531,942,1169.00,561.00,39.00,119.00,1,-1,-1,-1
531,925,1009.00,689.00,79.00,239.00,1,-1,-1,-1
531,924,1397.80,736.17,90.90,274.69,1,-1,-1,-1
531,923,948.16,697.44,68.64,207.93,1,-1,-1,-1
532,942,1145.00,569.00,39.00,119.00,1,-1,-1,-1
532,925,986.28,702.64,73.64,222.93,1,-1,-1,-1
532,924,1379.90,729.84,97.49,294.47,1,-1,-1,-1
532,923,906.37,697.44,68.64,207.93,1,-1,-1,-1
533,942,1121.00,569.00,39.00,119.00,1,-1,-1,-1
533,925,945.00,705.00,79.00,239.00,1,-1,-1,-1
533,924,1340.50,729.84,97.49,294.47,1,-1,-1,-1
533,923,878.51,711.37,68.64,207.93,1,-1,-1,-1
534,942,1105.00,569.00,39.00,119.00,1,-1,-1,-1
534,925,913.00,705.00,79.00,239.00,1,-1,-1,-1
534,924,1324.30,736.17,90.90,274.69,1,-1,-1,-1
535,942,1081.00,569.00,39.00,119.00,1,-1,-1,-1
535,925,875.57,704.08,84.74,256.23,1,-1,-1,-1
535,924,1288.80,718.81,104.56,315.68,1,-1,-1,-1
535,923,808.87,711.37,68.64,207.93,1,-1,-1,-1
536,942,1065.00,569.00,39.00,119.00,1,-1,-1,-1
536,925,841.27,704.08,84.74,256.23,1,-1,-1,-1
536,924,1261.70,729.84,97.49,294.47,1,-1,-1,-1
537,942,1041.00,569.00,39.00,119.00,1,-1,-1,-1
537,925,809.68,699.41,90.90,274.69,1,-1,-1,-1
537,924,1225.50,718.81,104.56,315.68,1,-1,-1,-1
537,923,738.38,704.08,84.74,256.23,1,-1,-1,-1
538,942,1021.30,575.47,41.87,127.61,1,-1,-1,-1
538,925,772.68,721.23,84.74,256.23,1,-1,-1,-1
538,924,1204.40,718.81,104.56,315.68,1,-1,-1,-1
539,942,1001.00,577.00,39.00,119.00,1,-1,-1,-1
539,925,738.38,721.23,84.74,256.23,1,-1,-1,-1
539,924,1182.90,729.84,97.49,294.47,1,-1,-1,-1
539,923,652.64,704.08,84.74,256.23,1,-1,-1,-1
540,942,977.00,577.00,39.00,119.00,1,-1,-1,-1
540,925,704.08,721.23,84.74,256.23,1,-1,-1,-1
540,924,1141.10,718.81,104.56,315.68,1,-1,-1,-1
540,923,625.00,721.00,79.00,239.00,1,-1,-1,-1
541,942,961.00,577.00,39.00,119.00,1,-1,-1,-1
541,925,669.79,738.38,84.74,256.23,1,-1,-1,-1
541,924,1109.70,725.08,112.14,338.41,1,-1,-1,-1
542,942,937.00,577.00,39.00,119.00,1,-1,-1,-1
542,925,641.00,753.00,79.00,239.00,1,-1,-1,-1
542,924,1077.70,739.92,104.56,315.68,1,-1,-1,-1
543,942,921.00,577.00,39.00,119.00,1,-1,-1,-1
543,925,607.51,736.17,90.90,274.69,1,-1,-1,-1
543,924,1064.70,749.54,97.49,294.47,1,-1,-1,-1
544,942,901.29,584.04,41.87,127.61,1,-1,-1,-1
544,925,570.75,754.55,90.90,274.69,1,-1,-1,-1
544,924,1045.00,769.23,97.49,294.47,1,-1,-1,-1
545,942,881.00,577.00,39.00,119.00,1,-1,-1,-1
545,925,549.75,755.53,84.74,256.23,1,-1,-1,-1
545,924,1014.40,761.04,104.56,315.68,1,-1,-1,-1
545,923,429.71,755.53,84.74,256.23,1,-1,-1,-1
546,942,865.00,577.00,39.00,119.00,1,-1,-1,-1
546,925,497.24,754.55,90.90,274.69,1,-1,-1,-1
546,924,985.92,769.23,97.49,294.47,1,-1,-1,-1
546,923,385.00,769.00,79.00,239.00,1,-1,-1,-1
547,942,841.00,577.00,39.00,119.00,1,-1,-1,-1
547,924,961.00,801.00,79.00,239.00,1,-1,-1,-1
547,923,350.20,754.55,90.90,274.69,1,-1,-1,-1
548,942,824.12,575.47,41.87,127.61,1,-1,-1,-1
548,925,402.13,739.92,104.56,315.68,1,-1,-1,-1
548,924,926.82,769.23,97.49,294.47,1,-1,-1,-1
549,942,806.97,575.47,41.87,127.61,1,-1,-1,-1
549,925,363.04,747.70,112.14,338.41,1,-1,-1,-1
549,924,907.12,769.23,97.49,294.47,1,-1,-1,-1
550,942,781.25,575.47,41.87,127.61,1,-1,-1,-1
550,925,338.79,761.04,104.56,315.68,1,-1,-1,-1
550,924,860.84,747.70,112.14,338.41,1,-1,-1,-1
551,942,764.10,575.47,41.87,127.61,1,-1,-1,-1
551,925,296.47,769.23,97.49,294.47,1,-1,-1,-1
551,924,845.49,739.92,104.56,315.68,1,-1,-1,-1
552,942,746.95,575.47,41.87,127.61,1,-1,-1,-1
552,925,257.08,769.23,97.49,294.47,1,-1,-1,-1
552,924,824.37,761.04,104.56,315.68,1,-1,-1,-1
553,942,729.81,575.47,41.87,127.61,1,-1,-1,-1
553,925,217.68,788.93,97.49,294.47,1,-1,-1,-1
553,924,788.93,769.23,97.49,294.47,1,-1,-1,-1
554,942,712.66,575.47,41.87,127.61,1,-1,-1,-1
554,925,178.28,788.93,97.49,294.47,1,-1,-1,-1
554,924,761.04,761.04,104.56,315.68,1,-1,-1,-1
555,942,695.51,575.47,41.87,127.61,1,-1,-1,-1
555,924,749.54,769.23,97.49,294.47,1,-1,-1,-1
556,950,748.27,533.84,31.49,96.47,1,-1,-1,-1
556,942,671.84,570.75,44.95,136.84,1,-1,-1,-1
556,924,718.81,761.04,104.56,315.68,1,-1,-1,-1
557,950,729.00,513.00,39.00,119.00,1,-1,-1,-1
557,942,661.21,575.47,41.87,127.61,1,-1,-1,-1
557,925,22.11,824.37,104.56,315.68,1,-1,-1,-1
557,924,697.70,761.04,104.56,315.68,1,-1,-1,-1
558,950,713.00,513.00,39.00,119.00,1,-1,-1,-1
558,942,635.08,570.75,44.95,136.84,1,-1,-1,-1
558,924,670.74,769.23,97.49,294.47,1,-1,-1,-1
559,942,625.89,570.75,44.95,136.84,1,-1,-1,-1
559,924,651.04,769.23,97.49,294.47,1,-1,-1,-1
560,950,681.03,488.05,44.95,136.84,1,-1,-1,-1
560,942,601.80,572.25,48.25,146.74,1,-1,-1,-1
560,924,611.65,788.93,97.49,294.47,1,-1,-1,-1
561,950,673.98,534.53,29.31,89.94,1,-1,-1,-1
561,942,589.13,570.75,44.95,136.84,1,-1,-1,-1
561,924,589.31,747.70,112.14,338.41,1,-1,-1,-1
562,950,657.00,513.00,39.00,119.00,1,-1,-1,-1
562,942,572.25,572.25,48.25,146.74,1,-1,-1,-1
562,924,558.78,752.80,120.26,362.77,1,-1,-1,-1
563,950,641.00,513.00,39.00,119.00,1,-1,-1,-1
563,942,552.38,579.94,44.95,136.84,1,-1,-1,-1
563,924,534.53,752.80,120.26,362.77,1,-1,-1,-1
564,951,521.43,566.69,55.57,168.71,1,-1,-1,-1
564,942,541.17,584.04,41.87,127.61,1,-1,-1,-1
564,924,510.28,752.80,120.26,362.77,1,-1,-1,-1
565,942,523.01,582.10,48.25,146.74,1,-1,-1,-1
565,924,476.18,770.33,112.14,338.41,1,-1,-1,-1
566,942,503.31,582.10,48.25,146.74,1,-1,-1,-1
566,924,453.55,770.33,112.14,338.41,1,-1,-1,-1
567,942,488.05,579.94,44.95,136.84,1,-1,-1,-1
567,924,437.53,777.05,120.26,362.77,1,-1,-1,-1
568,942,469.67,589.13,44.95,136.84,1,-1,-1,-1
568,924,413.27,777.05,120.26,362.77,1,-1,-1,-1
569,942,454.06,582.10,48.25,146.74,1,-1,-1,-1
569,924,385.67,792.96,112.14,338.41,1,-1,-1,-1
570,942,433.80,581.58,51.78,157.34,1,-1,-1,-1
570,924,363.04,792.96,112.14,338.41,1,-1,-1,-1
571,942,423.24,581.58,51.78,157.34,1,-1,-1,-1
571,924,316.27,801.30,120.26,362.77,1,-1,-1,-1
572,942,402.13,581.58,51.78,157.34,1,-1,-1,-1
573,942,381.02,581.58,51.78,157.34,1,-1,-1,-1
574,942,370.46,592.14,51.78,157.34,1,-1,-1,-1
575,952,1848.30,592.14,51.78,157.34,1,-1,-1,-1
575,942,355.57,591.95,48.25,146.74,1,-1,-1,-1
576,942,338.79,592.14,51.78,157.34,1,-1,-1,-1
577,942,317.78,589.31,55.57,168.71,1,-1,-1,-1
578,942,307.13,592.14,51.78,157.34,1,-1,-1,-1
579,942,283.84,589.31,55.57,168.71,1,-1,-1,-1
580,942,272.53,589.31,55.57,168.71,1,-1,-1,-1
581,942,249.90,589.31,55.57,168.71,1,-1,-1,-1
582,942,238.59,589.31,55.57,168.71,1,-1,-1,-1
583,942,227.27,600.63,55.57,168.71,1,-1,-1,-1
584,942,207.14,595.16,59.63,180.89,1,-1,-1,-1
585,952,1785.00,592.14,51.78,157.34,1,-1,-1,-1
585,942,195.01,595.16,59.63,180.89,1,-1,-1,-1
586,952,1774.40,592.14,51.78,157.34,1,-1,-1,-1
586,942,182.89,595.16,59.63,180.89,1,-1,-1,-1
587,952,1774.40,592.14,51.78,157.34,1,-1,-1,-1
587,942,170.71,611.94,55.57,168.71,1,-1,-1,-1
588,953,145.00,593.00,79.00,239.00,1,-1,-1,-1
588,952,1771.40,583.04,59.63,180.89,1,-1,-1,-1
588,942,148.08,611.94,55.57,168.71,1,-1,-1,-1
589,952,1768.50,572.83,63.98,193.94,1,-1,-1,-1
589,942,134.38,607.29,59.63,180.89,1,-1,-1,-1
590,952,1771.40,570.91,59.63,180.89,1,-1,-1,-1
590,942,122.26,607.29,59.63,180.89,1,-1,-1,-1
591,952,1759.20,570.91,59.63,180.89,1,-1,-1,-1
591,942,104.97,598.82,63.98,193.94,1,-1,-1,-1
592,954,1765.90,578.00,55.57,168.71,1,-1,-1,-1
592,942,91.97,611.81,63.98,193.94,1,-1,-1,-1
593,955,332.40,533.84,31.49,96.47,1,-1,-1,-1
593,952,1771.40,570.91,59.63,180.89,1,-1,-1,-1
593,942,78.98,611.81,63.98,193.94,1,-1,-1,-1
594,955,329.00,529.00,39.00,119.00,1,-1,-1,-1
594,954,1777.00,545.00,79.00,239.00,1,-1,-1,-1
594,952,1777.30,578.00,55.57,168.71,1,-1,-1,-1
594,942,56.72,599.94,68.64,207.93,1,-1,-1,-1
595,955,306.47,476.18,55.57,168.71,1,-1,-1,-1
595,954,1767.30,549.75,84.74,256.23,1,-1,-1,-1
595,952,1771.40,583.04,59.63,180.89,1,-1,-1,-1
595,942,42.79,613.87,68.64,207.93,1,-1,-1,-1
596,956,321.00,529.00,39.00,119.00,1,-1,-1,-1
596,952,1771.40,583.04,59.63,180.89,1,-1,-1,-1
596,942,28.86,613.87,68.64,207.93,1,-1,-1,-1
597,956,313.00,529.00,39.00,119.00,1,-1,-1,-1
597,952,1777.30,589.31,55.57,168.71,1,-1,-1,-1
597,942,26.99,624.81,63.98,193.94,1,-1,-1,-1
598,956,313.00,529.00,39.00,119.00,1,-1,-1,-1
598,952,1777.30,578.00,55.57,168.71,1,-1,-1,-1
598,942,14.93,627.80,68.64,207.93,1,-1,-1,-1
599,956,305.00,529.00,39.00,119.00,1,-1,-1,-1
599,952,1781.50,572.83,63.98,193.94,1,-1,-1,-1
599,942,1.00,628.00,73.64,222.93,1,-1,-1,-1
600,956,305.00,529.00,39.00,119.00,1,-1,-1,-1
600,952,1783.50,570.91,59.63,180.89,1,-1,-1,-1
600,942,1.00,637.81,63.98,193.94,1,-1,-1,-1
601,956,297.00,529.00,39.00,119.00,1,-1,-1,-1
601,952,1783.50,570.91,59.63,180.89,1,-1,-1,-1
602,956,297.00,537.00,39.00,119.00,1,-1,-1,-1
602,952,1781.50,572.83,63.98,193.94,1,-1,-1,-1
603,956,292.52,532.60,41.87,127.61,1,-1,-1,-1
603,952,1783.90,558.15,68.64,207.93,1,-1,-1,-1
604,956,289.00,537.00,39.00,119.00,1,-1,-1,-1
604,952,1794.50,572.83,63.98,193.94,1,-1,-1,-1
605,959,272.53,487.49,55.57,168.71,1,-1,-1,-1
605,956,289.00,537.00,39.00,119.00,1,-1,-1,-1
606,956,281.00,537.00,39.00,119.00,1,-1,-1,-1
607,956,281.00,537.00,39.00,119.00,1,-1,-1,-1
608,956,281.00,537.00,39.00,119.00,1,-1,-1,-1
609,956,281.00,537.00,39.00,119.00,1,-1,-1,-1
610,956,273.00,529.00,39.00,119.00,1,-1,-1,-1
611,956,273.00,529.00,39.00,119.00,1,-1,-1,-1
612,956,273.00,529.00,39.00,119.00,1,-1,-1,-1
612,952,1819.90,595.16,59.63,180.89,1,-1,-1,-1
613,956,265.00,529.00,39.00,119.00,1,-1,-1,-1
613,952,1820.40,598.82,63.98,193.94,1,-1,-1,-1
614,956,265.00,529.00,39.00,119.00,1,-1,-1,-1
614,952,1833.40,598.82,63.98,193.94,1,-1,-1,-1
615,956,265.00,529.00,39.00,119.00,1,-1,-1,-1
615,952,1846.40,598.82,63.98,193.94,1,-1,-1,-1
616,956,257.00,529.00,39.00,119.00,1,-1,-1,-1
616,952,1853.50,599.94,68.64,207.93,1,-1,-1,-1
617,956,257.00,529.00,39.00,119.00,1,-1,-1,-1
618,956,249.00,529.00,39.00,119.00,1,-1,-1,-1
619,956,249.00,529.00,39.00,119.00,1,-1,-1,-1
620,956,249.00,529.00,39.00,119.00,1,-1,-1,-1
621,956,241.08,524.03,41.87,127.61,1,-1,-1,-1
622,956,241.00,529.00,39.00,119.00,1,-1,-1,-1
623,956,241.00,537.00,39.00,119.00,1,-1,-1,-1
624,956,241.00,529.00,39.00,119.00,1,-1,-1,-1
625,956,241.00,537.00,39.00,119.00,1,-1,-1,-1
626,956,232.50,532.60,41.87,127.61,1,-1,-1,-1
627,956,241.00,545.00,39.00,119.00,1,-1,-1,-1
628,956,233.00,545.00,39.00,119.00,1,-1,-1,-1
629,961,1321.40,515.45,41.87,127.61,1,-1,-1,-1
629,956,233.00,553.00,39.00,119.00,1,-1,-1,-1
630,961,1337.00,521.00,39.00,119.00,1,-1,-1,-1
630,956,232.50,549.75,41.87,127.61,1,-1,-1,-1
631,956,241.00,553.00,39.00,119.00,1,-1,-1,-1
632,956,241.00,553.00,39.00,119.00,1,-1,-1,-1
633,956,241.00,553.00,39.00,119.00,1,-1,-1,-1
634,956,241.00,553.00,39.00,119.00,1,-1,-1,-1
635,956,241.00,553.00,39.00,119.00,1,-1,-1,-1
636,956,241.00,561.00,39.00,119.00,1,-1,-1,-1
637,956,239.93,552.38,44.95,136.84,1,-1,-1,-1
638,956,249.00,561.00,39.00,119.00,1,-1,-1,-1
639,963,238.59,521.43,55.57,168.71,1,-1,-1,-1
639,956,249.00,561.00,39.00,119.00,1,-1,-1,-1
640,956,249.65,558.32,41.87,127.61,1,-1,-1,-1
641,956,249.65,566.90,41.87,127.61,1,-1,-1,-1
642,956,257.00,569.00,39.00,119.00,1,-1,-1,-1
646,956,266.80,566.90,41.87,127.61,1,-1,-1,-1
647,963,255.64,522.41,59.63,180.89,1,-1,-1,-1
647,956,275.37,566.90,41.87,127.61,1,-1,-1,-1
648,956,275.37,566.90,41.87,127.61,1,-1,-1,-1
649,956,276.78,552.55,48.25,146.74,1,-1,-1,-1
650,956,283.95,566.90,41.87,127.61,1,-1,-1,-1
651,956,292.52,566.90,41.87,127.61,1,-1,-1,-1
652,956,295.07,552.38,44.95,136.84,1,-1,-1,-1
656,963,296.47,414.66,97.49,294.47,1,-1,-1,-1
658,969,345.00,585.00,39.00,119.00,1,-1,-1,-1
659,968,881.00,441.00,39.00,119.00,1,-1,-1,-1
663,968,913.00,441.00,39.00,119.00,1,-1,-1,-1
663,963,355.57,434.36,97.49,294.47,1,-1,-1,-1
664,963,368.58,423.72,90.90,274.69,1,-1,-1,-1
665,968,921.00,441.00,39.00,119.00,1,-1,-1,-1
665,963,375.27,414.66,97.49,294.47,1,-1,-1,-1
666,963,375.27,414.66,97.49,294.47,1,-1,-1,-1
667,969,424.51,582.10,48.25,146.74,1,-1,-1,-1
667,968,937.00,441.00,39.00,119.00,1,-1,-1,-1
669,971,391.57,518.25,25.39,78.17,1,-1,-1,-1
670,971,396.98,510.12,27.28,83.85,1,-1,-1,-1
671,971,402.64,510.12,27.28,83.85,1,-1,-1,-1
672,971,408.29,504.46,27.28,83.85,1,-1,-1,-1
674,971,419.61,498.80,27.28,83.85,1,-1,-1,-1
679,973,1534.50,312.90,128.96,388.88,1,-1,-1,-1
682,974,616.70,616.70,44.95,136.84,1,-1,-1,-1
683,974,625.89,598.32,44.95,136.84,1,-1,-1,-1
684,974,631.35,582.10,48.25,146.74,1,-1,-1,-1
685,974,651.04,582.10,48.25,146.74,1,-1,-1,-1
686,974,669.79,575.47,41.87,127.61,1,-1,-1,-1
687,974,676.59,560.47,51.78,157.34,1,-1,-1,-1
688,974,700.29,562.40,48.25,146.74,1,-1,-1,-1
689,974,718.81,560.47,51.78,157.34,1,-1,-1,-1
690,975,1773.80,591.95,48.25,146.74,1,-1,-1,-1
691,974,761.04,571.03,51.78,157.34,1,-1,-1,-1
692,974,771.59,571.03,51.78,157.34,1,-1,-1,-1
693,974,781.65,566.69,55.57,168.71,1,-1,-1,-1
694,976,505.00,473.00,39.00,119.00,1,-1,-1,-1
697,976,521.00,473.00,39.00,119.00,1,-1,-1,-1
697,974,849.53,578.00,55.57,168.71,1,-1,-1,-1
699,976,529.00,473.00,39.00,119.00,1,-1,-1,-1
700,979,705.00,477.00,19.00,59.00,1,-1,-1,-1
700,976,540.34,501.35,31.49,96.47,1,-1,-1,-1
701,979,709.00,477.00,19.00,59.00,1,-1,-1,-1
701,976,544.22,495.47,33.82,103.47,1,-1,-1,-1
702,976,545.00,481.00,39.00,119.00,1,-1,-1,-1
702,974,946.81,595.16,59.63,180.89,1,-1,-1,-1
703,976,553.00,489.00,39.00,119.00,1,-1,-1,-1
703,974,951.35,600.63,55.57,168.71,1,-1,-1,-1
704,979,724.91,468.83,23.62,72.87,1,-1,-1,-1
704,974,958.93,595.16,59.63,180.89,1,-1,-1,-1
705,976,558.15,502.44,33.82,103.47,1,-1,-1,-1
706,979,737.00,485.00,19.00,59.00,1,-1,-1,-1
706,976,553.00,489.00,39.00,119.00,1,-1,-1,-1
707,979,737.00,485.00,19.00,59.00,1,-1,-1,-1
707,976,561.00,497.00,39.00,119.00,1,-1,-1,-1
708,979,741.00,489.00,19.00,59.00,1,-1,-1,-1
708,976,565.12,509.40,33.82,103.47,1,-1,-1,-1
708,974,1053.20,623.25,55.57,168.71,1,-1,-1,-1
709,979,745.00,493.00,19.00,59.00,1,-1,-1,-1
710,976,569.00,513.00,39.00,119.00,1,-1,-1,-1
711,976,569.00,521.00,39.00,119.00,1,-1,-1,-1
711,974,1105.70,611.81,63.98,193.94,1,-1,-1,-1
712,979,755.53,502.59,20.43,63.31,1,-1,-1,-1
712,976,577.00,521.00,39.00,119.00,1,-1,-1,-1
712,974,1116.60,631.54,59.63,180.89,1,-1,-1,-1
713,976,577.00,521.00,39.00,119.00,1,-1,-1,-1
713,974,1128.70,631.54,59.63,180.89,1,-1,-1,-1
714,982,1419.30,523.01,23.62,72.87,1,-1,-1,-1
714,979,761.00,509.00,19.00,59.00,1,-1,-1,-1
714,976,577.00,529.00,39.00,119.00,1,-1,-1,-1
714,974,1171.00,641.73,68.64,207.93,1,-1,-1,-1
714,968,1261.40,446.86,41.87,127.61,1,-1,-1,-1
715,982,1429.10,527.93,23.62,72.87,1,-1,-1,-1
715,976,577.00,529.00,39.00,119.00,1,-1,-1,-1
716,982,1434.10,523.01,23.62,72.87,1,-1,-1,-1
716,976,577.00,537.00,39.00,119.00,1,-1,-1,-1
717,982,1439.20,529.40,21.97,67.92,1,-1,-1,-1
717,976,577.00,537.00,39.00,119.00,1,-1,-1,-1
717,974,1209.60,624.81,63.98,193.94,1,-1,-1,-1
717,968,1273.00,457.00,39.00,119.00,1,-1,-1,-1
718,982,1443.80,524.81,21.97,67.92,1,-1,-1,-1
718,979,773.00,509.00,19.00,59.00,1,-1,-1,-1
718,976,585.00,537.00,39.00,119.00,1,-1,-1,-1
718,968,1278.40,442.10,44.95,136.84,1,-1,-1,-1
719,982,1452.50,528.80,25.39,78.17,1,-1,-1,-1
719,979,776.96,506.88,20.43,63.31,1,-1,-1,-1
719,976,585.00,537.00,39.00,119.00,1,-1,-1,-1
720,982,1457.70,523.53,25.39,78.17,1,-1,-1,-1
720,979,781.00,513.00,19.00,59.00,1,-1,-1,-1
720,976,585.00,545.00,39.00,119.00,1,-1,-1,-1
720,968,1287.50,442.10,44.95,136.84,1,-1,-1,-1
721,982,1463.00,523.53,25.39,78.17,1,-1,-1,-1
721,979,785.00,513.00,19.00,59.00,1,-1,-1,-1
721,976,584.04,541.17,41.87,127.61,1,-1,-1,-1
721,974,1300.60,637.81,63.98,193.94,1,-1,-1,-1
721,968,1297.00,457.00,39.00,119.00,1,-1,-1,-1
722,982,1473.40,527.93,23.62,72.87,1,-1,-1,-1
722,979,785.00,513.00,19.00,59.00,1,-1,-1,-1
722,976,585.00,545.00,39.00,119.00,1,-1,-1,-1
722,974,1313.00,641.00,79.00,239.00,1,-1,-1,-1
722,968,1296.70,451.29,44.95,136.84,1,-1,-1,-1
723,979,793.00,513.00,19.00,59.00,1,-1,-1,-1
723,976,593.00,545.00,39.00,119.00,1,-1,-1,-1
723,974,1338.20,655.65,68.64,207.93,1,-1,-1,-1
723,968,1304.30,455.43,41.87,127.61,1,-1,-1,-1
724,979,793.00,521.00,19.00,59.00,1,-1,-1,-1
724,976,593.00,553.00,39.00,119.00,1,-1,-1,-1
724,974,1352.10,655.65,68.64,207.93,1,-1,-1,-1
724,968,1304.30,464.01,41.87,127.61,1,-1,-1,-1
725,979,797.00,521.00,19.00,59.00,1,-1,-1,-1
725,976,593.00,553.00,39.00,119.00,1,-1,-1,-1
725,968,1313.00,465.00,39.00,119.00,1,-1,-1,-1
726,979,802.69,519.74,20.43,63.31,1,-1,-1,-1
726,976,593.00,553.00,39.00,119.00,1,-1,-1,-1
726,968,1321.40,464.01,41.87,127.61,1,-1,-1,-1
727,979,805.00,529.00,19.00,59.00,1,-1,-1,-1
727,976,593.00,561.00,39.00,119.00,1,-1,-1,-1
727,968,1324.30,460.48,44.95,136.84,1,-1,-1,-1
728,979,809.00,525.00,19.00,59.00,1,-1,-1,-1
728,976,601.00,561.00,39.00,119.00,1,-1,-1,-1
728,968,1330.60,463.91,48.25,146.74,1,-1,-1,-1
729,979,809.00,525.00,19.00,59.00,1,-1,-1,-1
729,976,601.00,561.00,39.00,119.00,1,-1,-1,-1
730,979,817.00,529.00,19.00,59.00,1,-1,-1,-1
730,976,601.00,569.00,39.00,119.00,1,-1,-1,-1
730,968,1338.60,472.58,41.87,127.61,1,-1,-1,-1
731,979,821.00,525.00,19.00,59.00,1,-1,-1,-1
731,976,601.00,561.00,39.00,119.00,1,-1,-1,-1
732,979,821.00,525.00,19.00,59.00,1,-1,-1,-1
732,976,601.19,558.32,41.87,127.61,1,-1,-1,-1
733,984,1595.80,704.08,84.74,256.23,1,-1,-1,-1
733,979,825.00,525.00,19.00,59.00,1,-1,-1,-1
733,976,601.19,558.32,41.87,127.61,1,-1,-1,-1
733,968,1355.70,472.58,41.87,127.61,1,-1,-1,-1
734,979,829.00,525.00,19.00,59.00,1,-1,-1,-1
734,976,609.00,561.00,39.00,119.00,1,-1,-1,-1
734,968,1361.10,469.67,44.95,136.84,1,-1,-1,-1
735,979,829.00,525.00,19.00,59.00,1,-1,-1,-1
735,976,609.00,561.00,39.00,119.00,1,-1,-1,-1
735,968,1364.30,472.58,41.87,127.61,1,-1,-1,-1
736,979,833.00,521.00,19.00,59.00,1,-1,-1,-1
736,976,607.51,552.38,44.95,136.84,1,-1,-1,-1
737,984,1710.30,681.03,90.90,274.69,1,-1,-1,-1
737,976,609.00,561.00,39.00,119.00,1,-1,-1,-1
737,968,1360.20,454.06,48.25,146.74,1,-1,-1,-1
738,979,837.25,520.21,21.97,67.92,1,-1,-1,-1
738,976,609.77,558.32,41.87,127.61,1,-1,-1,-1
739,986,875.57,519.74,20.43,63.31,1,-1,-1,-1
739,985,1153.00,409.00,39.00,119.00,1,-1,-1,-1
739,979,837.00,525.00,19.00,59.00,1,-1,-1,-1
739,976,609.77,558.32,41.87,127.61,1,-1,-1,-1
740,985,1153.00,409.00,39.00,119.00,1,-1,-1,-1
740,979,841.00,525.00,19.00,59.00,1,-1,-1,-1
740,976,607.51,561.56,44.95,136.84,1,-1,-1,-1
741,986,878.61,520.21,21.97,67.92,1,-1,-1,-1
741,982,1595.00,560.47,25.39,78.17,1,-1,-1,-1
741,979,841.27,524.03,20.43,63.31,1,-1,-1,-1
741,976,607.51,561.56,44.95,136.84,1,-1,-1,-1
742,982,1596.20,561.03,27.28,83.85,1,-1,-1,-1
742,979,841.27,524.03,20.43,63.31,1,-1,-1,-1
742,976,607.51,561.56,44.95,136.84,1,-1,-1,-1
743,982,1600.20,565.75,25.39,78.17,1,-1,-1,-1
743,979,845.56,528.31,20.43,63.31,1,-1,-1,-1
743,976,611.65,562.40,48.25,146.74,1,-1,-1,-1
744,982,1607.50,566.69,27.28,83.85,1,-1,-1,-1
744,979,845.56,528.31,20.43,63.31,1,-1,-1,-1
744,976,607.51,561.56,44.95,136.84,1,-1,-1,-1
745,982,1610.80,565.75,25.39,78.17,1,-1,-1,-1
745,979,845.56,528.31,20.43,63.31,1,-1,-1,-1
745,976,607.51,570.75,44.95,136.84,1,-1,-1,-1
746,982,1613.20,566.69,27.28,83.85,1,-1,-1,-1
746,979,845.56,528.31,20.43,63.31,1,-1,-1,-1
746,976,601.80,562.40,48.25,146.74,1,-1,-1,-1
747,979,845.56,528.31,20.43,63.31,1,-1,-1,-1
747,976,607.51,570.75,44.95,136.84,1,-1,-1,-1
748,979,845.56,528.31,20.43,63.31,1,-1,-1,-1
748,976,607.51,570.75,44.95,136.84,1,-1,-1,-1
749,979,849.84,528.31,20.43,63.31,1,-1,-1,-1
749,976,601.80,562.40,48.25,146.74,1,-1,-1,-1
750,979,849.84,528.31,20.43,63.31,1,-1,-1,-1
750,976,601.80,572.25,48.25,146.74,1,-1,-1,-1
