1,2,14.93,140.29,68.64,207.93,1,-1,-1,-1
1,1,125.45,159.39,55.57,168.71,1,-1,-1,-1
2,2,14.93,140.29,68.64,207.93,1,-1,-1,-1
2,1,122.29,158.63,59.59,180.79,1,-1,-1,-1
3,2,14.93,140.29,68.64,207.93,1,-1,-1,-1
3,1,130.23,144.87,63.91,193.78,1,-1,-1,-1
4,2,15.77,136.08,72.89,220.69,1,-1,-1,-1
4,1,131.76,142.41,64.58,195.78,1,-1,-1,-1
5,2,26.06,138.85,70.08,212.26,1,-1,-1,-1
5,1,144.04,153.52,61.29,185.88,1,-1,-1,-1
6,2,30.64,136.15,72.82,220.48,1,-1,-1,-1
6,1,147.62,157.20,60.16,182.48,1,-1,-1,-1
7,2,31.98,135.31,73.69,223.08,1,-1,-1,-1
7,1,157.16,158.44,59.77,181.31,1,-1,-1,-1
8,2,33.76,130.61,77.69,235.09,1,-1,-1,-1
8,1,157.09,145.89,66.01,200.07,1,-1,-1,-1
9,2,45.24,129.04,79.03,239.12,1,-1,-1,-1
9,1,168.12,153.98,62.06,188.20,1,-1,-1,-1
10,2,49.27,128.52,79.47,240.42,1,-1,-1,-1
10,1,171.40,155.98,63.44,192.33,1,-1,-1,-1
11,2,50.56,128.38,79.58,240.75,1,-1,-1,-1
11,1,181.09,156.72,63.93,193.80,1,-1,-1,-1
12,2,61.55,128.37,79.58,240.76,1,-1,-1,-1
12,1,182.55,142.46,70.61,213.88,1,-1,-1,-1
13,2,65.49,128.39,79.55,240.66,1,-1,-1,-1
13,1,193.45,149.82,69.67,211.04,1,-1,-1,-1
14,2,77.38,128.43,79.51,240.54,1,-1,-1,-1
14,1,205.82,154.25,66.31,200.94,1,-1,-1,-1
15,2,81.66,128.47,79.47,240.42,1,-1,-1,-1
15,1,210.27,137.44,74.95,226.89,1,-1,-1,-1
16,2,86.87,123.31,83.18,251.55,1,-1,-1,-1
16,1,221.50,147.81,71.32,215.97,1,-1,-1,-1
17,2,88.66,121.45,84.52,255.58,1,-1,-1,-1
17,1,225.52,151.82,69.87,211.63,1,-1,-1,-1
18,2,93.22,114.42,89.00,269.02,1,-1,-1,-1
18,1,227.51,150.84,72.53,219.60,1,-1,-1,-1
19,2,94.78,111.87,90.62,273.87,1,-1,-1,-1
19,1,228.11,136.56,76.98,232.98,1,-1,-1,-1
20,2,83.15,110.94,91.20,275.63,1,-1,-1,-1
20,1,227.45,126.06,82.34,249.04,1,-1,-1,-1
21,2,82.09,103.00,95.65,288.97,1,-1,-1,-1
21,1,227.04,122.23,84.26,254.82,1,-1,-1,-1
22,2,81.60,100.09,97.27,293.81,1,-1,-1,-1
22,1,225.18,114.53,88.93,268.82,1,-1,-1,-1
23,2,81.31,99.03,97.85,295.57,1,-1,-1,-1
23,1,224.33,111.73,90.63,273.90,1,-1,-1,-1
24,2,77.56,106.08,93.94,283.82,1,-1,-1,-1
24,1,235.89,110.71,91.24,275.74,1,-1,-1,-1
25,2,72.45,96.04,106.18,320.59,1,-1,-1,-1
25,1,238.50,102.79,95.67,289.04,1,-1,-1,-1
26,2,70.61,92.76,110.48,333.46,1,-1,-1,-1
26,1,239.35,99.89,97.29,293.89,1,-1,-1,-1
27,2,66.81,101.10,107.30,323.92,1,-1,-1,-1
27,1,236.86,103.60,102.40,309.23,1,-1,-1,-1
28,2,68.39,94.70,110.84,334.55,1,-1,-1,-1
28,1,235.79,105.12,104.27,314.82,1,-1,-1,-1
29,2,56.35,80.85,117.35,354.07,1,-1,-1,-1
29,1,242.03,84.42,115.10,347.32,1,-1,-1,-1
30,2,54.12,62.27,125.32,377.97,1,-1,-1,-1
30,1,248.47,88.27,113.82,343.49,1,-1,-1,-1
31,2,53.33,55.42,128.20,386.63,1,-1,-1,-1
31,1,250.78,89.74,113.31,341.95,1,-1,-1,-1
32,2,53.02,69.85,129.27,389.82,1,-1,-1,-1
32,1,247.41,78.94,118.25,356.77,1,-1,-1,-1
33,2,66.32,71.49,124.26,374.80,1,-1,-1,-1
33,1,261.87,74.92,120.06,362.20,1,-1,-1,-1
34,2,74.89,75.94,127.75,385.27,1,-1,-1,-1
34,1,270.19,84.61,115.70,349.09,1,-1,-1,-1
35,2,78.10,77.65,129.04,389.13,1,-1,-1,-1
35,1,282.75,80.60,124.68,376.06,1,-1,-1,-1
36,2,79.25,78.27,129.51,390.55,1,-1,-1,-1
36,1,290.63,91.39,122.47,369.42,1,-1,-1,-1
37,2,83.36,64.21,135.59,408.79,1,-1,-1,-1
37,1,290.20,83.34,127.09,383.29,1,-1,-1,-1
38,2,84.88,58.94,137.83,415.49,1,-1,-1,-1
38,1,289.86,80.31,128.79,388.40,1,-1,-1,-1
39,2,69.88,40.31,145.01,437.04,1,-1,-1,-1
39,1,303.04,64.85,135.35,408.05,1,-1,-1,-1
40,2,79.59,49.82,141.41,426.24,1,-1,-1,-1
40,1,307.89,59.07,137.75,415.26,1,-1,-1,-1
41,2,70.63,38.49,153.19,461.60,1,-1,-1,-1
41,1,309.53,56.89,138.64,417.93,1,-1,-1,-1
42,2,64.33,32.68,150.74,454.22,1,-1,-1,-1
42,1,309.96,56.07,138.97,418.90,1,-1,-1,-1
43,2,61.92,30.51,149.77,451.32,1,-1,-1,-1
43,1,309.94,55.76,139.08,419.23,1,-1,-1,-1
44,2,61.63,27.92,151.23,455.71,1,-1,-1,-1
44,1,304.74,58.58,145.43,438.29,1,-1,-1,-1
45,2,60.88,29.65,149.26,449.79,1,-1,-1,-1
45,1,308.39,57.74,146.88,442.67,1,-1,-1,-1
46,2,60.80,28.18,149.93,451.79,1,-1,-1,-1
46,1,294.54,39.21,156.08,470.24,1,-1,-1,-1
47,2,60.88,27.21,150.26,452.79,1,-1,-1,-1
47,1,291.77,34.97,158.27,476.82,1,-1,-1,-1
51,2,61.55,24.35,150.92,454.78,1,-1,-1,-1
51,1,318.47,32.74,159.46,480.40,1,-1,-1,-1
52,2,126.18,25.37,131.27,395.83,1,-1,-1,-1
52,1,321.34,32.60,159.45,480.36,1,-1,-1,-1
53,2,130.77,25.82,129.62,390.87,1,-1,-1,-1
53,1,324.88,31.73,160.27,482.83,1,-1,-1,-1
54,2,132.35,25.96,129.06,389.18,1,-1,-1,-1
54,1,328.63,31.49,160.68,484.06,1,-1,-1,-1
55,2,132.84,26.07,128.85,388.55,1,-1,-1,-1
55,1,332.48,31.55,160.88,484.67,1,-1,-1,-1
56,2,132.90,26.18,128.77,388.31,1,-1,-1,-1
56,1,336.39,31.76,160.98,484.98,1,-1,-1,-1
57,2,132.81,26.29,128.75,388.23,1,-1,-1,-1
57,1,340.31,32.06,161.03,485.13,1,-1,-1,-1
58,2,132.68,26.38,128.74,388.21,1,-1,-1,-1
58,1,344.26,32.39,161.06,485.21,1,-1,-1,-1
59,2,132.53,26.47,128.74,388.21,1,-1,-1,-1
59,1,348.20,32.74,161.07,485.24,1,-1,-1,-1
60,2,132.39,26.54,128.74,388.22,1,-1,-1,-1
60,1,352.15,33.10,161.08,485.26,1,-1,-1,-1
61,2,132.27,26.61,128.74,388.23,1,-1,-1,-1
61,1,356.11,33.46,161.08,485.27,1,-1,-1,-1
62,2,132.15,26.67,128.75,388.24,1,-1,-1,-1
63,2,132.04,26.73,128.75,388.25,1,-1,-1,-1
64,2,131.95,26.78,128.76,388.26,1,-1,-1,-1
65,2,131.86,26.82,128.76,388.27,1,-1,-1,-1
66,2,131.78,26.86,128.76,388.28,1,-1,-1,-1
67,2,131.71,26.90,128.77,388.30,1,-1,-1,-1
68,2,131.65,26.93,128.77,388.31,1,-1,-1,-1
69,2,131.59,26.96,128.77,388.32,1,-1,-1,-1
70,2,131.54,26.98,128.78,388.32,1,-1,-1,-1
71,2,124.73,10.37,141.17,425.52,1,-1,-1,-1
72,2,122.24,4.45,145.63,438.89,1,-1,-1,-1
73,2,121.29,2.25,147.30,443.89,1,-1,-1,-1
74,2,133.70,0.89,141.75,427.26,1,-1,-1,-1
75,2,125.59,0.89,145.85,439.53,1,-1,-1,-1
76,2,135.28,0.44,141.18,425.53,1,-1,-1,-1
77,2,126.12,0.75,145.63,438.89,1,-1,-1,-1
78,2,122.62,0.93,147.30,443.89,1,-1,-1,-1
79,2,121.28,1.00,147.93,445.78,1,-1,-1,-1
80,2,120.77,1.03,148.17,446.50,1,-1,-1,-1
81,2,120.57,1.04,148.26,446.77,1,-1,-1,-1
82,2,120.49,1.03,148.30,446.88,1,-1,-1,-1
83,2,120.46,1.03,148.31,446.92,1,-1,-1,-1
84,2,133.23,18.65,142.16,428.47,1,-1,-1,-1
85,2,131.80,23.61,134.06,404.18,1,-1,-1,-1
86,2,131.32,25.71,130.84,394.51,1,-1,-1,-1
87,2,131.14,26.54,129.59,390.76,1,-1,-1,-1
88,2,131.07,26.87,129.11,389.32,1,-1,-1,-1
89,2,131.04,27.00,128.92,388.77,1,-1,-1,-1
90,2,131.03,27.06,128.86,388.56,1,-1,-1,-1
91,2,131.03,27.09,128.83,388.49,1,-1,-1,-1
95,2,122.16,5.39,145.04,437.13,1,-1,-1,-1
96,2,138.07,17.03,129.44,390.34,1,-1,-1,-1
97,2,143.69,21.71,123.68,373.03,1,-1,-1,-1
98,2,145.82,23.61,121.44,366.32,1,-1,-1,-1
99,2,142.68,27.16,132.08,398.23,1,-1,-1,-1
100,2,141.56,10.62,135.92,409.76,1,-1,-1,-1
101,2,141.11,4.37,137.36,414.08,1,-1,-1,-1
102,2,140.91,2.01,137.91,415.71,1,-1,-1,-1
103,2,140.81,1.14,138.12,416.34,1,-1,-1,-1
104,2,140.74,0.83,138.20,416.58,1,-1,-1,-1
105,2,140.69,18.93,138.23,416.67,1,-1,-1,-1
106,2,140.65,25.80,138.24,416.71,1,-1,-1,-1
107,2,140.62,28.37,138.24,416.72,1,-1,-1,-1
108,2,140.59,29.29,138.25,416.73,1,-1,-1,-1
109,2,140.56,29.59,138.25,416.73,1,-1,-1,-1
110,2,140.54,29.65,138.25,416.73,1,-1,-1,-1
111,2,140.52,29.63,138.25,416.74,1,-1,-1,-1
112,2,140.50,29.58,138.25,416.74,1,-1,-1,-1
113,2,140.48,29.52,138.25,416.74,1,-1,-1,-1
114,2,140.46,29.47,138.25,416.74,1,-1,-1,-1
115,2,140.45,29.41,138.25,416.74,1,-1,-1,-1
116,2,140.43,29.37,138.25,416.74,1,-1,-1,-1
117,2,140.42,29.32,138.25,416.75,1,-1,-1,-1
118,2,140.41,29.28,138.25,416.75,1,-1,-1,-1
119,2,151.10,27.49,132.52,399.55,1,-1,-1,-1
120,2,144.44,28.54,136.09,410.27,1,-1,-1,-1
121,2,148.52,11.05,143.78,433.33,1,-1,-1,-1
122,2,150.09,4.54,146.61,441.81,1,-1,-1,-1
137,3,140.29,28.86,138.29,416.86,1,-1,-1,-1
138,3,140.29,28.86,138.29,416.86,1,-1,-1,-1
139,3,140.29,28.86,138.29,416.86,1,-1,-1,-1
140,3,140.29,28.86,138.29,416.86,1,-1,-1,-1
141,3,152.64,27.36,131.43,396.27,1,-1,-1,-1
142,3,156.72,26.99,129.10,389.29,1,-1,-1,-1
143,3,146.31,28.11,134.96,406.87,1,-1,-1,-1
144,3,153.90,27.26,130.70,394.09,1,-1,-1,-1
145,3,156.63,27.02,129.14,389.42,1,-1,-1,-1
146,3,146.33,28.16,134.91,406.74,1,-1,-1,-1
147,3,153.57,27.32,130.88,394.62,1,-1,-1,-1
148,3,145.19,28.34,135.53,408.59,1,-1,-1,-1
149,3,153.02,27.38,131.19,395.56,1,-1,-1,-1
150,3,144.98,28.38,135.64,408.91,1,-1,-1,-1
151,3,141.95,28.82,137.29,413.87,1,-1,-1,-1
152,3,151.68,27.50,131.95,397.85,1,-1,-1,-1
153,3,155.38,27.09,129.88,391.62,1,-1,-1,-1
154,3,156.76,26.96,129.09,389.27,1,-1,-1,-1
155,3,157.25,26.93,128.80,388.41,1,-1,-1,-1
156,3,146.52,28.25,134.76,406.27,1,-1,-1,-1
157,3,142.47,28.85,136.96,412.87,1,-1,-1,-1
158,3,140.94,29.08,137.79,415.36,1,-1,-1,-1
159,3,140.38,29.14,138.10,416.30,1,-1,-1,-1
160,3,140.18,29.15,138.22,416.66,1,-1,-1,-1
161,3,150.88,27.54,132.42,399.26,1,-1,-1,-1
162,3,144.17,28.49,136.08,410.25,1,-1,-1,-1
163,3,148.20,10.80,143.91,433.73,1,-1,-1,-1
164,3,149.78,4.24,146.78,442.34,1,-1,-1,-1
165,3,143.69,1.39,141.59,426.77,1,-1,-1,-1
166,3,134.13,0.76,152.87,460.61,1,-1,-1,-1
167,3,124.90,0.50,150.18,452.55,1,-1,-1,-1
168,3,121.43,0.44,149.14,449.42,1,-1,-1,-1
169,3,120.16,0.44,148.74,448.20,1,-1,-1,-1
170,3,125.42,0.71,155.40,468.21,1,-1,-1,-1
171,3,121.74,0.49,151.16,455.47,1,-1,-1,-1
172,3,120.40,0.47,149.50,450.50,1,-1,-1,-1
173,3,119.93,0.48,148.86,448.57,1,-1,-1,-1
174,3,119.79,0.50,148.61,447.83,1,-1,-1,-1
175,3,125.47,0.80,155.32,467.98,1,-1,-1,-1
178,3,120.91,0.44,150.00,452.00,1,-1,-1,-1
180,3,143.44,0.47,148.87,448.59,1,-1,-1,-1
181,3,128.40,0.56,148.58,447.74,1,-1,-1,-1
182,3,123.07,0.59,148.48,447.44,1,-1,-1,-1
183,3,121.08,0.61,148.45,447.33,1,-1,-1,-1
184,3,139.84,0.63,148.43,447.28,1,-1,-1,-1
185,3,127.47,0.65,148.42,447.26,1,-1,-1,-1
186,3,122.76,0.67,148.42,447.24,1,-1,-1,-1
187,3,120.98,0.69,148.41,447.23,1,-1,-1,-1
188,3,120.33,0.71,148.41,447.22,1,-1,-1,-1
189,3,120.11,0.72,148.41,447.21,1,-1,-1,-1
190,3,120.05,0.73,148.41,447.21,1,-1,-1,-1
191,3,120.05,0.75,148.40,447.20,1,-1,-1,-1
192,3,120.07,0.76,148.40,447.19,1,-1,-1,-1
193,3,120.09,0.77,148.40,447.19,1,-1,-1,-1
194,3,120.12,0.78,148.40,447.18,1,-1,-1,-1
195,3,120.14,0.79,148.39,447.17,1,-1,-1,-1
196,3,120.17,0.80,148.39,447.17,1,-1,-1,-1
197,3,120.19,0.80,148.39,447.16,1,-1,-1,-1
198,3,120.21,0.81,148.39,447.16,1,-1,-1,-1
199,3,120.22,0.82,148.39,447.15,1,-1,-1,-1
200,3,120.24,0.82,148.38,447.15,1,-1,-1,-1
201,3,120.25,0.83,148.38,447.14,1,-1,-1,-1
202,3,120.27,0.83,148.38,447.14,1,-1,-1,-1
203,3,129.82,12.23,127.01,383.08,1,-1,-1,-1
204,3,118.52,22.86,134.08,404.27,1,-1,-1,-1
205,3,126.25,25.42,130.87,394.62,1,-1,-1,-1
206,3,117.23,27.98,135.50,408.48,1,-1,-1,-1
207,3,113.84,28.99,137.22,413.66,1,-1,-1,-1
208,3,112.58,29.34,137.88,415.62,1,-1,-1,-1
209,3,124.07,27.71,132.37,399.11,1,-1,-1,-1
210,3,138.45,25.48,124.90,376.70,1,-1,-1,-1
211,3,143.97,24.86,121.93,367.78,1,-1,-1,-1
212,3,146.05,40.53,120.78,364.32,1,-1,-1,-1
213,3,155.06,43.94,115.34,348.01,1,-1,-1,-1
214,3,158.47,45.36,113.20,341.58,1,-1,-1,-1
215,3,167.24,48.32,117.49,354.47,1,-1,-1,-1
216,3,170.51,49.50,119.09,359.27,1,-1,-1,-1
217,3,164.11,47.39,114.68,346.03,1,-1,-1,-1
218,3,169.16,49.10,118.05,356.13,1,-1,-1,-1
219,3,178.24,62.03,114.27,344.80,1,-1,-1,-1
220,3,181.64,66.97,112.80,340.38,1,-1,-1,-1
221,3,182.85,68.83,112.23,338.68,1,-1,-1,-1
222,3,193.31,75.62,103.11,311.34,1,-1,-1,-1
223,3,197.32,78.53,99.42,300.25,1,-1,-1,-1
224,3,202.03,87.84,93.93,283.80,1,-1,-1,-1
225,3,203.78,91.51,91.76,277.27,1,-1,-1,-1
226,3,217.81,99.74,87.13,263.40,1,-1,-1,-1
227,3,223.07,102.97,85.31,257.92,1,-1,-1,-1
228,4,321.00,33.00,159.00,479.00,1,-1,-1,-1
228,3,224.97,104.20,84.61,255.81,1,-1,-1,-1
229,4,332.99,52.78,141.68,426.99,1,-1,-1,-1
229,3,243.32,108.97,74.65,225.98,1,-1,-1,-1
230,4,336.14,58.22,137.03,413.02,1,-1,-1,-1
230,3,243.50,101.75,76.96,232.88,1,-1,-1,-1
231,4,336.65,59.09,136.28,410.78,1,-1,-1,-1
231,3,252.37,104.36,74.48,225.44,1,-1,-1,-1
232,4,336.58,58.97,136.38,411.11,1,-1,-1,-1
232,3,255.61,105.41,73.52,222.55,1,-1,-1,-1
233,4,336.40,58.66,136.65,411.90,1,-1,-1,-1
233,3,258.20,110.88,76.56,231.66,1,-1,-1,-1
234,4,356.90,73.89,130.41,393.19,1,-1,-1,-1
234,3,259.90,107.15,81.37,246.12,1,-1,-1,-1
235,4,364.15,79.27,128.23,386.67,1,-1,-1,-1
235,3,267.75,106.30,76.27,230.82,1,-1,-1,-1
236,4,365.33,65.77,134.00,403.96,1,-1,-1,-1
236,3,280.39,106.12,74.24,224.71,1,-1,-1,-1
237,4,384.22,75.64,129.92,391.73,1,-1,-1,-1
237,3,290.75,110.34,70.37,213.11,1,-1,-1,-1
238,4,391.03,79.24,128.45,387.32,1,-1,-1,-1
238,3,298.57,107.71,71.99,217.96,1,-1,-1,-1
239,4,408.15,92.98,122.28,368.80,1,-1,-1,-1
239,3,306.42,111.04,69.49,210.45,1,-1,-1,-1
240,4,416.73,85.51,125.72,379.14,1,-1,-1,-1
240,3,309.23,112.36,68.51,207.52,1,-1,-1,-1
241,4,419.68,82.60,127.06,383.17,1,-1,-1,-1
241,3,313.62,116.26,65.25,197.74,1,-1,-1,-1
242,4,434.07,93.79,121.99,367.95,1,-1,-1,-1
242,3,315.13,117.83,63.97,193.90,1,-1,-1,-1
243,4,442.79,85.53,125.76,379.27,1,-1,-1,-1
243,3,315.55,118.45,63.48,192.43,1,-1,-1,-1
244,4,451.38,88.64,123.98,373.89,1,-1,-1,-1
244,3,316.64,110.67,69.53,210.60,1,-1,-1,-1
245,4,459.52,90.42,123.08,371.17,1,-1,-1,-1
245,3,324.28,115.62,65.69,199.06,1,-1,-1,-1
246,4,467.45,91.53,122.62,369.80,1,-1,-1,-1
246,3,327.07,117.61,64.17,194.48,1,-1,-1,-1
247,4,475.26,92.29,122.39,369.11,1,-1,-1,-1
247,3,327.99,118.39,63.58,192.73,1,-1,-1,-1
248,3,316.18,115.20,66.33,200.98,1,-1,-1,-1
249,4,477.15,91.33,113.11,341.30,1,-1,-1,-1
249,3,317.22,119.98,61.78,187.33,1,-1,-1,-1
250,5,409.00,169.00,39.00,119.00,1,-1,-1,-1
250,4,483.74,91.42,112.52,339.53,1,-1,-1,-1
250,3,320.98,115.76,65.69,199.06,1,-1,-1,-1
251,5,412.29,164.28,41.65,126.99,1,-1,-1,-1
251,4,492.52,143.46,101.11,305.33,1,-1,-1,-1
251,3,325.27,117.68,64.20,194.57,1,-1,-1,-1
252,5,416.70,167.70,39.74,121.21,1,-1,-1,-1
252,4,495.25,154.68,98.46,297.37,1,-1,-1,-1
252,3,328.36,121.01,60.93,184.78,1,-1,-1,-1
253,5,417.71,168.72,39.16,119.47,1,-1,-1,-1
253,4,501.34,158.81,97.50,294.47,1,-1,-1,-1
253,3,337.25,131.59,57.15,173.44,1,-1,-1,-1
254,5,415.99,166.98,43.47,132.46,1,-1,-1,-1
254,4,507.20,162.23,97.02,293.02,1,-1,-1,-1
254,3,340.68,134.30,58.20,176.59,1,-1,-1,-1
255,5,415.36,166.54,44.81,136.45,1,-1,-1,-1
255,4,512.93,165.28,96.78,292.28,1,-1,-1,-1
255,3,341.89,135.32,58.61,177.80,1,-1,-1,-1
256,5,413.68,170.57,43.12,131.37,1,-1,-1,-1
256,4,518.61,168.15,96.66,291.92,1,-1,-1,-1
256,3,342.12,137.05,56.23,170.68,1,-1,-1,-1
257,6,91.51,136.76,55.57,168.71,1,-1,-1,-1
257,4,524.25,170.93,96.60,291.73,1,-1,-1,-1
257,3,349.51,137.74,55.31,167.90,1,-1,-1,-1
258,6,63.93,134.54,59.32,180.00,1,-1,-1,-1
258,5,416.24,138.21,60.54,183.78,1,-1,-1,-1
258,4,529.88,173.66,96.56,291.64,1,-1,-1,-1
258,3,344.95,136.52,57.54,174.61,1,-1,-1,-1
259,5,408.12,124.74,70.38,213.27,1,-1,-1,-1
259,4,535.50,176.37,96.55,291.60,1,-1,-1,-1
259,3,343.01,137.47,55.83,169.47,1,-1,-1,-1
260,7,161.00,33.00,159.00,479.00,1,-1,-1,-1
260,5,392.63,126.29,77.07,233.32,1,-1,-1,-1
260,3,338.89,131.09,63.67,193.02,1,-1,-1,-1
261,7,149.61,31.12,149.99,451.94,1,-1,-1,-1
261,5,376.33,127.17,79.34,240.09,1,-1,-1,-1
261,3,333.12,142.52,58.32,176.98,1,-1,-1,-1
262,7,148.34,30.78,147.66,444.95,1,-1,-1,-1
262,5,353.74,122.38,83.84,253.58,1,-1,-1,-1
262,3,334.51,145.31,57.11,173.30,1,-1,-1,-1
263,7,125.00,30.73,147.29,443.84,1,-1,-1,-1
263,5,334.08,120.71,85.40,258.25,1,-1,-1,-1
263,3,335.60,147.20,56.50,171.44,1,-1,-1,-1
264,7,118.32,30.75,147.34,444.00,1,-1,-1,-1
264,5,315.58,120.12,85.91,259.79,1,-1,-1,-1
264,3,336.54,148.63,56.19,170.50,1,-1,-1,-1
265,7,107.26,30.56,145.41,438.18,1,-1,-1,-1
265,5,287.24,105.86,94.36,285.13,1,-1,-1,-1
265,3,366.24,157.83,52.53,159.57,1,-1,-1,-1
266,5,275.81,114.39,89.30,269.94,1,-1,-1,-1
266,3,370.08,159.31,51.97,157.90,1,-1,-1,-1
267,5,272.81,111.60,91.14,275.45,1,-1,-1,-1
267,3,364.48,152.91,51.77,157.31,1,-1,-1,-1
268,5,297.16,122.98,69.57,210.98,1,-1,-1,-1
268,3,357.62,141.23,56.72,172.16,1,-1,-1,-1
269,5,307.66,123.51,59.37,180.26,1,-1,-1,-1
269,3,354.34,138.34,55.95,169.86,1,-1,-1,-1
270,5,304.84,108.55,57.29,173.95,1,-1,-1,-1
270,3,345.67,122.48,55.66,168.97,1,-1,-1,-1
271,5,299.32,103.67,58.02,176.16,1,-1,-1,-1
271,3,334.55,98.18,58.11,176.32,1,-1,-1,-1
272,5,293.97,99.35,58.38,177.26,1,-1,-1,-1
272,3,320.26,59.20,61.78,187.36,1,-1,-1,-1
273,5,288.72,95.31,58.56,177.80,1,-1,-1,-1
273,3,314.90,44.63,63.13,191.41,1,-1,-1,-1
274,5,269.17,83.76,47.22,143.69,1,-1,-1,-1
274,3,309.40,50.37,66.60,201.80,1,-1,-1,-1
275,5,265.91,94.54,45.57,138.72,1,-1,-1,-1
275,3,298.30,61.90,67.87,205.63,1,-1,-1,-1
276,5,264.79,116.28,44.99,136.96,1,-1,-1,-1
276,3,295.39,58.40,67.88,205.64,1,-1,-1,-1
277,5,258.94,114.78,44.47,135.39,1,-1,-1,-1
277,3,282.57,99.23,68.44,207.32,1,-1,-1,-1
278,5,252.96,112.88,44.21,134.59,1,-1,-1,-1
278,3,270.02,108.20,68.57,207.72,1,-1,-1,-1
279,8,30.86,30.86,148.29,446.86,1,-1,-1,-1
279,5,246.92,110.79,44.08,134.20,1,-1,-1,-1
279,3,256.48,120.51,68.62,207.86,1,-1,-1,-1
280,8,1.32,31.05,149.03,449.09,1,-1,-1,-1
280,3,254.29,176.06,56.79,172.45,1,-1,-1,-1
281,3,259.20,146.11,53.67,163.05,1,-1,-1,-1
282,9,155.34,103.89,84.74,256.23,1,-1,-1,-1
282,3,256.78,147.42,48.35,147.08,1,-1,-1,-1
283,9,141.20,98.19,97.78,295.43,1,-1,-1,-1
283,3,260.50,148.92,50.42,153.27,1,-1,-1,-1
284,9,145.61,108.12,93.93,283.83,1,-1,-1,-1
284,3,269.77,155.72,48.99,148.99,1,-1,-1,-1
285,9,155.41,101.72,97.58,294.80,1,-1,-1,-1
285,3,279.48,151.99,50.66,153.98,1,-1,-1,-1
286,9,164.17,108.38,93.69,283.11,1,-1,-1,-1
286,3,277.98,153.71,50.45,153.34,1,-1,-1,-1
287,9,175.47,102.27,96.91,292.75,1,-1,-1,-1
287,3,262.34,163.42,46.47,141.41,1,-1,-1,-1
288,9,179.19,100.14,97.92,295.79,1,-1,-1,-1
288,3,269.99,169.80,43.53,132.60,1,-1,-1,-1
289,9,182.79,93.78,108.35,327.10,1,-1,-1,-1
289,3,281.63,180.14,40.68,124.05,1,-1,-1,-1
290,9,199.35,91.84,111.84,337.56,1,-1,-1,-1
290,3,280.06,158.64,53.18,161.65,1,-1,-1,-1
291,10,158.63,158.63,59.63,180.89,1,-1,-1,-1
291,9,205.21,91.19,113.00,341.03,1,-1,-1,-1
291,3,292.89,149.79,60.10,182.37,1,-1,-1,-1
292,9,216.89,79.17,118.71,358.17,1,-1,-1,-1
292,3,293.85,151.37,60.12,182.42,1,-1,-1,-1
293,11,30.86,30.86,148.29,446.86,1,-1,-1,-1
293,9,221.00,74.81,120.70,364.13,1,-1,-1,-1
293,3,329.98,157.29,59.76,181.31,1,-1,-1,-1
294,12,442.87,26.99,128.96,388.88,1,-1,-1,-1
294,11,54.71,54.70,139.09,419.23,1,-1,-1,-1
294,9,238.32,73.23,121.36,366.10,1,-1,-1,-1
294,3,346.46,158.82,59.68,181.05,1,-1,-1,-1
295,12,450.36,2.84,146.88,442.71,1,-1,-1,-1
295,11,62.73,37.22,145.85,439.55,1,-1,-1,-1
295,9,238.91,59.08,127.20,383.64,1,-1,-1,-1
295,3,360.21,159.34,59.65,180.95,1,-1,-1,-1
296,11,82.79,52.50,139.95,421.81,1,-1,-1,-1
296,9,242.09,39.23,142.07,428.25,1,-1,-1,-1
296,3,373.15,159.48,59.64,180.92,1,-1,-1,-1
297,11,88.22,57.12,138.14,416.38,1,-1,-1,-1
297,9,243.19,32.39,147.24,443.75,1,-1,-1,-1
297,3,387.14,147.70,65.38,198.17,1,-1,-1,-1
298,11,103.89,74.26,131.01,394.99,1,-1,-1,-1
298,9,250.10,28.33,150.50,453.56,1,-1,-1,-1
298,3,398.74,154.85,61.89,187.68,1,-1,-1,-1
299,11,113.95,64.42,135.12,407.35,1,-1,-1,-1
299,9,257.83,26.77,152.10,458.39,1,-1,-1,-1
299,3,405.51,145.95,66.18,200.55,1,-1,-1,-1
300,11,126.95,69.26,133.17,401.46,1,-1,-1,-1
300,9,265.97,26.43,152.89,460.79,1,-1,-1,-1
300,3,428.96,154.08,62.21,188.65,1,-1,-1,-1
301,3,440.60,157.44,58.18,176.55,1,-1,-1,-1
302,13,375.27,158.59,48.25,146.74,1,-1,-1,-1
302,3,449.68,158.53,59.08,179.24,1,-1,-1,-1
303,13,384.88,158.00,48.49,147.48,1,-1,-1,-1
303,3,456.93,149.47,62.17,188.52,1,-1,-1,-1
304,13,387.99,157.04,45.61,138.80,1,-1,-1,-1
304,11,177.92,189.04,100.27,302.76,1,-1,-1,-1
304,3,459.40,146.06,63.31,191.94,1,-1,-1,-1
305,13,387.34,140.51,53.36,162.14,1,-1,-1,-1
305,11,190.78,204.48,95.71,289.01,1,-1,-1,-1
305,3,463.23,142.51,66.69,202.08,1,-1,-1,-1
306,13,391.38,144.88,52.72,160.19,1,-1,-1,-1
306,3,469.71,143.37,65.04,197.14,1,-1,-1,-1
307,13,387.89,153.55,49.95,151.88,1,-1,-1,-1
307,3,500.82,134.18,74.05,224.17,1,-1,-1,-1
308,14,306.47,148.08,55.57,168.71,1,-1,-1,-1
308,13,391.89,163.52,42.78,130.36,1,-1,-1,-1
308,3,512.46,131.07,77.21,233.66,1,-1,-1,-1
309,15,361.00,185.00,39.00,119.00,1,-1,-1,-1
309,14,304.32,146.61,59.32,180.00,1,-1,-1,-1
309,13,398.73,142.98,54.58,165.86,1,-1,-1,-1
309,11,139.94,69.71,125.46,378.40,1,-1,-1,-1
309,3,518.19,124.87,82.03,248.12,1,-1,-1,-1
310,16,464.01,172.48,41.87,127.61,1,-1,-1,-1
310,15,361.76,189.55,41.44,126.34,1,-1,-1,-1
310,14,303.91,146.36,60.02,182.11,1,-1,-1,-1
310,13,402.04,146.12,53.03,161.15,1,-1,-1,-1
310,11,141.35,59.98,134.38,405.17,1,-1,-1,-1
310,3,520.05,122.59,83.80,253.42,1,-1,-1,-1
311,16,455.40,172.76,42.08,128.25,1,-1,-1,-1
311,15,368.22,193.13,39.60,120.81,1,-1,-1,-1
311,14,303.87,146.34,60.09,182.30,1,-1,-1,-1
311,13,403.13,147.37,52.42,159.28,1,-1,-1,-1
311,11,141.92,56.93,137.22,413.65,1,-1,-1,-1
311,3,506.16,120.75,92.63,279.90,1,-1,-1,-1
312,16,448.65,176.47,39.57,120.70,1,-1,-1,-1
312,15,370.31,191.21,41.34,126.03,1,-1,-1,-1
312,14,304.37,108.95,74.80,226.53,1,-1,-1,-1
312,13,399.98,147.45,54.68,166.08,1,-1,-1,-1
312,11,142.03,55.87,138.25,416.74,1,-1,-1,-1
312,3,504.20,117.11,105.28,317.86,1,-1,-1,-1
313,16,441.84,168.95,43.64,132.95,1,-1,-1,-1
313,15,369.93,186.86,44.15,134.50,1,-1,-1,-1
313,13,398.71,147.55,55.49,168.49,1,-1,-1,-1
313,11,145.15,53.36,139.19,419.59,1,-1,-1,-1
313,3,495.08,105.77,114.95,346.88,1,-1,-1,-1
314,16,439.30,174.50,40.48,123.44,1,-1,-1,-1
314,15,369.66,185.42,45.02,137.10,1,-1,-1,-1
314,14,311.31,134.35,67.56,204.74,1,-1,-1,-1
314,13,398.15,147.62,55.77,169.34,1,-1,-1,-1
314,11,154.87,72.26,131.71,397.14,1,-1,-1,-1
314,3,491.47,101.66,118.44,357.32,1,-1,-1,-1
315,15,374.14,187.25,47.58,144.77,1,-1,-1,-1
315,14,312.73,140.46,65.59,198.81,1,-1,-1,-1
315,13,390.62,97.02,80.49,243.68,1,-1,-1,-1
315,11,146.38,80.48,136.07,410.21,1,-1,-1,-1
315,3,489.91,100.04,119.74,361.23,1,-1,-1,-1
316,15,382.44,187.95,48.42,147.29,1,-1,-1,-1
316,14,313.20,142.58,64.89,196.69,1,-1,-1,-1
316,13,381.84,123.37,73.84,223.62,1,-1,-1,-1
316,11,149.94,67.89,144.08,434.25,1,-1,-1,-1
316,3,494.99,87.21,125.72,379.16,1,-1,-1,-1
317,17,26.99,130.96,63.98,193.94,1,-1,-1,-1
317,15,392.24,188.94,44.52,135.60,1,-1,-1,-1
317,14,313.32,143.37,64.59,195.80,1,-1,-1,-1
317,13,397.20,90.41,85.72,259.25,1,-1,-1,-1
317,11,137.34,45.25,153.93,463.82,1,-1,-1,-1
317,3,501.81,68.08,133.85,403.55,1,-1,-1,-1
318,17,36.57,134.11,59.98,181.91,1,-1,-1,-1
318,15,401.52,189.42,42.96,130.90,1,-1,-1,-1
318,14,322.02,143.66,64.45,195.38,1,-1,-1,-1
318,13,398.94,86.35,87.73,265.34,1,-1,-1,-1
318,11,150.26,65.24,139.00,419.03,1,-1,-1,-1
318,3,507.56,68.39,134.38,405.17,1,-1,-1,-1
319,17,36.37,146.47,55.71,169.06,1,-1,-1,-1
319,14,325.22,143.77,64.38,195.15,1,-1,-1,-1
319,13,416.95,154.62,62.76,190.44,1,-1,-1,-1
319,11,151.17,62.23,145.08,437.26,1,-1,-1,-1
319,3,513.44,69.11,134.65,405.97,1,-1,-1,-1
320,17,37.93,138.63,57.98,175.90,1,-1,-1,-1
320,14,338.57,128.18,70.76,214.31,1,-1,-1,-1
320,13,434.90,166.06,57.94,175.89,1,-1,-1,-1
320,11,181.21,58.19,141.04,425.11,1,-1,-1,-1
320,3,519.39,70.03,134.78,406.37,1,-1,-1,-1
321,17,53.28,137.79,55.76,169.26,1,-1,-1,-1
321,14,355.94,126.36,69.76,211.30,1,-1,-1,-1
321,13,449.56,169.55,53.75,163.27,1,-1,-1,-1
321,11,192.51,56.73,139.46,420.37,1,-1,-1,-1
321,3,525.37,71.05,134.85,406.57,1,-1,-1,-1
322,17,66.29,129.35,55.09,167.25,1,-1,-1,-1
322,14,376.76,116.95,76.16,230.51,1,-1,-1,-1
322,13,468.92,164.10,54.54,165.62,1,-1,-1,-1
322,11,204.93,53.33,133.05,401.15,1,-1,-1,-1
322,3,531.36,72.12,134.88,406.67,1,-1,-1,-1
323,18,143.96,117.96,63.98,193.94,1,-1,-1,-1
323,17,78.40,126.39,54.94,166.78,1,-1,-1,-1
323,14,395.00,113.64,78.42,237.29,1,-1,-1,-1
323,13,490.86,161.96,54.85,166.55,1,-1,-1,-1
323,11,219.36,36.75,136.42,411.26,1,-1,-1,-1
323,3,537.37,73.22,134.90,406.72,1,-1,-1,-1
324,18,143.88,84.66,77.93,235.90,1,-1,-1,-1
324,17,77.93,123.12,57.77,175.32,1,-1,-1,-1
324,14,401.65,101.95,79.24,239.73,1,-1,-1,-1
324,13,511.62,160.96,52.58,159.73,1,-1,-1,-1
324,11,231.74,45.94,131.84,397.53,1,-1,-1,-1
324,3,543.38,74.33,134.91,406.75,1,-1,-1,-1
325,18,130.96,78.02,80.36,243.18,1,-1,-1,-1
325,17,85.65,122.04,58.82,178.45,1,-1,-1,-1
325,14,414.38,97.60,79.52,240.57,1,-1,-1,-1
325,13,515.43,118.65,70.24,212.82,1,-1,-1,-1
325,11,239.57,35.47,142.46,429.38,1,-1,-1,-1
325,3,549.39,75.44,134.91,406.76,1,-1,-1,-1
326,18,121.56,81.84,85.05,257.24,1,-1,-1,-1
326,17,80.03,121.72,59.22,179.65,1,-1,-1,-1
326,14,429.41,96.03,79.60,240.81,1,-1,-1,-1
326,13,539.09,134.55,66.32,201.02,1,-1,-1,-1
326,11,242.39,31.84,146.30,440.90,1,-1,-1,-1
326,3,555.40,76.56,134.91,406.77,1,-1,-1,-1
327,18,106.33,83.61,86.17,260.59,1,-1,-1,-1
327,17,78.36,132.10,54.29,164.88,1,-1,-1,-1
327,14,432.69,88.91,83.30,251.92,1,-1,-1,-1
327,13,556.27,140.70,64.78,196.34,1,-1,-1,-1
327,11,250.83,28.81,141.49,426.47,1,-1,-1,-1
327,3,561.42,77.68,134.92,406.77,1,-1,-1,-1
328,18,93.85,75.80,90.68,274.11,1,-1,-1,-1
328,14,433.65,86.35,84.64,255.95,1,-1,-1,-1
328,13,569.61,144.52,61.47,186.41,1,-1,-1,-1
328,11,265.68,29.42,145.93,439.79,1,-1,-1,-1
328,3,567.43,78.80,134.92,406.77,1,-1,-1,-1
329,18,67.08,63.31,96.61,291.90,1,-1,-1,-1
329,14,436.80,80.99,93.42,282.29,1,-1,-1,-1
329,13,574.34,146.03,60.16,182.49,1,-1,-1,-1
329,11,271.08,29.76,147.58,444.75,1,-1,-1,-1
329,3,573.44,79.92,134.92,406.77,1,-1,-1,-1
330,18,44.51,59.18,98.50,297.54,1,-1,-1,-1
330,14,442.83,87.71,92.34,279.06,1,-1,-1,-1
330,13,558.76,113.95,72.50,219.57,1,-1,-1,-1
330,11,279.16,46.34,141.99,427.97,1,-1,-1,-1
330,3,579.46,81.04,134.92,406.77,1,-1,-1,-1
331,18,24.50,60.87,103.77,313.35,1,-1,-1,-1
331,14,449.12,92.24,84.63,255.92,1,-1,-1,-1
331,13,555.87,95.80,80.47,243.47,1,-1,-1,-1
331,11,282.00,34.57,139.80,421.38,1,-1,-1,-1
331,3,585.47,82.16,134.92,406.77,1,-1,-1,-1
332,18,3.58,49.65,110.59,333.81,1,-1,-1,-1
332,14,450.05,87.85,85.07,257.22,1,-1,-1,-1
332,13,561.89,95.79,79.67,241.03,1,-1,-1,-1
332,11,276.50,31.74,145.28,437.85,1,-1,-1,-1
332,3,591.49,83.28,134.92,406.77,1,-1,-1,-1
333,18,-12.62,44.89,114.38,345.25,1,-1,-1,-1
333,14,459.12,78.38,89.15,269.47,1,-1,-1,-1
333,13,563.92,95.85,79.36,240.08,1,-1,-1,-1
333,11,274.21,30.78,147.32,443.96,1,-1,-1,-1
333,3,597.50,84.40,134.92,406.77,1,-1,-1,-1
334,14,458.19,78.45,94.89,286.68,1,-1,-1,-1
334,13,571.48,105.36,72.89,220.69,1,-1,-1,-1
334,11,273.15,30.44,148.09,446.25,1,-1,-1,-1
334,3,603.51,85.52,134.92,406.77,1,-1,-1,-1
335,19,417.00,113.00,79.00,239.00,1,-1,-1,-1
335,14,461.77,74.96,92.82,280.49,1,-1,-1,-1
335,13,574.20,109.28,70.27,212.82,1,-1,-1,-1
335,11,264.37,32.01,155.18,467.54,1,-1,-1,-1
335,3,609.53,86.64,134.92,406.77,1,-1,-1,-1
336,20,26.99,104.97,63.98,193.94,1,-1,-1,-1
336,14,462.92,73.70,92.01,278.04,1,-1,-1,-1
336,13,584.12,101.76,69.25,209.74,1,-1,-1,-1
336,11,269.07,30.86,151.11,455.33,1,-1,-1,-1
336,3,615.54,87.76,134.92,406.77,1,-1,-1,-1
337,20,24.57,108.38,60.32,182.95,1,-1,-1,-1
337,14,463.17,73.27,91.68,277.06,1,-1,-1,-1
337,13,590.84,99.89,69.20,209.61,1,-1,-1,-1
337,11,258.80,28.58,143.39,432.16,1,-1,-1,-1
337,3,621.55,88.88,134.92,406.77,1,-1,-1,-1
338,20,24.60,109.89,59.38,180.11,1,-1,-1,-1
338,19,433.24,112.77,79.16,239.49,1,-1,-1,-1
338,14,475.09,73.17,91.55,276.65,1,-1,-1,-1
338,13,597.55,97.99,69.18,209.54,1,-1,-1,-1
338,11,258.50,10.31,153.47,462.41,1,-1,-1,-1
338,3,627.57,90.01,134.92,406.77,1,-1,-1,-1
339,20,24.75,110.27,59.23,179.66,1,-1,-1,-1
339,19,434.44,112.85,79.10,239.32,1,-1,-1,-1
339,14,479.43,73.18,91.48,276.46,1,-1,-1,-1
339,13,604.25,96.07,69.17,209.51,1,-1,-1,-1
339,11,266.54,3.22,150.43,453.29,1,-1,-1,-1
339,3,633.58,91.13,134.92,406.77,1,-1,-1,-1
340,19,446.16,112.89,79.08,239.25,1,-1,-1,-1
340,14,490.49,63.98,95.63,288.92,1,-1,-1,-1
340,13,610.94,94.14,69.16,209.49,1,-1,-1,-1
340,11,261.33,0.98,156.01,470.04,1,-1,-1,-1
340,3,639.60,92.25,134.92,406.77,1,-1,-1,-1
341,19,460.49,106.49,83.10,251.33,1,-1,-1,-1
341,14,503.85,63.50,101.69,307.08,1,-1,-1,-1
341,11,267.42,19.26,151.42,456.26,1,-1,-1,-1
341,3,645.61,93.37,134.92,406.77,1,-1,-1,-1
342,19,477.01,110.49,80.59,243.78,1,-1,-1,-1
342,14,517.76,51.80,108.76,328.29,1,-1,-1,-1
342,11,269.68,26.31,149.63,450.88,1,-1,-1,-1
342,3,651.62,94.49,134.92,406.77,1,-1,-1,-1
343,19,482.67,112.02,79.63,240.88,1,-1,-1,-1
343,14,530.05,55.81,102.27,308.83,1,-1,-1,-1
343,11,271.94,25.76,150.01,452.03,1,-1,-1,-1
343,3,657.64,95.61,134.92,406.77,1,-1,-1,-1
344,19,491.34,111.80,79.77,241.33,1,-1,-1,-1
344,14,547.38,57.55,99.68,301.04,1,-1,-1,-1
344,11,293.72,6.54,148.80,448.39,1,-1,-1,-1
344,3,663.65,96.73,134.92,406.77,1,-1,-1,-1
345,22,433.00,97.00,79.00,239.00,1,-1,-1,-1
345,21,61.63,110.13,59.63,180.89,1,-1,-1,-1
345,19,523.00,112.72,79.18,239.55,1,-1,-1,-1
345,14,555.95,55.27,100.60,303.84,1,-1,-1,-1
345,11,297.71,4.49,148.96,448.88,1,-1,-1,-1
345,3,669.66,97.85,134.92,406.77,1,-1,-1,-1
346,22,447.77,97.00,79.00,239.00,1,-1,-1,-1
346,21,73.49,121.75,59.28,179.84,1,-1,-1,-1
346,19,534.56,112.72,79.19,239.56,1,-1,-1,-1
346,14,555.02,97.38,93.66,283.00,1,-1,-1,-1
346,11,301.75,2.56,149.04,449.12,1,-1,-1,-1
346,3,675.68,98.97,134.92,406.77,1,-1,-1,-1
347,21,90.52,126.46,55.98,169.89,1,-1,-1,-1
347,19,546.12,112.73,79.19,239.57,1,-1,-1,-1
347,14,562.74,98.90,93.94,283.86,1,-1,-1,-1
347,11,345.58,1.44,157.08,473.23,1,-1,-1,-1
347,3,681.69,100.09,134.92,406.77,1,-1,-1,-1
348,23,37.38,122.26,59.63,180.89,1,-1,-1,-1
348,21,89.61,145.65,52.18,158.49,1,-1,-1,-1
348,14,570.54,100.64,94.09,284.28,1,-1,-1,-1
348,11,347.07,1.15,165.97,499.93,1,-1,-1,-1
348,3,687.71,101.21,134.92,406.77,1,-1,-1,-1
349,23,48.76,121.16,59.93,181.80,1,-1,-1,-1
349,21,104.47,143.27,51.10,155.24,1,-1,-1,-1
349,14,578.37,102.49,94.16,284.49,1,-1,-1,-1
349,11,354.43,1.06,166.32,500.99,1,-1,-1,-1
349,3,693.72,102.34,134.92,406.77,1,-1,-1,-1
350,24,201.00,161.00,39.00,119.00,1,-1,-1,-1
350,23,48.07,124.29,56.38,171.12,1,-1,-1,-1
350,21,114.35,132.71,53.64,162.91,1,-1,-1,-1
350,14,586.22,104.39,94.19,284.60,1,-1,-1,-1
350,11,361.88,1.23,166.50,501.53,1,-1,-1,-1
350,3,699.73,103.46,134.92,406.77,1,-1,-1,-1
351,24,200.38,161.00,39.00,119.00,1,-1,-1,-1
351,21,125.22,128.78,54.59,165.77,1,-1,-1,-1
351,14,594.08,106.31,94.21,284.65,1,-1,-1,-1
351,11,369.38,1.54,166.59,501.79,1,-1,-1,-1
351,3,705.75,104.58,134.92,406.77,1,-1,-1,-1
352,24,193.82,161.00,39.00,119.00,1,-1,-1,-1
352,14,601.95,108.25,94.22,284.68,1,-1,-1,-1
352,11,376.90,1.91,166.63,501.92,1,-1,-1,-1
352,3,711.76,105.70,134.92,406.77,1,-1,-1,-1
353,24,192.24,154.71,39.00,119.00,1,-1,-1,-1
353,21,146.43,114.61,58.32,176.98,1,-1,-1,-1
353,14,516.79,54.21,118.01,356.04,1,-1,-1,-1
353,11,384.42,2.32,166.66,501.99,1,-1,-1,-1
353,3,717.77,106.82,134.92,406.77,1,-1,-1,-1
354,21,150.82,121.94,56.41,171.23,1,-1,-1,-1
354,14,512.95,50.96,119.67,361.03,1,-1,-1,-1
354,11,391.96,2.74,166.67,502.02,1,-1,-1,-1
354,3,723.79,107.94,134.92,406.77,1,-1,-1,-1
355,21,136.99,132.09,55.73,169.20,1,-1,-1,-1
355,14,514.44,50.59,120.20,362.61,1,-1,-1,-1
355,11,385.76,0.67,159.80,481.39,1,-1,-1,-1
355,3,729.80,109.06,134.92,406.77,1,-1,-1,-1
356,24,169.64,130.58,47.48,144.50,1,-1,-1,-1
356,21,131.56,128.29,55.49,168.47,1,-1,-1,-1
356,14,516.07,50.62,120.46,363.40,1,-1,-1,-1
356,11,392.15,0.38,159.68,481.03,1,-1,-1,-1
356,3,735.82,110.18,134.92,406.77,1,-1,-1,-1
357,24,176.84,117.25,53.70,163.17,1,-1,-1,-1
357,21,129.30,126.81,55.41,168.23,1,-1,-1,-1
357,14,517.76,50.85,120.59,363.80,1,-1,-1,-1
357,11,398.51,0.01,159.62,480.85,1,-1,-1,-1
357,3,741.83,111.30,134.92,406.77,1,-1,-1,-1
358,24,179.31,120.88,55.58,168.79,1,-1,-1,-1
358,21,128.27,126.22,55.39,168.17,1,-1,-1,-1
358,14,519.48,51.17,120.66,363.99,1,-1,-1,-1
358,11,404.86,-0.41,159.59,480.76,1,-1,-1,-1
358,3,747.84,112.42,134.92,406.77,1,-1,-1,-1
359,24,180.92,136.63,58.90,178.75,1,-1,-1,-1
359,21,127.73,140.90,55.39,168.17,1,-1,-1,-1
359,14,521.23,46.22,113.33,341.98,1,-1,-1,-1
359,11,388.11,28.94,159.09,479.27,1,-1,-1,-1
360,24,186.94,150.91,55.00,167.04,1,-1,-1,-1
360,21,135.49,172.84,46.97,142.95,1,-1,-1,-1
360,14,521.54,33.13,123.79,373.39,1,-1,-1,-1
360,11,387.44,32.28,159.02,479.07,1,-1,-1,-1
361,24,183.34,156.53,55.86,169.61,1,-1,-1,-1
361,21,138.58,165.69,49.80,151.40,1,-1,-1,-1
361,14,521.74,29.03,127.11,383.34,1,-1,-1,-1
361,11,387.24,33.42,159.00,479.00,1,-1,-1,-1
362,24,180.94,158.44,53.72,163.18,1,-1,-1,-1
362,21,139.65,155.98,50.84,154.53,1,-1,-1,-1
362,14,523.48,28.37,127.27,383.82,1,-1,-1,-1
362,11,409.08,31.81,152.38,459.15,1,-1,-1,-1
363,24,187.07,159.16,52.85,160.59,1,-1,-1,-1
363,21,140.34,158.55,48.99,148.96,1,-1,-1,-1
363,14,525.26,27.84,127.35,384.06,1,-1,-1,-1
363,11,395.20,33.12,156.50,471.49,1,-1,-1,-1
364,24,190.97,159.50,54.95,166.88,1,-1,-1,-1
364,21,146.99,160.01,50.56,153.68,1,-1,-1,-1
364,14,527.07,27.36,127.39,384.18,1,-1,-1,-1
364,11,389.80,33.61,158.04,476.12,1,-1,-1,-1
365,24,192.46,159.62,55.70,169.12,1,-1,-1,-1
365,21,141.54,160.54,53.64,162.91,1,-1,-1,-1
365,14,528.88,26.91,127.41,384.24,1,-1,-1,-1
365,11,387.64,33.76,158.63,477.88,1,-1,-1,-1
366,24,191.45,152.51,53.57,162.73,1,-1,-1,-1
366,21,139.39,153.33,54.77,166.31,1,-1,-1,-1
366,14,530.69,26.48,127.42,384.27,1,-1,-1,-1
366,11,389.25,31.78,152.25,458.73,1,-1,-1,-1
367,24,200.06,142.05,55.14,167.44,1,-1,-1,-1
367,14,532.51,26.06,127.42,384.28,1,-1,-1,-1
367,11,409.33,31.13,149.74,451.21,1,-1,-1,-1
368,24,208.17,145.85,53.32,161.97,1,-1,-1,-1
368,14,534.33,25.64,127.43,384.29,1,-1,-1,-1
368,11,412.84,11.90,162.93,490.81,1,-1,-1,-1
369,24,221.24,153.59,50.40,153.21,1,-1,-1,-1
369,21,176.22,149.87,55.29,167.87,1,-1,-1,-1
369,14,536.16,25.22,127.43,384.29,1,-1,-1,-1
369,11,409.52,5.17,175.60,528.82,1,-1,-1,-1
370,25,22.11,64.34,104.56,315.68,1,-1,-1,-1
370,24,229.92,157.21,51.47,156.44,1,-1,-1,-1
370,21,181.74,149.03,55.41,168.24,1,-1,-1,-1
370,14,537.98,24.80,127.43,384.29,1,-1,-1,-1
370,11,415.41,22.53,165.53,498.60,1,-1,-1,-1
371,25,22.50,64.15,105.93,319.81,1,-1,-1,-1
371,24,240.03,158.59,51.87,157.61,1,-1,-1,-1
371,21,184.23,147.77,58.08,176.24,1,-1,-1,-1
371,14,539.80,24.39,127.43,384.30,1,-1,-1,-1
371,11,417.62,29.36,161.52,486.56,1,-1,-1,-1
372,25,22.34,64.22,105.37,318.13,1,-1,-1,-1
372,24,247.77,151.80,54.44,165.33,1,-1,-1,-1
372,21,191.82,148.21,56.48,171.46,1,-1,-1,-1
372,14,541.62,23.97,127.43,384.30,1,-1,-1,-1
372,11,438.00,11.51,167.17,503.52,1,-1,-1,-1
373,25,38.86,64.26,105.08,317.25,1,-1,-1,-1
373,24,253.45,156.48,52.99,160.99,1,-1,-1,-1
373,21,196.29,134.18,64.40,195.24,1,-1,-1,-1
373,14,543.44,23.55,127.43,384.30,1,-1,-1,-1
373,11,443.14,11.47,167.27,503.83,1,-1,-1,-1
374,25,43.76,64.28,104.93,316.80,1,-1,-1,-1
374,24,262.37,158.27,52.42,159.27,1,-1,-1,-1
374,21,208.14,149.73,56.82,172.51,1,-1,-1,-1
374,14,545.26,23.14,127.43,384.30,1,-1,-1,-1
374,11,448.32,11.51,167.32,503.98,1,-1,-1,-1
375,25,57.13,75.25,99.86,301.57,1,-1,-1,-1
375,24,270.62,151.67,54.61,165.84,1,-1,-1,-1
375,21,219.50,156.06,53.66,162.99,1,-1,-1,-1
375,14,547.08,22.72,127.43,384.30,1,-1,-1,-1
375,11,453.50,11.59,167.35,504.05,1,-1,-1,-1
376,25,64.47,68.31,102.96,310.89,1,-1,-1,-1
376,24,275.47,156.39,53.04,161.12,1,-1,-1,-1
376,21,226.75,157.83,50.23,152.70,1,-1,-1,-1
376,14,548.91,22.30,127.43,384.30,1,-1,-1,-1
376,11,458.69,11.69,167.36,504.09,1,-1,-1,-1
377,25,66.76,65.78,104.07,314.21,1,-1,-1,-1
377,24,277.14,158.21,52.42,159.26,1,-1,-1,-1
377,21,229.34,158.58,48.86,148.59,1,-1,-1,-1
377,14,550.73,21.89,127.43,384.30,1,-1,-1,-1
377,11,463.89,11.80,167.37,504.11,1,-1,-1,-1
378,25,67.28,64.84,104.47,315.41,1,-1,-1,-1
378,24,283.13,151.63,54.58,165.77,1,-1,-1,-1
378,21,230.00,152.08,53.06,161.19,1,-1,-1,-1
378,14,552.55,21.47,127.43,384.30,1,-1,-1,-1
378,11,469.08,11.91,167.37,504.12,1,-1,-1,-1
379,25,55.03,52.31,109.71,331.15,1,-1,-1,-1
379,24,286.62,156.36,53.01,161.04,1,-1,-1,-1
379,21,233.96,150.07,52.18,158.55,1,-1,-1,-1
379,14,554.37,21.06,127.43,384.30,1,-1,-1,-1
379,11,474.28,12.03,167.37,504.13,1,-1,-1,-1
380,25,48.23,59.72,106.61,321.84,1,-1,-1,-1
380,24,286.41,150.93,54.79,166.38,1,-1,-1,-1
380,21,235.30,156.20,51.84,157.53,1,-1,-1,-1
380,14,556.19,20.64,127.43,384.30,1,-1,-1,-1
380,11,479.47,12.14,167.37,504.13,1,-1,-1,-1
381,25,47.63,65.65,110.41,333.22,1,-1,-1,-1
381,24,294.45,156.08,53.08,161.25,1,-1,-1,-1
381,21,235.64,158.53,51.72,157.15,1,-1,-1,-1
381,14,558.01,20.22,127.43,384.30,1,-1,-1,-1
381,11,484.67,12.26,167.37,504.13,1,-1,-1,-1
382,26,521.43,159.39,55.57,168.71,1,-1,-1,-1
382,25,33.41,55.07,117.17,353.51,1,-1,-1,-1
382,24,297.24,157.37,50.24,152.72,1,-1,-1,-1
382,21,235.62,159.39,51.67,157.01,1,-1,-1,-1
382,14,559.84,19.81,127.43,384.30,1,-1,-1,-1
382,11,489.87,12.38,167.37,504.13,1,-1,-1,-1
383,27,284.64,105.50,73.64,222.93,1,-1,-1,-1
383,26,522.59,157.90,59.58,180.80,1,-1,-1,-1
383,25,26.94,63.85,114.35,345.04,1,-1,-1,-1
383,24,291.38,158.55,51.32,155.98,1,-1,-1,-1
383,21,244.57,165.47,49.46,150.37,1,-1,-1,-1
383,14,561.66,19.39,127.43,384.30,1,-1,-1,-1
383,11,495.07,12.50,167.37,504.13,1,-1,-1,-1
384,27,273.89,97.62,78.59,237.82,1,-1,-1,-1
384,26,517.53,142.45,67.86,205.69,1,-1,-1,-1
384,25,23.41,63.89,108.44,327.31,1,-1,-1,-1
384,24,289.03,159.01,51.73,157.20,1,-1,-1,-1
384,21,245.63,161.97,50.82,154.47,1,-1,-1,-1
384,14,563.48,18.97,127.43,384.30,1,-1,-1,-1
384,11,500.26,12.61,167.37,504.13,1,-1,-1,-1
385,27,271.82,96.15,79.52,240.60,1,-1,-1,-1
385,26,519.73,141.65,66.09,200.34,1,-1,-1,-1
385,25,22.15,64.03,106.10,320.30,1,-1,-1,-1
385,24,286.65,151.92,54.29,164.89,1,-1,-1,-1
385,21,241.89,147.88,62.53,189.65,1,-1,-1,-1
385,14,565.30,18.56,127.43,384.30,1,-1,-1,-1
385,11,505.46,12.73,167.37,504.13,1,-1,-1,-1
386,27,273.50,87.95,84.12,254.41,1,-1,-1,-1
386,26,520.47,141.79,65.32,198.00,1,-1,-1,-1
386,25,7.86,54.38,115.49,348.47,1,-1,-1,-1
386,24,285.67,149.26,55.23,167.72,1,-1,-1,-1
386,21,240.94,147.84,58.29,176.90,1,-1,-1,-1
386,14,567.12,18.14,127.43,384.30,1,-1,-1,-1
386,11,510.66,12.85,167.37,504.13,1,-1,-1,-1
387,27,274.23,72.97,85.36,258.11,1,-1,-1,-1
387,26,517.53,139.50,68.25,206.79,1,-1,-1,-1
387,25,15.18,95.71,104.59,315.79,1,-1,-1,-1
387,24,285.22,148.26,55.59,168.77,1,-1,-1,-1
387,21,239.52,154.22,52.20,158.63,1,-1,-1,-1
387,14,568.94,17.73,127.43,384.30,1,-1,-1,-1
387,11,497.98,20.01,115.45,348.35,1,-1,-1,-1
388,27,262.30,80.58,85.63,258.93,1,-1,-1,-1
388,26,521.51,135.49,72.65,219.99,1,-1,-1,-1
388,25,25.71,137.60,89.08,269.28,1,-1,-1,-1
388,24,284.98,147.89,55.72,169.16,1,-1,-1,-1
388,21,236.33,157.62,51.87,157.61,1,-1,-1,-1
388,14,570.77,17.31,127.43,384.30,1,-1,-1,-1
388,11,501.27,17.62,114.62,345.87,1,-1,-1,-1
389,27,257.34,90.55,81.72,247.17,1,-1,-1,-1
389,26,526.76,129.92,77.75,235.30,1,-1,-1,-1
389,25,9.26,119.15,98.98,298.97,1,-1,-1,-1
389,24,284.82,155.15,55.76,169.29,1,-1,-1,-1
389,21,237.70,164.68,49.55,150.66,1,-1,-1,-1
389,14,572.59,16.89,127.43,384.30,1,-1,-1,-1
389,11,504.36,14.62,114.21,344.62,1,-1,-1,-1
390,27,256.67,78.88,88.38,267.17,1,-1,-1,-1
390,26,528.68,128.14,79.44,240.38,1,-1,-1,-1
390,25,7.27,123.13,98.77,298.34,1,-1,-1,-1
390,24,279.17,157.67,53.43,162.31,1,-1,-1,-1
390,21,228.61,161.57,50.87,154.61,1,-1,-1,-1
390,14,574.41,16.48,127.43,384.30,1,-1,-1,-1
390,11,507.35,11.31,114.00,344.00,1,-1,-1,-1
391,27,253.13,75.68,90.12,272.44,1,-1,-1,-1
391,26,520.32,115.66,87.99,266.02,1,-1,-1,-1
391,25,5.22,126.95,98.66,298.02,1,-1,-1,-1
391,24,270.10,158.66,52.52,159.56,1,-1,-1,-1
391,21,221.80,159.74,49.16,149.49,1,-1,-1,-1
391,14,576.23,16.06,127.43,384.30,1,-1,-1,-1
391,11,510.29,7.85,113.90,343.69,1,-1,-1,-1
392,27,251.02,125.80,73.87,223.63,1,-1,-1,-1
392,26,515.61,103.55,95.29,287.94,1,-1,-1,-1
392,25,3.15,130.70,98.61,297.86,1,-1,-1,-1
392,24,267.90,171.20,49.99,151.97,1,-1,-1,-1
392,21,215.61,159.67,50.73,154.19,1,-1,-1,-1
392,14,578.05,15.65,127.43,384.30,1,-1,-1,-1
392,11,513.19,4.30,113.85,343.53,1,-1,-1,-1
393,27,240.43,81.40,90.23,272.78,1,-1,-1,-1
393,26,513.90,99.34,97.80,295.45,1,-1,-1,-1
393,24,258.92,163.78,51.20,155.60,1,-1,-1,-1
393,21,213.29,163.89,47.11,143.32,1,-1,-1,-1
393,14,579.87,15.23,127.43,384.30,1,-1,-1,-1
393,11,516.09,0.72,113.82,343.45,1,-1,-1,-1
394,27,239.53,84.50,86.90,262.73,1,-1,-1,-1
394,26,518.76,92.64,108.33,327.04,1,-1,-1,-1
394,24,255.54,160.94,51.65,156.96,1,-1,-1,-1
394,21,215.99,167.07,47.72,145.14,1,-1,-1,-1
394,14,581.69,14.81,127.43,384.30,1,-1,-1,-1
394,11,518.98,-2.89,113.81,343.41,1,-1,-1,-1
395,27,246.07,101.76,75.59,228.81,1,-1,-1,-1
395,26,528.05,95.31,102.66,310.02,1,-1,-1,-1
395,24,256.01,159.18,49.64,150.92,1,-1,-1,-1
395,21,206.54,162.40,50.20,152.61,1,-1,-1,-1
395,14,583.52,14.40,127.43,384.30,1,-1,-1,-1
395,11,521.87,-6.50,113.80,343.39,1,-1,-1,-1
396,27,232.20,48.65,100.66,304.13,1,-1,-1,-1
396,26,524.12,91.57,109.82,331.49,1,-1,-1,-1
396,24,256.25,158.55,48.84,148.54,1,-1,-1,-1
396,21,202.98,160.66,51.12,155.37,1,-1,-1,-1
396,14,585.34,13.98,127.43,384.30,1,-1,-1,-1
396,11,524.75,-10.12,113.80,343.38,1,-1,-1,-1
397,27,234.43,41.85,99.07,299.28,1,-1,-1,-1
397,26,522.64,90.40,112.34,339.05,1,-1,-1,-1
397,24,254.63,158.94,50.77,154.31,1,-1,-1,-1
397,21,199.27,165.77,49.27,149.82,1,-1,-1,-1
397,14,587.16,13.56,127.43,384.30,1,-1,-1,-1
397,11,527.64,-13.74,113.80,343.38,1,-1,-1,-1
398,27,235.38,39.41,98.44,297.34,1,-1,-1,-1
398,26,521.68,64.80,124.21,374.69,1,-1,-1,-1
398,24,251.18,159.23,53.90,163.71,1,-1,-1,-1
398,21,194.94,161.98,53.23,161.69,1,-1,-1,-1
398,14,588.98,13.15,127.43,384.30,1,-1,-1,-1
398,11,530.52,-17.36,113.80,343.37,1,-1,-1,-1
399,27,229.20,27.63,107.77,325.34,1,-1,-1,-1
399,26,522.46,60.47,127.31,384.03,1,-1,-1,-1
399,24,254.48,164.90,50.53,153.62,1,-1,-1,-1
399,21,202.72,166.17,50.12,152.37,1,-1,-1,-1
399,14,590.80,12.73,127.43,384.30,1,-1,-1,-1
399,11,533.40,-20.98,113.80,343.37,1,-1,-1,-1
400,27,233.50,34.08,101.82,307.47,1,-1,-1,-1
400,26,524.04,58.53,128.83,388.61,1,-1,-1,-1
400,24,251.19,161.47,53.81,163.45,1,-1,-1,-1
400,21,203.74,162.13,53.53,162.59,1,-1,-1,-1
400,14,592.62,12.32,127.43,384.30,1,-1,-1,-1
400,11,536.29,-24.60,113.80,343.37,1,-1,-1,-1
401,27,231.35,30.37,102.83,310.53,1,-1,-1,-1
401,26,525.99,57.74,129.58,390.89,1,-1,-1,-1
401,24,245.95,160.03,52.64,159.94,1,-1,-1,-1
401,21,202.11,160.47,52.40,159.21,1,-1,-1,-1
401,14,594.45,11.90,127.43,384.30,1,-1,-1,-1
401,11,539.17,-28.23,113.80,343.37,1,-1,-1,-1
402,27,220.28,37.23,98.96,298.90,1,-1,-1,-1
402,26,528.14,57.52,129.96,392.02,1,-1,-1,-1
402,24,246.18,158.78,50.02,152.08,1,-1,-1,-1
402,21,196.18,152.60,54.36,165.08,1,-1,-1,-1
402,14,596.27,11.48,127.43,384.30,1,-1,-1,-1
402,11,542.05,-31.85,113.80,343.37,1,-1,-1,-1
403,27,217.59,38.55,98.10,296.30,1,-1,-1,-1
403,26,530.38,57.58,130.15,392.58,1,-1,-1,-1
403,24,246.34,164.81,48.98,148.96,1,-1,-1,-1
403,21,199.29,156.82,52.73,160.19,1,-1,-1,-1
403,14,598.09,11.07,127.43,384.30,1,-1,-1,-1
403,11,544.93,-35.47,113.80,343.37,1,-1,-1,-1
404,27,216.67,39.04,97.79,295.37,1,-1,-1,-1
404,26,532.66,57.79,130.24,392.86,1,-1,-1,-1
404,24,246.44,167.11,48.58,147.75,1,-1,-1,-1
404,21,200.51,158.45,52.09,158.28,1,-1,-1,-1
404,14,599.91,10.65,127.43,384.30,1,-1,-1,-1
404,11,547.82,-39.09,113.80,343.37,1,-1,-1,-1
405,27,216.40,39.28,97.67,295.01,1,-1,-1,-1
405,26,534.97,58.07,130.29,393.01,1,-1,-1,-1
405,24,246.52,161.55,48.42,147.28,1,-1,-1,-1
405,21,195.65,151.84,54.25,164.74,1,-1,-1,-1
405,14,601.73,10.23,127.43,384.30,1,-1,-1,-1
405,11,550.70,-42.72,113.80,343.37,1,-1,-1,-1
406,27,216.39,26.54,97.62,294.87,1,-1,-1,-1
406,26,537.30,58.38,130.31,393.08,1,-1,-1,-1
406,24,244.38,160.04,50.60,153.80,1,-1,-1,-1
406,21,196.74,155.80,50.54,153.64,1,-1,-1,-1
406,11,553.58,-46.34,113.80,343.37,1,-1,-1,-1
407,27,212.86,22.82,102.14,308.43,1,-1,-1,-1
407,26,539.62,58.71,130.32,393.11,1,-1,-1,-1
407,24,247.63,152.24,53.82,163.47,1,-1,-1,-1
407,21,197.22,157.44,49.06,149.19,1,-1,-1,-1
407,11,556.47,-49.96,113.80,343.37,1,-1,-1,-1
408,27,211.62,21.55,103.81,313.43,1,-1,-1,-1
408,26,541.95,59.05,130.33,393.13,1,-1,-1,-1
408,24,251.76,149.64,52.64,159.92,1,-1,-1,-1
408,21,199.83,151.82,50.71,154.13,1,-1,-1,-1
408,11,559.35,-53.59,113.80,343.37,1,-1,-1,-1
409,27,214.75,19.94,100.00,302.01,1,-1,-1,-1
409,26,544.28,59.39,130.33,393.14,1,-1,-1,-1
409,24,253.35,148.68,52.18,158.53,1,-1,-1,-1
409,21,200.84,149.71,51.33,155.98,1,-1,-1,-1
409,11,562.23,-57.21,113.80,343.37,1,-1,-1,-1
410,27,203.16,19.46,98.51,297.53,1,-1,-1,-1
410,26,546.62,59.74,130.33,393.14,1,-1,-1,-1
410,24,247.06,148.35,52.00,158.00,1,-1,-1,-1
410,21,194.35,148.94,51.56,156.68,1,-1,-1,-1
410,11,565.12,-60.83,113.80,343.37,1,-1,-1,-1
411,27,198.83,19.37,97.93,295.79,1,-1,-1,-1
411,26,548.95,60.08,130.33,393.14,1,-1,-1,-1
411,24,244.68,148.25,51.93,157.79,1,-1,-1,-1
411,21,189.95,154.88,49.47,150.40,1,-1,-1,-1
411,11,568.00,-64.45,113.80,343.37,1,-1,-1,-1
412,27,195.96,17.03,98.08,296.25,1,-1,-1,-1
412,26,551.28,60.43,130.33,393.14,1,-1,-1,-1
412,24,239.55,154.45,49.73,151.19,1,-1,-1,-1
412,21,186.09,162.10,46.63,141.89,1,-1,-1,-1
412,11,570.88,-68.08,113.80,343.37,1,-1,-1,-1
413,27,184.69,4.50,108.70,328.12,1,-1,-1,-1
413,24,237.65,156.87,48.86,148.58,1,-1,-1,-1
413,21,180.48,159.96,47.56,144.69,1,-1,-1,-1
413,11,573.77,-71.70,113.80,343.37,1,-1,-1,-1
414,27,179.12,13.97,101.75,307.26,1,-1,-1,-1
414,26,555.95,61.12,130.33,393.15,1,-1,-1,-1
414,24,234.31,151.52,50.75,154.25,1,-1,-1,-1
414,21,178.41,159.15,47.92,145.75,1,-1,-1,-1
414,11,576.65,-75.32,113.80,343.37,1,-1,-1,-1
415,27,171.83,18.74,103.61,312.82,1,-1,-1,-1
415,26,558.28,61.47,130.33,393.15,1,-1,-1,-1
415,24,226.20,149.53,51.45,156.35,1,-1,-1,-1
415,21,177.69,158.85,48.05,146.16,1,-1,-1,-1
415,11,579.53,-78.95,113.80,343.37,1,-1,-1,-1
416,27,169.20,20.58,104.30,314.89,1,-1,-1,-1
416,26,560.61,61.82,130.33,393.15,1,-1,-1,-1
416,24,226.28,155.01,49.53,150.61,1,-1,-1,-1
416,21,171.05,158.73,48.11,146.32,1,-1,-1,-1
416,11,582.42,-82.57,113.80,343.37,1,-1,-1,-1
417,27,160.83,20.05,100.16,302.48,1,-1,-1,-1
417,24,218.90,150.47,53.42,162.29,1,-1,-1,-1
417,21,168.60,158.69,48.13,146.38,1,-1,-1,-1
417,11,585.30,-86.19,113.80,343.37,1,-1,-1,-1
418,27,157.81,19.95,98.53,297.60,1,-1,-1,-1
418,24,219.62,160.11,48.37,147.15,1,-1,-1,-1
418,21,167.74,158.68,48.14,146.41,1,-1,-1,-1
418,11,588.18,-89.81,113.80,343.37,1,-1,-1,-1
419,27,156.81,19.97,97.91,295.71,1,-1,-1,-1
419,24,217.57,159.09,48.33,147.01,1,-1,-1,-1
419,21,166.10,163.61,46.11,140.31,1,-1,-1,-1
419,11,591.06,-93.44,113.80,343.37,1,-1,-1,-1
420,27,180.04,77.00,80.75,244.33,1,-1,-1,-1
420,24,210.43,158.70,48.32,146.96,1,-1,-1,-1
420,21,165.56,165.52,45.31,137.92,1,-1,-1,-1
420,11,593.95,-97.06,113.80,343.37,1,-1,-1,-1
421,27,150.86,27.63,101.47,306.51,1,-1,-1,-1
421,26,503.01,29.22,138.17,416.50,1,-1,-1,-1
421,24,204.70,157.47,46.28,140.85,1,-1,-1,-1
421,21,159.43,166.25,45.00,136.99,1,-1,-1,-1
421,11,596.83,-100.68,113.80,343.37,1,-1,-1,-1
422,27,168.97,82.00,80.02,242.24,1,-1,-1,-1
422,26,502.46,28.69,138.31,416.94,1,-1,-1,-1
422,24,202.62,157.06,45.48,138.44,1,-1,-1,-1
422,21,151.67,161.52,46.97,142.91,1,-1,-1,-1
423,27,166.41,84.73,79.54,240.79,1,-1,-1,-1
423,26,497.13,26.82,132.53,399.59,1,-1,-1,-1
423,24,198.59,151.50,47.24,143.74,1,-1,-1,-1
423,21,148.31,158.70,45.65,138.94,1,-1,-1,-1
424,27,168.11,109.61,68.33,207.06,1,-1,-1,-1
424,26,481.99,27.80,136.20,410.59,1,-1,-1,-1
424,24,194.49,154.81,45.86,139.57,1,-1,-1,-1
424,21,147.13,157.65,45.14,137.40,1,-1,-1,-1
425,27,168.86,118.71,62.64,189.96,1,-1,-1,-1
425,26,458.03,28.25,137.57,414.69,1,-1,-1,-1
425,24,190.14,160.28,43.43,132.31,1,-1,-1,-1
425,21,140.78,157.28,44.94,136.81,1,-1,-1,-1
426,27,169.11,123.99,57.98,175.95,1,-1,-1,-1
426,26,449.06,28.45,138.08,416.24,1,-1,-1,-1
426,24,185.52,160.34,40.73,124.20,1,-1,-1,-1
426,21,132.46,157.15,44.87,136.59,1,-1,-1,-1
427,27,166.82,127.40,57.04,173.10,1,-1,-1,-1
427,26,443.13,26.80,132.50,399.50,1,-1,-1,-1
427,24,177.84,152.19,43.40,132.21,1,-1,-1,-1
427,21,129.33,155.73,42.94,130.81,1,-1,-1,-1
428,27,164.31,130.12,56.56,171.65,1,-1,-1,-1
428,26,424.05,26.31,130.31,392.92,1,-1,-1,-1
428,24,175.06,149.17,44.38,135.14,1,-1,-1,-1
428,21,127.81,158.76,40.43,123.29,1,-1,-1,-1
429,27,161.67,132.47,56.33,170.93,1,-1,-1,-1
429,26,411.01,37.62,119.24,359.71,1,-1,-1,-1
429,24,172.04,152.68,42.85,130.54,1,-1,-1,-1
429,21,122.22,156.44,41.23,125.67,1,-1,-1,-1
430,27,157.32,109.00,62.78,190.35,1,-1,-1,-1
430,26,402.24,39.87,110.15,332.47,1,-1,-1,-1
430,24,167.10,149.42,44.17,134.52,1,-1,-1,-1
430,21,114.61,155.59,41.53,126.58,1,-1,-1,-1
431,27,154.67,109.69,62.82,190.45,1,-1,-1,-1
431,26,388.64,43.46,111.22,335.64,1,-1,-1,-1
431,24,163.67,152.84,42.76,130.29,1,-1,-1,-1
431,21,111.11,150.60,43.60,132.79,1,-1,-1,-1
432,27,152.04,110.40,62.83,190.50,1,-1,-1,-1
432,26,368.97,44.90,111.62,336.86,1,-1,-1,-1
432,24,162.49,154.19,42.21,128.64,1,-1,-1,-1
432,21,103.92,148.76,44.36,135.08,1,-1,-1,-1
433,27,149.41,111.12,62.84,190.53,1,-1,-1,-1
433,26,345.82,56.94,107.08,323.24,1,-1,-1,-1
433,24,160.21,153.03,40.24,122.72,1,-1,-1,-1
433,21,101.32,148.10,44.65,135.95,1,-1,-1,-1
434,27,146.78,111.84,62.85,190.54,1,-1,-1,-1
434,26,323.61,61.64,105.30,317.89,1,-1,-1,-1
434,24,155.82,154.30,41.25,125.76,1,-1,-1,-1
434,21,95.99,152.48,42.86,130.59,1,-1,-1,-1
435,27,144.15,112.58,62.85,190.55,1,-1,-1,-1
435,26,311.61,61.82,104.71,316.12,1,-1,-1,-1
435,24,149.53,150.13,43.59,132.77,1,-1,-1,-1
435,21,94.11,154.21,42.16,128.48,1,-1,-1,-1
436,27,141.53,113.31,62.85,190.55,1,-1,-1,-1
436,26,299.47,61.56,104.42,315.23,1,-1,-1,-1
436,24,147.27,142.60,44.45,135.35,1,-1,-1,-1
436,21,91.99,150.21,43.84,133.50,1,-1,-1,-1
437,27,138.90,114.04,62.85,190.55,1,-1,-1,-1
437,26,287.25,61.08,104.27,314.78,1,-1,-1,-1
437,24,145.65,144.78,42.87,130.62,1,-1,-1,-1
437,21,91.32,148.73,44.46,135.37,1,-1,-1,-1
438,27,136.27,114.78,62.85,190.55,1,-1,-1,-1
438,26,274.99,60.49,104.19,314.56,1,-1,-1,-1
438,24,145.16,145.67,42.26,128.76,1,-1,-1,-1
438,21,87.11,147.20,42.79,130.37,1,-1,-1,-1
439,27,133.65,115.51,62.85,190.55,1,-1,-1,-1
439,26,262.72,59.84,104.16,314.45,1,-1,-1,-1
439,24,139.49,146.05,42.02,128.05,1,-1,-1,-1
439,21,83.69,141.62,44.07,134.20,1,-1,-1,-1
440,27,131.02,116.24,62.85,190.55,1,-1,-1,-1
440,26,250.44,59.16,104.14,314.39,1,-1,-1,-1
440,24,136.05,145.22,42.02,128.05,1,-1,-1,-1
440,21,80.24,140.75,43.88,133.64,1,-1,-1,-1
441,27,128.40,116.98,62.85,190.55,1,-1,-1,-1
441,26,270.51,47.45,111.35,336.05,1,-1,-1,-1
441,24,132.61,144.39,42.02,128.04,1,-1,-1,-1
441,21,76.74,139.73,43.79,133.36,1,-1,-1,-1
442,27,125.77,117.71,62.85,190.55,1,-1,-1,-1
442,26,270.72,58.42,106.95,322.86,1,-1,-1,-1
442,24,129.16,143.56,42.02,128.04,1,-1,-1,-1
442,21,73.22,138.64,43.74,133.21,1,-1,-1,-1
443,27,123.14,118.45,62.85,190.55,1,-1,-1,-1
443,26,268.82,50.47,110.26,332.79,1,-1,-1,-1
443,24,125.72,142.73,42.02,128.04,1,-1,-1,-1
443,21,69.68,137.52,43.72,133.14,1,-1,-1,-1
444,27,144.02,150.86,40.44,123.36,1,-1,-1,-1
444,26,253.58,47.55,111.48,336.43,1,-1,-1,-1
444,24,122.28,141.90,42.02,128.04,1,-1,-1,-1
444,21,66.14,136.38,43.71,133.11,1,-1,-1,-1
445,28,521.43,68.88,112.14,338.41,1,-1,-1,-1
445,27,144.15,152.74,39.31,119.94,1,-1,-1,-1
445,26,250.85,57.87,107.25,323.76,1,-1,-1,-1
445,24,118.84,141.08,42.02,128.04,1,-1,-1,-1
446,28,509.78,82.85,105.77,319.27,1,-1,-1,-1
446,27,144.17,153.40,38.92,118.75,1,-1,-1,-1
446,26,247.32,50.37,110.35,333.04,1,-1,-1,-1
446,24,96.58,146.34,41.89,127.66,1,-1,-1,-1
447,28,477.99,81.60,98.10,296.25,1,-1,-1,-1
447,27,145.40,155.24,40.60,123.79,1,-1,-1,-1
447,26,242.16,34.04,116.67,352.01,1,-1,-1,-1
447,24,100.80,150.63,40.01,122.02,1,-1,-1,-1
448,28,470.35,81.07,96.25,290.70,1,-1,-1,-1
448,27,144.74,154.28,39.42,120.26,1,-1,-1,-1
448,26,244.54,41.33,113.94,343.81,1,-1,-1,-1
448,24,102.13,152.06,39.37,120.10,1,-1,-1,-1
449,28,478.39,84.79,101.33,305.96,1,-1,-1,-1
449,27,149.77,153.91,38.97,118.90,1,-1,-1,-1
449,26,245.69,44.17,112.87,340.62,1,-1,-1,-1
449,24,102.74,152.61,39.13,119.37,1,-1,-1,-1
450,28,481.74,86.01,103.12,311.35,1,-1,-1,-1
450,27,156.95,153.75,38.80,118.38,1,-1,-1,-1
450,26,249.09,56.64,107.81,325.42,1,-1,-1,-1
450,24,99.46,152.51,39.09,119.26,1,-1,-1,-1
451,28,498.05,86.33,103.81,313.42,1,-1,-1,-1
451,27,161.62,155.27,40.56,123.68,1,-1,-1,-1
451,26,250.61,61.49,105.81,319.43,1,-1,-1,-1
451,24,115.29,159.01,39.02,119.05,1,-1,-1,-1
452,28,504.11,86.35,104.09,314.27,1,-1,-1,-1
452,27,168.99,155.85,41.22,125.65,1,-1,-1,-1
452,26,251.36,63.35,105.04,317.11,1,-1,-1,-1
452,24,124.36,156.80,40.85,124.56,1,-1,-1,-1
453,28,506.38,86.28,104.22,314.66,1,-1,-1,-1
453,27,179.90,154.38,39.69,121.05,1,-1,-1,-1
453,26,248.97,52.50,109.52,330.57,1,-1,-1,-1
453,24,137.65,154.36,39.71,121.12,1,-1,-1,-1
454,28,507.24,86.20,104.29,314.86,1,-1,-1,-1
454,27,189.22,159.06,39.09,119.25,1,-1,-1,-1
454,26,248.22,48.43,111.19,335.57,1,-1,-1,-1
454,24,147.88,153.45,39.26,119.79,1,-1,-1,-1
455,28,507.56,86.11,104.33,314.98,1,-1,-1,-1
455,27,196.12,157.20,40.68,124.03,1,-1,-1,-1
455,26,264.62,58.30,107.14,323.41,1,-1,-1,-1
455,24,156.96,153.11,39.09,119.28,1,-1,-1,-1
456,28,501.76,75.01,109.40,330.21,1,-1,-1,-1
456,27,205.66,160.07,39.48,120.43,1,-1,-1,-1
456,26,269.15,50.62,110.30,332.89,1,-1,-1,-1
456,24,165.57,158.21,39.03,119.08,1,-1,-1,-1
457,28,519.46,81.76,106.32,320.96,1,-1,-1,-1
457,27,214.40,161.15,39.02,119.04,1,-1,-1,-1
457,26,270.94,62.51,111.48,336.44,1,-1,-1,-1
457,24,168.31,158.53,39.01,119.03,1,-1,-1,-1
458,28,521.27,73.45,110.10,332.29,1,-1,-1,-1
458,27,217.59,161.53,38.84,118.51,1,-1,-1,-1
458,26,268.62,54.60,117.07,353.21,1,-1,-1,-1
458,24,171.04,158.84,39.00,119.00,1,-1,-1,-1
459,28,512.80,81.10,106.61,321.84,1,-1,-1,-1
459,27,223.22,163.63,40.60,123.79,1,-1,-1,-1
459,26,283.64,51.65,119.13,359.40,1,-1,-1,-1
459,24,173.78,159.14,39.00,118.98,1,-1,-1,-1
460,28,509.58,84.04,105.26,317.78,1,-1,-1,-1
460,27,231.12,167.63,39.46,120.37,1,-1,-1,-1
460,26,286.09,53.03,125.43,378.28,1,-1,-1,-1
461,28,508.35,85.15,104.75,316.25,1,-1,-1,-1
461,27,239.20,163.90,39.02,119.04,1,-1,-1,-1
461,26,292.08,48.22,117.43,354.28,1,-1,-1,-1
462,28,502.08,74.75,109.49,330.45,1,-1,-1,-1
462,27,242.12,162.45,38.85,118.54,1,-1,-1,-1
462,26,295.13,57.86,109.64,330.94,1,-1,-1,-1
463,28,505.50,81.54,106.39,321.18,1,-1,-1,-1
463,27,243.15,163.86,40.61,123.83,1,-1,-1,-1
463,26,293.55,52.65,116.40,351.20,1,-1,-1,-1
464,28,501.05,88.25,110.08,332.23,1,-1,-1,-1
464,27,243.31,162.38,39.47,120.41,1,-1,-1,-1
464,26,292.96,50.79,118.88,358.63,1,-1,-1,-1
465,28,491.04,79.24,116.72,352.17,1,-1,-1,-1
465,27,243.23,161.81,39.03,119.09,1,-1,-1,-1
465,26,294.61,47.54,114.79,346.38,1,-1,-1,-1
466,28,487.47,82.94,109.30,329.90,1,-1,-1,-1
466,27,243.08,161.58,38.87,118.58,1,-1,-1,-1
466,26,293.29,48.82,118.28,356.83,1,-1,-1,-1
467,28,470.11,77.16,116.42,351.27,1,-1,-1,-1
467,27,242.91,161.49,38.80,118.40,1,-1,-1,-1
467,26,289.51,51.85,125.11,377.32,1,-1,-1,-1
468,28,458.18,71.68,113.86,343.59,1,-1,-1,-1
468,27,242.75,161.45,38.78,118.33,1,-1,-1,-1
468,26,275.45,50.42,122.20,368.61,1,-1,-1,-1
469,28,468.58,69.63,112.87,340.61,1,-1,-1,-1
469,27,245.57,162.14,38.40,117.17,1,-1,-1,-1
469,26,265.77,35.51,126.54,381.61,1,-1,-1,-1
470,28,465.52,79.36,107.76,325.27,1,-1,-1,-1
470,27,242.80,157.16,40.92,124.74,1,-1,-1,-1
470,26,266.46,28.30,122.76,370.29,1,-1,-1,-1
471,28,464.48,83.17,105.74,319.22,1,-1,-1,-1
471,27,245.14,157.38,40.77,124.31,1,-1,-1,-1
471,26,266.79,25.65,121.29,365.87,1,-1,-1,-1
472,28,441.66,73.98,109.81,331.42,1,-1,-1,-1
472,27,247.44,157.50,40.70,124.09,1,-1,-1,-1
472,26,262.59,26.14,126.20,380.59,1,-1,-1,-1
473,28,435.15,89.84,102.22,308.66,1,-1,-1,-1
473,27,249.73,157.55,40.67,123.98,1,-1,-1,-1
473,26,261.05,26.43,128.02,386.06,1,-1,-1,-1
474,28,430.33,90.25,102.01,308.02,1,-1,-1,-1
474,27,252.01,157.58,40.65,123.92,1,-1,-1,-1
474,26,260.51,26.56,128.71,388.12,1,-1,-1,-1
475,28,447.19,74.14,109.59,330.77,1,-1,-1,-1
475,26,277.32,26.62,128.97,388.91,1,-1,-1,-1
476,28,450.55,70.51,111.30,335.90,1,-1,-1,-1
476,26,279.03,28.18,134.95,406.85,1,-1,-1,-1
477,28,451.77,69.22,111.91,337.72,1,-1,-1,-1
477,26,287.43,25.38,126.13,380.40,1,-1,-1,-1
478,28,452.29,68.75,112.14,338.40,1,-1,-1,-1
478,26,282.79,27.63,133.92,403.76,1,-1,-1,-1
479,28,446.41,79.04,107.51,324.53,1,-1,-1,-1
479,26,285.68,26.99,130.97,394.92,1,-1,-1,-1
480,28,444.27,83.05,105.69,319.07,1,-1,-1,-1
480,26,274.08,25.08,124.52,375.55,1,-1,-1,-1
481,29,507.69,64.34,104.56,315.68,1,-1,-1,-1
481,28,429.75,84.59,104.99,316.96,1,-1,-1,-1
481,26,265.37,26.05,127.38,384.14,1,-1,-1,-1
482,29,518.46,67.38,112.06,338.22,1,-1,-1,-1
482,28,429.41,74.55,109.54,330.62,1,-1,-1,-1
482,26,262.09,26.47,128.45,387.36,1,-1,-1,-1
483,29,502.43,68.73,113.17,341.53,1,-1,-1,-1
483,28,429.40,85.58,111.23,335.68,1,-1,-1,-1
483,26,268.08,38.05,118.65,357.96,1,-1,-1,-1
484,29,498.24,69.04,113.19,341.59,1,-1,-1,-1
484,28,414.71,89.76,111.86,337.58,1,-1,-1,-1
484,26,255.73,42.82,114.69,346.06,1,-1,-1,-1
485,29,497.25,69.09,113.04,341.13,1,-1,-1,-1
485,28,409.23,91.31,112.10,338.30,1,-1,-1,-1
485,26,247.05,47.17,118.22,356.65,1,-1,-1,-1
486,29,488.35,80.78,107.57,324.71,1,-1,-1,-1
486,28,394.76,80.46,117.36,354.06,1,-1,-1,-1
486,26,247.88,46.31,114.52,345.54,1,-1,-1,-1
487,29,485.50,84.89,105.54,318.61,1,-1,-1,-1
487,28,387.13,87.64,114.22,344.67,1,-1,-1,-1
487,26,244.23,48.49,118.15,356.45,1,-1,-1,-1
488,29,484.72,86.25,104.80,316.39,1,-1,-1,-1
488,28,384.40,90.37,113.00,341.00,1,-1,-1,-1
488,26,235.89,44.24,109.93,331.79,1,-1,-1,-1
489,29,477.57,90.70,109.70,331.10,1,-1,-1,-1
489,28,389.27,95.61,103.62,312.85,1,-1,-1,-1
489,26,232.90,42.92,106.62,321.87,1,-1,-1,-1
490,29,467.89,88.10,106.43,321.30,1,-1,-1,-1
490,28,371.85,81.67,114.32,344.98,1,-1,-1,-1
490,26,229.49,41.45,106.59,321.79,1,-1,-1,-1
491,29,456.55,91.15,110.22,332.67,1,-1,-1,-1
491,28,364.28,88.03,113.04,341.11,1,-1,-1,-1
491,26,226.07,39.95,106.58,321.74,1,-1,-1,-1
492,29,452.54,77.19,111.61,336.82,1,-1,-1,-1
492,28,369.24,94.66,103.63,312.91,1,-1,-1,-1
492,26,222.64,38.45,106.57,321.72,1,-1,-1,-1
493,29,445.10,82.67,107.22,323.65,1,-1,-1,-1
493,28,361.49,102.51,104.20,314.61,1,-1,-1,-1
493,26,219.22,36.94,106.57,321.71,1,-1,-1,-1
494,29,442.54,84.78,105.51,318.53,1,-1,-1,-1
494,28,360.83,95.84,109.23,329.70,1,-1,-1,-1
494,26,197.29,27.02,118.41,357.22,1,-1,-1,-1
495,29,441.79,85.55,104.86,316.57,1,-1,-1,-1
495,28,372.38,89.07,106.36,321.09,1,-1,-1,-1
495,26,210.90,25.57,119.67,361.00,1,-1,-1,-1
496,29,441.71,85.81,104.61,315.84,1,-1,-1,-1
496,28,380.03,90.75,110.02,332.07,1,-1,-1,-1
496,26,220.50,23.55,115.06,347.18,1,-1,-1,-1
497,29,447.92,75.05,109.47,330.40,1,-1,-1,-1
497,28,379.88,100.89,106.67,322.02,1,-1,-1,-1
497,26,224.19,22.91,113.28,341.85,1,-1,-1,-1
498,29,450.43,71.04,111.25,335.75,1,-1,-1,-1
498,28,383.03,95.22,110.14,332.41,1,-1,-1,-1
498,26,229.38,21.27,107.96,325.89,1,-1,-1,-1
499,29,451.50,69.53,111.92,337.74,1,-1,-1,-1
499,28,370.71,81.66,116.61,351.83,1,-1,-1,-1
499,26,228.23,18.94,107.97,325.91,1,-1,-1,-1
500,29,459.71,79.55,107.38,324.13,1,-1,-1,-1
500,28,376.45,83.39,109.31,329.94,1,-1,-1,-1
500,26,227.09,16.62,107.98,325.93,1,-1,-1,-1
501,29,455.17,72.74,110.45,333.35,1,-1,-1,-1
501,28,368.32,77.13,116.31,350.93,1,-1,-1,-1
501,26,201.33,27.60,132.52,399.57,1,-1,-1,-1
502,29,458.92,73.45,116.86,352.59,1,-1,-1,-1
502,28,378.87,86.17,113.80,343.39,1,-1,-1,-1
502,26,186.40,30.69,142.98,430.97,1,-1,-1,-1
503,29,462.62,80.82,109.37,330.13,1,-1,-1,-1
503,28,382.93,89.62,112.82,340.46,1,-1,-1,-1
503,26,183.38,33.50,143.35,432.06,1,-1,-1,-1
504,29,471.21,73.22,111.18,335.55,1,-1,-1,-1
504,28,381.33,86.54,107.78,325.35,1,-1,-1,-1
504,26,180.46,36.58,143.53,432.60,1,-1,-1,-1
505,29,474.49,70.33,111.86,337.58,1,-1,-1,-1
505,28,380.77,85.48,105.79,319.39,1,-1,-1,-1
505,26,177.59,39.79,143.62,432.88,1,-1,-1,-1
506,29,475.72,69.25,112.11,338.34,1,-1,-1,-1
506,28,380.60,85.12,105.03,317.08,1,-1,-1,-1
506,26,174.73,43.07,143.66,433.01,1,-1,-1,-1
507,29,476.18,68.84,112.21,338.62,1,-1,-1,-1
507,28,380.56,85.02,104.73,316.19,1,-1,-1,-1
507,26,171.89,46.38,143.69,433.08,1,-1,-1,-1
508,29,476.33,68.70,112.24,338.72,1,-1,-1,-1
508,28,383.69,74.42,109.41,330.24,1,-1,-1,-1
508,26,169.06,49.72,143.70,433.11,1,-1,-1,-1
509,29,476.37,68.65,112.25,338.74,1,-1,-1,-1
509,28,381.77,80.96,106.43,321.30,1,-1,-1,-1
509,26,166.22,53.06,143.70,433.13,1,-1,-1,-1
510,29,476.37,68.64,112.25,338.75,1,-1,-1,-1
510,28,386.41,76.26,115.27,347.81,1,-1,-1,-1
510,26,163.39,56.40,143.70,433.14,1,-1,-1,-1
511,29,476.36,68.65,112.25,338.74,1,-1,-1,-1
511,28,382.76,81.54,108.77,328.31,1,-1,-1,-1
511,26,160.56,59.75,143.71,433.14,1,-1,-1,-1
512,29,476.34,68.66,112.25,338.73,1,-1,-1,-1
512,28,382.42,81.09,108.82,328.47,1,-1,-1,-1
512,26,157.73,63.10,143.71,433.15,1,-1,-1,-1
513,29,483.00,79.13,107.53,324.59,1,-1,-1,-1
513,28,382.08,80.68,108.85,328.55,1,-1,-1,-1
513,26,154.90,66.45,143.71,433.15,1,-1,-1,-1
514,29,485.54,83.20,105.67,319.02,1,-1,-1,-1
514,28,381.75,80.30,108.86,328.59,1,-1,-1,-1
514,26,86.37,61.71,107.49,324.48,1,-1,-1,-1
515,29,486.49,84.76,104.96,316.87,1,-1,-1,-1
515,28,381.43,79.92,108.87,328.61,1,-1,-1,-1
515,26,83.36,63.54,105.40,318.19,1,-1,-1,-1
516,29,494.87,89.48,109.51,330.54,1,-1,-1,-1
516,28,381.11,79.55,108.87,328.62,1,-1,-1,-1
516,26,91.34,73.92,100.31,302.93,1,-1,-1,-1
517,29,498.03,91.31,111.20,335.60,1,-1,-1,-1
517,28,380.79,79.18,108.87,328.62,1,-1,-1,-1
517,26,107.43,77.91,98.35,297.03,1,-1,-1,-1
518,29,499.85,92.74,111.32,335.96,1,-1,-1,-1
518,28,380.47,78.81,108.87,328.62,1,-1,-1,-1
518,26,113.72,79.44,97.59,294.76,1,-1,-1,-1
519,29,501.69,94.26,111.38,336.14,1,-1,-1,-1
519,28,380.14,78.44,108.87,328.63,1,-1,-1,-1
519,26,121.86,70.15,101.77,307.29,1,-1,-1,-1
520,29,503.56,95.83,111.41,336.24,1,-1,-1,-1
520,28,379.82,78.08,108.87,328.63,1,-1,-1,-1
520,26,120.01,70.70,101.24,305.71,1,-1,-1,-1
521,29,505.43,97.42,111.43,336.28,1,-1,-1,-1
521,28,379.50,77.71,108.87,328.63,1,-1,-1,-1
521,26,118.02,70.86,100.98,304.92,1,-1,-1,-1
522,30,196.00,28.86,138.29,416.86,1,-1,-1,-1
522,29,507.30,99.02,111.44,336.30,1,-1,-1,-1
522,26,115.97,70.81,100.85,304.52,1,-1,-1,-1
523,30,196.00,28.86,138.29,416.86,1,-1,-1,-1
523,26,113.89,70.67,100.78,304.32,1,-1,-1,-1
524,30,207.92,5.04,146.85,442.57,1,-1,-1,-1
524,26,126.66,77.92,82.46,249.40,1,-1,-1,-1
525,30,209.94,19.17,134.04,404.11,1,-1,-1,-1
525,26,127.72,79.42,80.12,242.37,1,-1,-1,-1
526,30,211.13,4.75,144.29,434.87,1,-1,-1,-1
526,26,140.66,75.97,86.93,262.80,1,-1,-1,-1
527,30,211.39,0.39,147.56,444.70,1,-1,-1,-1
527,26,145.58,74.92,89.35,270.05,1,-1,-1,-1
528,30,211.32,-0.84,148.62,447.87,1,-1,-1,-1
528,26,152.11,82.23,86.45,261.35,1,-1,-1,-1
529,30,231.68,-1.05,148.92,448.78,1,-1,-1,-1
529,26,161.89,89.34,89.17,269.51,1,-1,-1,-1
530,31,117.12,159.34,51.78,157.34,1,-1,-1,-1
530,30,238.96,-0.95,148.97,448.92,1,-1,-1,-1
530,26,169.43,98.92,86.38,261.14,1,-1,-1,-1
531,31,106.43,158.85,52.27,158.82,1,-1,-1,-1
531,30,230.55,17.73,142.38,429.15,1,-1,-1,-1
531,26,171.84,100.31,86.18,260.55,1,-1,-1,-1
532,32,381.02,106.56,104.56,315.68,1,-1,-1,-1
532,31,95.93,159.05,52.07,158.21,1,-1,-1,-1
532,30,234.56,23.31,133.80,403.38,1,-1,-1,-1
532,26,174.20,101.56,86.09,260.26,1,-1,-1,-1
533,32,364.42,92.63,111.57,336.74,1,-1,-1,-1
533,31,81.26,150.27,54.95,166.89,1,-1,-1,-1
533,30,228.66,26.99,136.57,411.70,1,-1,-1,-1
533,26,176.53,102.73,86.04,260.11,1,-1,-1,-1
534,32,354.73,96.48,100.63,303.87,1,-1,-1,-1
534,31,63.54,146.54,58.79,178.41,1,-1,-1,-1
534,30,217.15,9.91,144.25,434.75,1,-1,-1,-1
534,26,178.86,103.86,86.01,260.04,1,-1,-1,-1
535,32,352.93,98.19,97.47,294.36,1,-1,-1,-1
535,31,42.79,134.39,63.06,191.24,1,-1,-1,-1
535,30,212.79,3.64,147.04,443.12,1,-1,-1,-1
535,26,127.02,117.73,64.07,194.26,1,-1,-1,-1
536,32,341.48,92.52,107.78,325.35,1,-1,-1,-1
536,31,28.48,127.21,67.66,205.03,1,-1,-1,-1
536,30,211.13,1.34,148.07,446.20,1,-1,-1,-1
536,26,121.08,142.69,52.23,158.78,1,-1,-1,-1
537,33,423.24,85.45,104.56,315.68,1,-1,-1,-1
537,32,338.19,91.07,111.07,335.23,1,-1,-1,-1
537,31,15.19,110.64,72.56,219.75,1,-1,-1,-1
537,30,210.48,0.53,148.44,447.31,1,-1,-1,-1
537,26,117.38,140.09,51.76,157.32,1,-1,-1,-1
538,33,423.24,85.45,104.56,315.68,1,-1,-1,-1
538,32,337.45,90.71,112.17,338.51,1,-1,-1,-1
538,31,0.85,103.75,81.77,247.38,1,-1,-1,-1
538,30,210.22,0.26,148.56,447.69,1,-1,-1,-1
538,26,116.09,139.12,51.59,156.76,1,-1,-1,-1
539,33,429.77,71.27,111.05,335.17,1,-1,-1,-1
539,32,331.17,88.85,113.30,341.93,1,-1,-1,-1
539,30,210.12,0.21,148.60,447.79,1,-1,-1,-1
539,26,117.00,139.00,49.34,150.01,1,-1,-1,-1
540,33,431.44,67.81,112.61,339.87,1,-1,-1,-1
540,32,325.17,87.86,113.86,343.62,1,-1,-1,-1
540,30,198.96,-20.63,155.53,468.61,1,-1,-1,-1
540,26,116.15,138.71,50.67,154.02,1,-1,-1,-1
541,33,441.72,79.26,107.41,324.25,1,-1,-1,-1
541,32,336.18,103.88,105.92,319.77,1,-1,-1,-1
541,30,221.71,-9.02,139.48,420.46,1,-1,-1,-1
541,26,115.93,138.62,51.18,155.52,1,-1,-1,-1
542,33,451.59,71.49,110.95,334.87,1,-1,-1,-1
542,32,332.47,105.34,105.22,317.64,1,-1,-1,-1
542,30,230.59,-3.76,132.86,400.60,1,-1,-1,-1
542,26,122.83,138.59,51.37,156.10,1,-1,-1,-1
543,33,454.78,68.90,112.13,338.40,1,-1,-1,-1
543,32,328.58,106.28,104.86,316.57,1,-1,-1,-1
543,30,227.45,-1.57,149.94,451.84,1,-1,-1,-1
543,26,124.10,137.73,53.85,163.54,1,-1,-1,-1
544,33,461.31,71.41,118.09,356.28,1,-1,-1,-1
544,32,324.60,106.96,104.69,316.03,1,-1,-1,-1
544,30,236.10,-0.18,149.08,449.24,1,-1,-1,-1
544,26,117.25,137.44,54.77,166.30,1,-1,-1,-1
545,34,188.13,148.74,48.25,146.74,1,-1,-1,-1
545,33,463.48,72.52,120.14,362.43,1,-1,-1,-1
545,30,250.58,0.55,155.61,468.85,1,-1,-1,-1
545,26,112.12,127.96,57.69,175.08,1,-1,-1,-1
546,34,190.79,148.75,51.51,156.57,1,-1,-1,-1
546,33,473.67,69.49,115.50,348.51,1,-1,-1,-1
546,30,256.01,0.92,158.02,476.08,1,-1,-1,-1
546,26,110.25,124.41,58.78,178.33,1,-1,-1,-1
547,34,193.30,138.55,55.34,168.10,1,-1,-1,-1
547,33,472.36,57.86,124.91,376.75,1,-1,-1,-1
547,30,270.02,-21.19,166.30,500.91,1,-1,-1,-1
547,26,109.60,123.08,59.19,179.55,1,-1,-1,-1
548,34,195.18,134.18,59.35,180.14,1,-1,-1,-1
548,33,489.03,53.82,128.21,386.66,1,-1,-1,-1
548,30,284.01,-28.35,162.10,488.30,1,-1,-1,-1
548,26,110.97,116.32,65.12,197.37,1,-1,-1,-1
549,34,202.79,134.82,57.44,174.37,1,-1,-1,-1
549,33,495.07,52.41,129.38,390.15,1,-1,-1,-1
549,30,280.35,-32.17,167.75,505.27,1,-1,-1,-1
549,26,109.94,119.92,61.67,187.02,1,-1,-1,-1
550,34,198.30,124.91,59.53,180.64,1,-1,-1,-1
550,33,502.14,36.09,135.87,409.61,1,-1,-1,-1
550,30,278.80,-33.52,169.84,511.55,1,-1,-1,-1
550,26,102.12,106.15,66.00,200.00,1,-1,-1,-1
551,34,197.24,109.56,63.19,191.63,1,-1,-1,-1
551,33,509.52,42.99,126.79,382.38,1,-1,-1,-1
551,30,286.78,-33.02,163.47,492.41,1,-1,-1,-1
551,26,94.09,95.96,70.77,214.34,1,-1,-1,-1
552,34,196.84,109.50,67.58,204.80,1,-1,-1,-1
552,33,515.99,39.85,128.22,386.69,1,-1,-1,-1
552,30,280.92,-33.81,168.21,506.66,1,-1,-1,-1
552,26,87.15,97.19,69.40,210.21,1,-1,-1,-1
553,34,196.58,113.45,65.95,199.89,1,-1,-1,-1
553,33,522.82,37.79,128.92,388.82,1,-1,-1,-1
553,30,278.56,-34.03,169.98,511.95,1,-1,-1,-1
553,26,78.82,92.71,72.01,218.03,1,-1,-1,-1
554,34,187.69,115.11,65.26,197.81,1,-1,-1,-1
554,30,277.55,-34.09,170.64,513.92,1,-1,-1,-1
554,26,60.67,88.73,80.12,242.39,1,-1,-1,-1
555,34,183.80,112.23,68.02,206.09,1,-1,-1,-1
555,30,277.06,-34.09,170.88,514.64,1,-1,-1,-1
555,26,53.98,87.53,83.01,251.06,1,-1,-1,-1
556,34,171.17,106.72,72.28,218.88,1,-1,-1,-1
556,30,276.78,-34.08,170.96,514.88,1,-1,-1,-1
556,26,40.38,87.11,84.09,254.29,1,-1,-1,-1
557,34,159.93,103.68,81.18,245.60,1,-1,-1,-1
557,30,276.59,-34.06,170.98,514.95,1,-1,-1,-1
557,26,24.17,86.95,84.50,255.51,1,-1,-1,-1
558,34,155.91,91.64,84.25,254.79,1,-1,-1,-1
558,33,514.70,120.16,84.04,254.15,1,-1,-1,-1
558,30,285.15,-33.12,163.87,493.61,1,-1,-1,-1
558,26,18.19,86.88,84.66,255.98,1,-1,-1,-1
559,34,154.50,87.22,85.32,258.01,1,-1,-1,-1
559,33,518.15,124.29,81.63,246.86,1,-1,-1,-1
559,30,288.37,-32.59,161.06,485.20,1,-1,-1,-1
559,26,16.99,79.07,88.60,267.79,1,-1,-1,-1
560,34,149.28,77.69,89.66,271.01,1,-1,-1,-1
560,30,289.52,-32.33,159.97,481.93,1,-1,-1,-1
560,26,4.79,66.91,94.25,284.75,1,-1,-1,-1
561,34,135.35,74.26,91.20,275.63,1,-1,-1,-1
561,30,281.09,-33.36,166.84,502.52,1,-1,-1,-1
561,26,-0.94,66.41,94.36,285.08,1,-1,-1,-1
562,34,118.13,73.06,91.73,277.23,1,-1,-1,-1
562,30,282.43,-34.54,167.49,504.50,1,-1,-1,-1
562,26,-6.64,66.00,94.41,285.25,1,-1,-1,-1
563,34,98.77,54.08,105.86,319.65,1,-1,-1,-1
563,30,277.38,-33.62,169.78,511.37,1,-1,-1,-1
563,26,-12.32,65.62,94.44,285.33,1,-1,-1,-1
564,34,91.85,47.66,110.73,334.22,1,-1,-1,-1
564,30,265.08,-59.41,178.38,537.17,1,-1,-1,-1
564,26,-18.00,65.27,94.45,285.37,1,-1,-1,-1
565,34,89.44,45.38,112.48,339.47,1,-1,-1,-1
565,30,260.72,-68.48,181.37,546.14,1,-1,-1,-1
565,26,-23.67,64.93,94.46,285.39,1,-1,-1,-1
566,34,63.56,32.14,124.00,374.04,1,-1,-1,-1
566,30,260.50,-70.68,181.98,547.97,1,-1,-1,-1
566,26,-29.34,64.59,94.46,285.40,1,-1,-1,-1
567,34,54.08,27.57,128.07,386.25,1,-1,-1,-1
567,30,260.43,-72.42,182.29,548.88,1,-1,-1,-1
567,26,-35.01,64.25,94.47,285.41,1,-1,-1,-1
568,34,36.30,9.08,142.09,428.31,1,-1,-1,-1
568,30,381.04,17.84,129.42,390.37,1,-1,-1,-1
568,26,-40.68,63.92,94.47,285.41,1,-1,-1,-1
569,34,28.18,5.43,144.84,436.59,1,-1,-1,-1
569,30,405.47,23.00,123.08,371.25,1,-1,-1,-1
569,26,-46.35,63.59,94.47,285.41,1,-1,-1,-1
570,34,20.76,3.87,146.19,440.67,1,-1,-1,-1
570,30,416.39,26.37,126.29,380.88,1,-1,-1,-1
571,34,13.68,3.34,146.86,442.70,1,-1,-1,-1
571,30,433.61,26.17,122.04,368.10,1,-1,-1,-1
572,34,6.77,3.33,147.20,443.71,1,-1,-1,-1
572,30,445.95,10.62,131.96,397.87,1,-1,-1,-1
573,30,451.82,5.07,142.03,428.08,1,-1,-1,-1
580,30,508.21,58.86,108.21,326.64,1,-1,-1,-1
581,30,496.17,63.45,105.25,317.74,1,-1,-1,-1
582,35,215.35,155.34,41.87,127.61,1,-1,-1,-1
582,30,492.38,65.10,104.19,314.54,1,-1,-1,-1
583,35,217.49,158.28,47.77,145.40,1,-1,-1,-1
583,30,490.80,79.50,103.78,313.34,1,-1,-1,-1
584,35,208.58,163.32,43.55,132.66,1,-1,-1,-1
584,30,496.44,83.65,102.09,308.23,1,-1,-1,-1
585,35,199.39,152.62,47.27,143.86,1,-1,-1,-1
585,30,501.65,86.54,101.23,305.64,1,-1,-1,-1
586,35,196.85,156.68,48.33,147.03,1,-1,-1,-1
586,30,527.88,114.38,88.28,266.84,1,-1,-1,-1
587,35,191.28,151.05,51.15,155.48,1,-1,-1,-1
587,30,534.29,117.66,87.55,264.63,1,-1,-1,-1
588,35,182.20,149.14,52.04,158.15,1,-1,-1,-1
588,30,518.83,126.55,81.16,245.49,1,-1,-1,-1
589,35,156.95,148.04,54.88,166.70,1,-1,-1,-1
589,30,523.02,129.24,80.66,243.96,1,-1,-1,-1
590,35,138.75,138.43,58.59,177.81,1,-1,-1,-1
590,30,527.09,131.55,80.41,243.19,1,-1,-1,-1
591,35,121.40,132.71,62.77,190.35,1,-1,-1,-1
591,30,531.09,133.67,80.28,242.81,1,-1,-1,-1
592,35,102.40,127.69,67.31,203.97,1,-1,-1,-1
592,30,535.06,135.70,80.21,242.62,1,-1,-1,-1
593,35,82.74,128.92,65.86,199.61,1,-1,-1,-1
593,30,539.02,137.67,80.18,242.52,1,-1,-1,-1
594,35,63.76,122.56,71.59,216.83,1,-1,-1,-1
594,30,542.97,139.62,80.17,242.47,1,-1,-1,-1
595,35,49.42,115.50,77.12,233.42,1,-1,-1,-1
595,30,546.91,141.56,80.16,242.45,1,-1,-1,-1
596,35,33.99,113.03,79.06,239.23,1,-1,-1,-1
596,30,550.85,143.50,80.15,242.44,1,-1,-1,-1
597,35,18.90,106.25,83.46,252.41,1,-1,-1,-1
597,30,554.79,145.43,80.15,242.43,1,-1,-1,-1
598,35,2.42,103.82,85.02,257.09,1,-1,-1,-1
599,35,-3.34,102.96,85.56,258.71,1,-1,-1,-1
600,35,-16.55,100.57,87.45,264.42,1,-1,-1,-1
601,35,-29.28,99.64,88.38,267.23,1,-1,-1,-1
613,36,74.52,92.90,90.90,274.69,1,-1,-1,-1
614,37,189.63,103.89,84.74,256.23,1,-1,-1,-1
614,36,56.62,92.07,91.35,276.06,1,-1,-1,-1
615,37,185.16,93.71,90.43,273.33,1,-1,-1,-1
616,37,184.31,91.80,91.50,276.52,1,-1,-1,-1
617,37,184.23,91.62,91.60,276.82,1,-1,-1,-1
618,38,119.19,138.89,48.25,146.74,1,-1,-1,-1
618,37,175.10,99.82,87.03,263.09,1,-1,-1,-1
619,38,109.34,138.89,48.25,146.74,1,-1,-1,-1
619,37,167.85,94.85,89.81,271.43,1,-1,-1,-1
620,38,96.51,138.30,51.27,155.84,1,-1,-1,-1
620,37,165.52,93.16,90.75,274.25,1,-1,-1,-1
621,38,90.14,137.02,54.98,167.00,1,-1,-1,-1
621,37,164.88,92.60,91.06,275.18,1,-1,-1,-1
622,39,257.00,113.00,79.00,239.00,1,-1,-1,-1
622,37,168.88,99.78,87.06,263.18,1,-1,-1,-1
623,39,258.23,113.73,78.54,237.62,1,-1,-1,-1
623,37,166.44,107.54,89.63,270.91,1,-1,-1,-1
624,39,243.12,111.75,88.99,269.03,1,-1,-1,-1
624,37,165.64,110.43,90.57,273.72,1,-1,-1,-1
625,39,240.16,105.56,86.70,262.14,1,-1,-1,-1
625,37,169.42,117.80,86.92,262.75,1,-1,-1,-1
626,39,239.54,103.72,85.81,259.46,1,-1,-1,-1
626,37,174.77,106.27,93.95,283.87,1,-1,-1,-1
627,39,239.56,103.22,85.43,258.30,1,-1,-1,-1
627,37,172.93,104.61,88.29,266.87,1,-1,-1,-1
628,39,239.74,103.13,85.24,257.74,1,-1,-1,-1
628,37,180.47,96.98,90.02,272.06,1,-1,-1,-1
629,39,251.71,103.18,85.14,257.42,1,-1,-1,-1
629,37,179.06,98.48,94.98,286.96,1,-1,-1,-1
630,39,266.12,109.30,81.26,245.80,1,-1,-1,-1
630,37,197.12,101.57,88.72,268.18,1,-1,-1,-1
631,39,271.43,111.67,79.77,241.31,1,-1,-1,-1
631,37,203.99,114.18,86.23,260.69,1,-1,-1,-1
632,39,284.02,112.57,79.21,239.63,1,-1,-1,-1
632,37,204.20,112.67,89.23,269.69,1,-1,-1,-1
633,39,288.60,112.90,79.00,239.01,1,-1,-1,-1
633,37,218.36,112.73,82.88,250.64,1,-1,-1,-1
634,40,60.71,30.86,148.29,446.86,1,-1,-1,-1
634,39,300.78,113.03,78.93,238.80,1,-1,-1,-1
634,37,223.07,107.13,83.99,253.97,1,-1,-1,-1
635,39,305.21,113.07,78.91,238.73,1,-1,-1,-1
635,37,235.86,110.78,80.78,244.35,1,-1,-1,-1
636,40,91.25,30.86,148.29,446.86,1,-1,-1,-1
636,39,306.70,113.08,78.91,238.72,1,-1,-1,-1
636,37,240.61,112.22,79.53,240.60,1,-1,-1,-1
637,40,77.37,-20.32,166.09,500.32,1,-1,-1,-1
637,39,307.10,113.09,78.91,238.73,1,-1,-1,-1
637,37,242.28,112.79,79.06,239.17,1,-1,-1,-1
638,40,83.00,-38.10,172.03,518.21,1,-1,-1,-1
638,39,307.11,113.08,78.91,238.74,1,-1,-1,-1
638,37,242.78,113.01,78.88,238.65,1,-1,-1,-1
639,39,306.97,113.08,78.92,238.76,1,-1,-1,-1
639,37,242.86,113.09,78.82,238.46,1,-1,-1,-1
640,39,296.32,113.08,78.92,238.77,1,-1,-1,-1
640,37,231.65,107.26,82.50,249.49,1,-1,-1,-1
641,39,292.19,113.08,78.93,238.78,1,-1,-1,-1
641,37,227.33,105.11,83.86,253.58,1,-1,-1,-1
642,39,290.57,113.07,78.93,238.79,1,-1,-1,-1
642,37,226.10,114.54,77.50,234.52,1,-1,-1,-1
643,39,289.92,113.07,78.94,238.81,1,-1,-1,-1
643,37,213.89,119.00,82.02,248.07,1,-1,-1,-1
644,39,286.72,117.73,75.57,228.71,1,-1,-1,-1
644,37,209.27,120.77,83.68,253.06,1,-1,-1,-1
645,39,277.93,114.82,77.67,235.02,1,-1,-1,-1
645,37,208.90,115.94,80.71,244.15,1,-1,-1,-1
646,39,274.60,113.73,78.46,237.39,1,-1,-1,-1
646,37,209.35,118.70,76.24,230.74,1,-1,-1,-1
647,41,65.00,1.00,159.00,479.00,1,-1,-1,-1
647,39,268.38,121.52,72.34,219.03,1,-1,-1,-1
647,37,198.53,125.63,77.86,235.57,1,-1,-1,-1
648,41,63.55,-0.98,160.48,483.46,1,-1,-1,-1
648,39,268.83,130.75,73.03,221.10,1,-1,-1,-1
648,37,194.46,128.26,78.47,237.40,1,-1,-1,-1
649,41,64.14,-0.17,159.88,481.64,1,-1,-1,-1
649,39,269.04,134.24,73.30,221.89,1,-1,-1,-1
649,37,203.99,133.15,75.36,228.08,1,-1,-1,-1
650,41,64.45,0.24,159.56,480.70,1,-1,-1,-1
650,39,260.89,131.46,76.84,232.53,1,-1,-1,-1
650,37,206.76,139.99,68.26,206.80,1,-1,-1,-1
651,41,64.61,0.46,159.40,480.20,1,-1,-1,-1
651,39,256.34,124.64,74.78,226.33,1,-1,-1,-1
651,37,199.56,131.59,68.28,206.83,1,-1,-1,-1
652,41,64.71,0.59,159.30,479.92,1,-1,-1,-1
652,39,254.68,122.05,73.98,223.93,1,-1,-1,-1
652,37,196.86,128.39,68.29,206.85,1,-1,-1,-1
653,41,64.77,0.67,159.24,479.73,1,-1,-1,-1
653,39,252.04,133.81,70.56,213.68,1,-1,-1,-1
653,37,195.31,133.16,71.49,216.48,1,-1,-1,-1
654,41,61.79,0.52,151.98,457.93,1,-1,-1,-1
654,39,251.12,138.34,69.22,209.65,1,-1,-1,-1
654,37,195.32,138.06,69.54,210.63,1,-1,-1,-1
655,41,63.70,0.66,156.49,471.47,1,-1,-1,-1
655,39,250.85,140.05,68.70,208.10,1,-1,-1,-1
655,37,195.38,139.92,68.79,208.36,1,-1,-1,-1
656,41,64.45,0.78,158.14,476.43,1,-1,-1,-1
656,39,250.81,131.57,68.51,207.53,1,-1,-1,-1
656,37,194.88,137.51,71.69,217.07,1,-1,-1,-1
657,41,64.74,0.85,158.75,478.26,1,-1,-1,-1
657,39,259.95,128.34,68.44,207.32,1,-1,-1,-1
657,37,194.73,126.86,72.77,220.31,1,-1,-1,-1
658,41,64.86,0.88,158.98,478.93,1,-1,-1,-1
658,39,263.47,127.12,68.42,207.25,1,-1,-1,-1
658,37,194.71,122.81,73.18,221.54,1,-1,-1,-1
659,41,77.61,0.09,145.86,439.59,1,-1,-1,-1
659,39,273.92,126.66,68.42,207.24,1,-1,-1,-1
659,37,204.36,124.91,70.23,212.70,1,-1,-1,-1
660,41,82.56,18.71,140.62,423.84,1,-1,-1,-1
660,39,268.78,126.50,68.42,207.25,1,-1,-1,-1
660,37,194.84,122.45,79.50,240.51,1,-1,-1,-1
661,41,88.39,27.22,145.16,437.46,1,-1,-1,-1
661,39,269.51,122.68,71.62,216.84,1,-1,-1,-1
661,37,193.51,126.93,79.12,239.38,1,-1,-1,-1
662,41,90.55,30.44,146.87,442.59,1,-1,-1,-1
662,39,272.38,127.68,66.82,202.45,1,-1,-1,-1
662,37,193.02,128.62,78.98,238.95,1,-1,-1,-1
663,41,100.51,45.39,135.33,407.97,1,-1,-1,-1
663,39,272.39,132.88,59.83,181.50,1,-1,-1,-1
663,37,192.85,129.23,78.93,238.79,1,-1,-1,-1
664,41,78.09,17.19,150.47,453.41,1,-1,-1,-1
664,39,268.12,128.73,65.28,197.87,1,-1,-1,-1
664,37,192.80,129.44,78.91,238.73,1,-1,-1,-1
665,42,18.15,103.89,84.74,256.23,1,-1,-1,-1
665,41,86.45,26.44,148.93,448.78,1,-1,-1,-1
665,39,275.64,127.34,67.26,203.78,1,-1,-1,-1
665,37,201.85,124.45,82.55,249.66,1,-1,-1,-1
666,42,1.56,102.34,85.85,259.58,1,-1,-1,-1
666,41,89.59,29.92,148.35,447.04,1,-1,-1,-1
666,39,274.74,129.65,65.08,197.25,1,-1,-1,-1
666,37,206.67,127.53,80.32,242.95,1,-1,-1,-1
667,42,-16.86,93.61,90.63,273.93,1,-1,-1,-1
667,41,90.74,11.64,148.14,446.40,1,-1,-1,-1
667,39,278.13,127.70,67.19,203.56,1,-1,-1,-1
667,37,208.48,118.26,79.45,240.34,1,-1,-1,-1
668,41,105.31,22.56,141.76,427.27,1,-1,-1,-1
668,39,279.41,126.98,67.98,205.93,1,-1,-1,-1
668,37,218.62,131.87,72.81,220.45,1,-1,-1,-1
669,41,96.59,8.82,145.67,439.01,1,-1,-1,-1
669,39,284.58,129.50,65.38,198.13,1,-1,-1,-1
669,37,221.15,130.87,67.30,203.91,1,-1,-1,-1
670,41,112.76,3.65,147.14,443.42,1,-1,-1,-1
670,39,286.53,130.51,64.36,195.08,1,-1,-1,-1
670,37,223.45,127.91,67.99,205.96,1,-1,-1,-1
671,43,40.40,79.79,97.49,294.47,1,-1,-1,-1
671,41,113.47,19.57,141.41,426.23,1,-1,-1,-1
671,39,287.23,130.91,63.97,193.92,1,-1,-1,-1
671,37,229.02,139.42,62.73,190.18,1,-1,-1,-1
672,43,22.43,80.22,97.98,295.94,1,-1,-1,-1
672,41,113.69,25.74,139.18,419.52,1,-1,-1,-1
672,39,287.47,139.56,63.83,193.48,1,-1,-1,-1
672,37,233.53,142.54,63.32,191.95,1,-1,-1,-1
673,43,1.98,51.31,110.34,333.09,1,-1,-1,-1
673,41,113.70,28.09,138.33,416.98,1,-1,-1,-1
673,39,287.52,134.34,63.78,193.32,1,-1,-1,-1
673,37,240.71,145.18,60.84,184.52,1,-1,-1,-1
674,43,-2.49,46.91,119.55,360.74,1,-1,-1,-1
674,41,125.62,27.38,132.17,398.51,1,-1,-1,-1
674,39,282.76,129.46,66.73,202.17,1,-1,-1,-1
674,37,239.72,133.27,65.63,198.90,1,-1,-1,-1
675,41,118.08,28.69,135.71,409.10,1,-1,-1,-1
675,39,280.98,132.40,62.25,188.77,1,-1,-1,-1
675,37,237.39,131.71,64.44,195.32,1,-1,-1,-1
676,41,115.15,29.22,137.04,413.10,1,-1,-1,-1
676,39,276.51,131.61,63.19,191.56,1,-1,-1,-1
676,37,238.64,141.76,58.87,178.61,1,-1,-1,-1
677,41,99.76,30.87,143.98,433.94,1,-1,-1,-1
677,39,274.81,131.32,63.54,192.63,1,-1,-1,-1
677,37,239.14,145.84,56.60,171.80,1,-1,-1,-1
678,41,93.92,12.09,146.55,441.64,1,-1,-1,-1
678,39,274.17,131.22,63.68,193.04,1,-1,-1,-1
678,37,229.73,142.46,64.17,194.54,1,-1,-1,-1
679,41,91.71,24.45,147.52,444.56,1,-1,-1,-1
679,39,277.77,141.12,61.04,185.12,1,-1,-1,-1
679,37,235.61,145.89,58.77,178.32,1,-1,-1,-1
680,41,90.88,29.13,147.90,445.67,1,-1,-1,-1
680,39,275.31,143.41,62.74,190.23,1,-1,-1,-1
680,37,237.89,147.41,56.57,171.72,1,-1,-1,-1
681,41,90.58,30.87,148.04,446.11,1,-1,-1,-1
681,39,274.39,144.28,63.39,192.15,1,-1,-1,-1
681,37,227.92,145.51,61.09,185.28,1,-1,-1,-1
682,41,90.48,31.48,148.10,446.28,1,-1,-1,-1
682,39,269.96,146.03,60.93,184.79,1,-1,-1,-1
682,37,216.34,142.57,65.74,199.23,1,-1,-1,-1
683,44,375.27,99.49,97.49,294.47,1,-1,-1,-1
683,41,90.45,31.66,148.12,446.36,1,-1,-1,-1
683,39,268.31,146.71,59.97,181.91,1,-1,-1,-1
683,37,217.93,145.16,61.85,187.55,1,-1,-1,-1
684,44,369.59,109.43,91.95,277.81,1,-1,-1,-1
684,41,104.57,29.91,141.92,427.75,1,-1,-1,-1
684,39,271.77,136.93,62.36,189.07,1,-1,-1,-1
684,37,217.43,145.98,61.40,186.20,1,-1,-1,-1
685,44,368.21,111.98,90.51,273.51,1,-1,-1,-1
685,41,109.97,29.35,139.49,420.44,1,-1,-1,-1
685,39,269.04,135.28,60.53,183.60,1,-1,-1,-1
685,37,216.82,146.46,61.18,185.51,1,-1,-1,-1
686,44,367.99,112.38,90.28,272.83,1,-1,-1,-1
686,41,111.99,29.15,138.55,417.64,1,-1,-1,-1
686,39,268.02,134.69,59.83,181.47,1,-1,-1,-1
686,37,216.15,146.77,61.06,185.17,1,-1,-1,-1
687,41,112.73,29.09,138.20,416.57,1,-1,-1,-1
687,39,267.66,134.49,59.56,180.66,1,-1,-1,-1
687,37,215.45,147.00,61.01,185.00,1,-1,-1,-1
688,41,98.78,30.61,144.44,435.30,1,-1,-1,-1
688,39,263.20,135.77,56.94,172.83,1,-1,-1,-1
688,37,209.56,132.71,63.57,192.71,1,-1,-1,-1
689,41,107.64,29.57,140.49,423.45,1,-1,-1,-1
689,39,261.43,132.74,61.28,185.83,1,-1,-1,-1
689,37,208.53,132.03,63.58,192.74,1,-1,-1,-1
690,44,355.93,100.93,96.68,292.06,1,-1,-1,-1
690,41,96.83,30.82,145.28,437.84,1,-1,-1,-1
690,39,260.83,131.72,62.85,190.56,1,-1,-1,-1
690,37,208.64,131.06,63.88,193.64,1,-1,-1,-1
691,44,354.96,99.73,97.36,294.07,1,-1,-1,-1
691,41,92.74,31.34,147.07,443.21,1,-1,-1,-1
691,39,260.63,131.35,63.45,192.34,1,-1,-1,-1
691,37,207.72,130.39,63.89,193.68,1,-1,-1,-1
692,44,354.65,99.34,97.57,294.72,1,-1,-1,-1
692,41,110.70,31.50,147.76,445.25,1,-1,-1,-1
692,39,260.59,131.21,63.68,193.02,1,-1,-1,-1
692,37,206.80,129.73,63.90,193.69,1,-1,-1,-1
693,45,39.99,117.96,63.98,193.94,1,-1,-1,-1
693,44,352.67,98.67,97.94,295.81,1,-1,-1,-1
693,41,112.12,29.74,141.81,427.44,1,-1,-1,-1
693,39,257.07,133.17,61.07,185.22,1,-1,-1,-1
693,37,205.88,129.07,63.90,193.70,1,-1,-1,-1
694,45,38.99,116.96,63.98,193.94,1,-1,-1,-1
694,41,112.66,29.16,139.48,420.44,1,-1,-1,-1
694,39,255.78,126.05,60.05,182.16,1,-1,-1,-1
694,37,204.96,128.41,63.90,193.71,1,-1,-1,-1
695,45,29.90,112.62,67.97,205.94,1,-1,-1,-1
695,41,112.84,28.97,138.59,417.75,1,-1,-1,-1
695,39,258.90,125.24,57.16,173.48,1,-1,-1,-1
695,37,204.04,127.76,63.90,193.71,1,-1,-1,-1
696,41,118.20,30.50,144.59,435.78,1,-1,-1,-1
696,39,260.14,132.42,56.02,170.06,1,-1,-1,-1
696,37,203.12,127.10,63.90,193.71,1,-1,-1,-1
697,45,2.76,112.15,78.26,236.87,1,-1,-1,-1
697,44,349.72,93.09,91.65,276.96,1,-1,-1,-1
697,41,133.06,29.42,140.58,423.73,1,-1,-1,-1
697,39,264.97,133.76,58.15,176.44,1,-1,-1,-1
697,37,202.21,126.45,63.90,193.71,1,-1,-1,-1
698,44,339.71,97.23,95.55,288.66,1,-1,-1,-1
698,41,138.65,29.06,139.02,419.05,1,-1,-1,-1
698,39,266.82,134.31,58.94,178.82,1,-1,-1,-1
698,37,201.29,125.79,63.90,193.71,1,-1,-1,-1
699,44,338.34,89.37,101.47,306.42,1,-1,-1,-1
699,41,140.70,28.95,138.42,417.25,1,-1,-1,-1
699,39,263.09,132.40,62.01,188.03,1,-1,-1,-1
699,37,200.37,125.14,63.90,193.71,1,-1,-1,-1
700,44,345.26,103.07,94.93,286.81,1,-1,-1,-1
700,41,148.01,30.50,144.54,435.61,1,-1,-1,-1
700,39,263.06,132.93,61.74,187.21,1,-1,-1,-1
700,37,199.46,124.48,63.90,193.71,1,-1,-1,-1
701,44,338.66,100.87,96.55,291.66,1,-1,-1,-1
701,41,144.05,29.43,140.57,423.70,1,-1,-1,-1
701,39,262.96,133.25,61.60,186.79,1,-1,-1,-1
701,37,198.54,123.83,63.90,193.71,1,-1,-1,-1
702,44,333.49,107.55,92.98,280.95,1,-1,-1,-1
702,41,142.46,29.08,139.03,419.07,1,-1,-1,-1
702,39,262.83,133.47,61.53,186.59,1,-1,-1,-1
703,44,331.28,108.12,92.80,280.41,1,-1,-1,-1
703,41,152.50,44.20,132.68,400.04,1,-1,-1,-1
703,39,262.68,133.63,61.50,186.48,1,-1,-1,-1
704,44,329.03,108.55,92.71,280.14,1,-1,-1,-1
704,41,156.29,50.09,130.18,392.54,1,-1,-1,-1
704,39,262.53,133.77,61.48,186.43,1,-1,-1,-1
705,46,69.59,103.89,84.74,256.23,1,-1,-1,-1
705,44,326.75,108.91,92.67,280.00,1,-1,-1,-1
705,41,146.87,36.87,135.12,407.34,1,-1,-1,-1
705,39,262.36,133.90,61.47,186.40,1,-1,-1,-1
706,46,52.90,103.21,85.17,257.51,1,-1,-1,-1
706,41,143.24,31.90,136.96,412.86,1,-1,-1,-1
706,39,262.20,134.02,61.47,186.39,1,-1,-1,-1
707,46,37.66,94.09,90.24,272.77,1,-1,-1,-1
707,41,128.94,31.58,144.02,434.04,1,-1,-1,-1
707,39,262.04,134.14,61.47,186.38,1,-1,-1,-1
708,46,34.44,91.95,91.43,276.33,1,-1,-1,-1
708,41,123.52,31.57,146.63,441.87,1,-1,-1,-1
709,46,21.44,81.80,96.55,291.70,1,-1,-1,-1
709,41,116.08,29.75,141.41,426.23,1,-1,-1,-1
710,46,3.57,78.73,98.08,296.27,1,-1,-1,-1
710,41,113.30,29.14,139.37,420.11,1,-1,-1,-1
711,41,112.29,28.93,138.59,417.75,1,-1,-1,-1
712,41,117.97,41.13,127.32,383.96,1,-1,-1,-1
713,46,-3.52,83.43,87.65,264.97,1,-1,-1,-1
713,41,114.12,33.40,134.09,404.27,1,-1,-1,-1
714,46,8.16,91.88,81.86,247.57,1,-1,-1,-1
714,41,112.73,30.60,136.59,411.76,1,-1,-1,-1
715,46,12.16,84.11,79.83,241.48,1,-1,-1,-1
715,41,112.24,29.56,137.53,414.59,1,-1,-1,-1
716,46,14.59,85.15,82.90,250.69,1,-1,-1,-1
716,41,124.02,27.46,132.13,398.38,1,-1,-1,-1
717,46,15.68,85.66,84.03,254.09,1,-1,-1,-1
717,41,128.55,26.80,130.01,392.02,1,-1,-1,-1
718,46,4.85,68.17,92.97,280.92,1,-1,-1,-1
718,41,130.27,43.58,129.19,389.57,1,-1,-1,-1
719,46,1.00,74.95,96.12,290.39,1,-1,-1,-1
719,41,140.91,47.23,123.52,372.54,1,-1,-1,-1
720,46,-0.30,67.47,101.90,307.73,1,-1,-1,-1
720,41,144.97,48.73,121.28,365.84,1,-1,-1,-1
721,46,-0.69,61.84,99.47,300.43,1,-1,-1,-1
721,41,142.54,36.22,131.95,397.85,1,-1,-1,-1
722,46,-0.68,50.80,108.06,326.19,1,-1,-1,-1
722,41,135.47,47.18,129.95,391.85,1,-1,-1,-1
723,46,-0.50,46.93,111.12,335.39,1,-1,-1,-1
723,41,142.74,48.58,123.83,373.50,1,-1,-1,-1
724,46,-17.37,32.95,123.25,371.79,1,-1,-1,-1
724,41,145.53,49.24,121.42,366.25,1,-1,-1,-1
725,46,-20.85,30.10,124.99,377.02,1,-1,-1,-1
725,41,142.63,36.42,132.01,398.02,1,-1,-1,-1
726,46,-23.89,28.57,125.84,379.61,1,-1,-1,-1
726,41,145.35,44.42,124.67,376.01,1,-1,-1,-1
727,41,146.42,47.66,121.76,367.26,1,-1,-1,-1
728,41,146.81,48.94,120.63,363.87,1,-1,-1,-1
729,41,146.94,49.44,120.20,362.58,1,-1,-1,-1
730,41,146.96,49.64,120.04,362.09,1,-1,-1,-1
731,41,146.95,49.73,119.98,361.92,1,-1,-1,-1
732,41,136.87,69.27,125.47,378.39,1,-1,-1,-1
733,41,136.52,69.17,117.17,353.49,1,-1,-1,-1
734,41,132.88,76.49,124.45,375.35,1,-1,-1,-1
735,41,131.57,79.36,127.13,383.38,1,-1,-1,-1
736,41,131.09,63.40,128.13,386.40,1,-1,-1,-1
737,41,130.92,57.27,128.52,387.56,1,-1,-1,-1
738,41,130.87,54.91,128.67,388.00,1,-1,-1,-1
739,47,258.31,166.41,44.95,136.84,1,-1,-1,-1
739,41,134.28,63.23,118.50,357.50,1,-1,-1,-1
740,47,257.26,159.76,47.75,145.27,1,-1,-1,-1
740,41,126.38,70.37,119.41,360.24,1,-1,-1,-1
741,47,265.41,158.15,48.42,147.29,1,-1,-1,-1
741,41,132.73,69.46,114.75,346.24,1,-1,-1,-1
742,47,260.67,164.00,45.98,139.93,1,-1,-1,-1
742,41,135.20,69.19,112.92,340.75,1,-1,-1,-1
743,47,259.11,165.90,45.17,137.50,1,-1,-1,-1
743,41,136.16,69.12,112.22,338.63,1,-1,-1,-1
744,41,136.53,69.10,111.95,337.83,1,-1,-1,-1
745,41,136.69,69.11,111.85,337.53,1,-1,-1,-1
746,41,127.37,72.55,116.95,352.85,1,-1,-1,-1
747,41,129.61,60.55,124.40,375.20,1,-1,-1,-1
748,41,148.79,65.57,116.77,352.31,1,-1,-1,-1
749,48,104.97,117.96,63.98,193.94,1,-1,-1,-1
749,41,147.84,71.25,118.78,358.34,1,-1,-1,-1
750,48,104.85,106.75,72.61,219.89,1,-1,-1,-1
750,41,162.38,80.03,109.96,331.89,1,-1,-1,-1
751,48,98.01,97.31,78.90,238.80,1,-1,-1,-1
751,41,167.96,83.67,106.41,321.22,1,-1,-1,-1
752,48,96.36,95.32,80.21,242.69,1,-1,-1,-1
752,41,175.36,80.97,100.69,304.08,1,-1,-1,-1
753,48,88.43,87.49,84.59,255.85,1,-1,-1,-1
753,41,186.56,70.31,102.85,310.54,1,-1,-1,-1
754,48,90.41,76.49,90.21,272.69,1,-1,-1,-1
754,41,195.16,76.05,99.28,299.83,1,-1,-1,-1
755,48,86.94,81.42,87.73,265.25,1,-1,-1,-1
755,41,198.33,78.34,97.89,295.65,1,-1,-1,-1
756,48,77.47,75.19,90.82,274.52,1,-1,-1,-1
756,41,203.88,72.43,106.72,322.16,1,-1,-1,-1
757,48,64.39,63.38,96.27,290.84,1,-1,-1,-1
757,41,210.73,80.99,105.16,317.47,1,-1,-1,-1
758,48,50.43,49.89,108.02,326.13,1,-1,-1,-1
758,41,208.40,73.69,109.34,330.01,1,-1,-1,-1
759,48,31.55,31.47,117.43,354.33,1,-1,-1,-1
759,41,215.63,77.21,101.91,307.72,1,-1,-1,-1
760,48,24.83,25.05,120.65,363.98,1,-1,-1,-1
760,41,218.32,78.81,98.93,298.78,1,-1,-1,-1
761,48,6.55,6.92,127.41,384.27,1,-1,-1,-1
761,41,219.24,79.48,97.77,295.30,1,-1,-1,-1
762,48,-1.93,-0.57,131.25,395.85,1,-1,-1,-1
762,41,219.48,79.76,97.33,293.97,1,-1,-1,-1
763,48,-9.44,-5.10,133.13,401.52,1,-1,-1,-1
763,41,219.47,79.90,97.16,293.47,1,-1,-1,-1
764,41,215.81,70.09,101.58,306.72,1,-1,-1,-1
765,49,122.39,175.18,25.39,78.17,1,-1,-1,-1
765,41,228.14,80.24,103.22,311.64,1,-1,-1,-1
766,49,123.84,178.55,23.91,73.70,1,-1,-1,-1
766,41,228.91,73.49,108.65,327.94,1,-1,-1,-1
767,50,193.00,153.00,39.00,119.00,1,-1,-1,-1
767,41,219.12,67.69,105.94,319.80,1,-1,-1,-1
768,50,185.00,148.14,44.31,134.98,1,-1,-1,-1
768,41,215.32,65.53,104.88,316.65,1,-1,-1,-1
769,50,183.73,147.44,45.39,138.22,1,-1,-1,-1
769,41,217.32,74.42,100.14,302.40,1,-1,-1,-1
770,50,180.73,153.10,43.16,131.50,1,-1,-1,-1
770,41,218.07,77.93,98.27,296.78,1,-1,-1,-1
771,50,169.12,149.48,44.65,135.98,1,-1,-1,-1
771,41,218.32,79.29,97.54,294.62,1,-1,-1,-1
772,50,160.40,141.16,50.06,152.24,1,-1,-1,-1
772,41,209.96,72.99,106.64,321.92,1,-1,-1,-1
773,50,157.17,138.91,49.34,150.05,1,-1,-1,-1
773,41,215.11,77.24,100.85,304.55,1,-1,-1,-1
774,50,149.53,138.19,49.01,149.06,1,-1,-1,-1
774,41,217.10,79.01,98.56,297.66,1,-1,-1,-1
775,50,147.04,137.59,51.22,155.69,1,-1,-1,-1
775,41,217.83,79.71,97.67,294.99,1,-1,-1,-1
776,50,139.27,137.47,51.98,157.96,1,-1,-1,-1
776,41,218.09,79.99,97.33,293.97,1,-1,-1,-1
777,50,135.64,136.53,54.73,166.23,1,-1,-1,-1
777,41,214.61,84.01,101.67,307.00,1,-1,-1,-1
778,50,134.52,136.26,55.69,169.11,1,-1,-1,-1
778,41,216.81,94.44,98.89,298.65,1,-1,-1,-1
779,50,132.74,134.66,58.68,178.07,1,-1,-1,-1
779,41,232.03,105.69,93.77,283.30,1,-1,-1,-1
780,50,130.01,131.90,62.59,189.82,1,-1,-1,-1
780,41,223.38,102.63,95.86,289.58,1,-1,-1,-1
781,50,129.16,122.38,63.98,193.96,1,-1,-1,-1
781,41,234.48,96.80,92.57,279.69,1,-1,-1,-1
782,50,120.43,127.38,64.46,195.41,1,-1,-1,-1
782,41,239.30,101.40,87.51,264.54,1,-1,-1,-1
783,50,117.27,129.30,64.61,195.86,1,-1,-1,-1
783,41,238.83,87.92,93.58,282.75,1,-1,-1,-1
784,51,196.00,126.36,68.64,207.93,1,-1,-1,-1
784,50,108.06,123.19,70.94,214.86,1,-1,-1,-1
784,41,240.83,97.99,87.93,265.80,1,-1,-1,-1
785,51,178.44,113.93,78.24,236.80,1,-1,-1,-1
785,50,99.22,116.23,76.67,232.05,1,-1,-1,-1
785,41,241.59,101.99,85.68,259.04,1,-1,-1,-1
786,51,175.10,111.73,79.97,241.98,1,-1,-1,-1
786,50,85.59,103.27,78.71,238.17,1,-1,-1,-1
786,41,241.84,114.75,84.81,256.42,1,-1,-1,-1
787,51,166.46,110.15,89.49,270.57,1,-1,-1,-1
787,50,73.17,103.00,83.14,251.45,1,-1,-1,-1
787,41,241.21,113.40,88.37,267.10,1,-1,-1,-1
788,51,160.14,111.00,83.44,252.38,1,-1,-1,-1
788,50,57.45,103.01,84.74,256.24,1,-1,-1,-1
788,41,251.86,113.33,82.38,249.15,1,-1,-1,-1
789,51,142.64,101.85,94.37,285.20,1,-1,-1,-1
789,50,40.48,103.04,85.31,257.95,1,-1,-1,-1
789,41,245.61,107.78,83.56,252.68,1,-1,-1,-1
790,51,123.30,99.20,97.78,295.39,1,-1,-1,-1
790,50,23.92,96.01,89.43,270.31,1,-1,-1,-1
790,41,243.04,111.33,80.45,243.35,1,-1,-1,-1
791,51,108.19,88.81,103.62,312.92,1,-1,-1,-1
791,50,5.91,93.42,90.92,274.80,1,-1,-1,-1
791,41,242.06,112.74,79.24,239.70,1,-1,-1,-1
792,51,93.01,74.04,110.65,334.00,1,-1,-1,-1
792,50,-3.67,91.76,92.44,279.39,1,-1,-1,-1
792,41,241.67,123.74,78.77,238.30,1,-1,-1,-1
793,51,69.59,79.82,108.05,326.18,1,-1,-1,-1
793,50,-12.87,91.27,93.19,281.66,1,-1,-1,-1
793,41,230.42,122.87,82.23,248.69,1,-1,-1,-1
794,51,49.37,71.23,111.89,337.71,1,-1,-1,-1
794,50,-21.88,91.34,93.57,282.79,1,-1,-1,-1
794,41,226.77,117.05,79.94,241.82,1,-1,-1,-1
795,52,416.87,26.99,128.96,388.88,1,-1,-1,-1
795,51,12.15,41.20,130.82,394.52,1,-1,-1,-1
795,50,-30.79,91.70,93.75,283.35,1,-1,-1,-1
795,41,225.43,114.85,79.05,239.15,1,-1,-1,-1
796,52,416.87,26.99,128.96,388.88,1,-1,-1,-1
796,51,-4.71,35.28,135.02,407.19,1,-1,-1,-1
796,50,-39.66,92.20,93.85,283.63,1,-1,-1,-1
796,41,224.95,124.47,78.71,238.13,1,-1,-1,-1
797,52,418.55,28.52,136.95,412.86,1,-1,-1,-1
797,51,-20.50,32.60,137.07,413.38,1,-1,-1,-1
797,41,224.65,122.23,75.28,227.83,1,-1,-1,-1
798,53,112.46,155.34,41.87,127.61,1,-1,-1,-1
798,52,417.39,27.40,131.64,396.91,1,-1,-1,-1
798,41,224.71,116.79,77.30,233.88,1,-1,-1,-1
799,53,105.52,160.11,39.46,120.35,1,-1,-1,-1
799,41,224.64,119.34,74.72,226.16,1,-1,-1,-1
800,54,161.00,169.00,39.00,119.00,1,-1,-1,-1
800,53,97.39,161.34,38.83,118.48,1,-1,-1,-1
800,41,222.46,118.04,67.88,205.63,1,-1,-1,-1
801,56,279.58,28.86,138.29,416.86,1,-1,-1,-1
801,55,57.00,161.00,39.00,119.00,1,-1,-1,-1
801,54,153.08,168.03,39.37,120.12,1,-1,-1,-1
801,53,89.28,161.53,38.73,118.18,1,-1,-1,-1
801,41,213.45,115.01,74.64,225.92,1,-1,-1,-1
802,56,279.58,28.86,138.29,416.86,1,-1,-1,-1
802,55,57.08,162.06,38.51,117.50,1,-1,-1,-1
802,54,153.87,171.39,41.66,127.02,1,-1,-1,-1
802,53,81.21,161.50,38.75,118.23,1,-1,-1,-1
802,41,219.69,122.34,70.63,213.89,1,-1,-1,-1
803,56,279.58,28.86,138.29,416.86,1,-1,-1,-1
803,55,56.28,158.26,43.85,133.61,1,-1,-1,-1
803,54,152.49,175.86,39.96,121.89,1,-1,-1,-1
803,41,222.91,121.57,72.18,218.52,1,-1,-1,-1
804,56,289.25,44.76,124.35,374.99,1,-1,-1,-1
804,55,56.12,157.36,45.14,137.47,1,-1,-1,-1
804,54,158.17,177.20,39.37,120.11,1,-1,-1,-1
804,41,224.16,121.29,72.76,220.27,1,-1,-1,-1
805,56,292.28,49.97,119.88,361.58,1,-1,-1,-1
805,55,62.92,157.11,45.44,138.36,1,-1,-1,-1
805,54,160.14,177.55,39.15,119.46,1,-1,-1,-1
805,41,224.75,116.47,76.39,231.17,1,-1,-1,-1
806,56,310.51,51.45,118.62,357.80,1,-1,-1,-1
806,55,68.18,155.62,43.32,131.97,1,-1,-1,-1
806,54,166.42,177.60,39.07,119.22,1,-1,-1,-1
806,41,234.63,119.32,74.39,225.17,1,-1,-1,-1
807,56,316.64,51.70,118.40,357.16,1,-1,-1,-1
807,55,69.92,155.17,42.50,129.52,1,-1,-1,-1
807,54,171.03,174.43,41.02,125.06,1,-1,-1,-1
807,41,248.12,120.43,73.62,222.85,1,-1,-1,-1
808,56,335.12,49.35,112.93,340.75,1,-1,-1,-1
808,55,73.82,150.02,44.29,134.89,1,-1,-1,-1
808,54,174.76,169.12,43.80,133.43,1,-1,-1,-1
808,41,253.21,120.85,73.33,221.97,1,-1,-1,-1
809,56,341.61,50.52,116.61,351.79,1,-1,-1,-1
809,55,78.73,148.68,47.16,143.51,1,-1,-1,-1
809,54,182.26,167.21,44.77,136.34,1,-1,-1,-1
809,41,264.83,130.76,73.22,221.64,1,-1,-1,-1
810,56,343.66,67.22,118.07,356.17,1,-1,-1,-1
810,55,89.23,153.94,45.98,139.95,1,-1,-1,-1
810,54,188.15,170.49,43.11,131.34,1,-1,-1,-1
810,41,275.52,137.47,70.09,212.25,1,-1,-1,-1
811,56,360.37,41.93,124.59,375.76,1,-1,-1,-1
811,55,90.84,150.31,47.69,145.08,1,-1,-1,-1
811,54,193.14,167.76,44.47,135.42,1,-1,-1,-1
811,41,282.87,127.27,72.00,217.99,1,-1,-1,-1
812,56,366.34,32.49,127.00,383.00,1,-1,-1,-1
812,54,194.89,166.75,44.95,136.88,1,-1,-1,-1
812,41,285.54,123.38,72.72,220.16,1,-1,-1,-1
813,56,374.87,32.70,125.98,379.92,1,-1,-1,-1
813,55,101.23,155.26,45.92,139.76,1,-1,-1,-1
813,54,189.35,166.37,45.12,137.38,1,-1,-1,-1
813,41,286.43,121.90,73.00,220.99,1,-1,-1,-1
814,56,389.20,28.17,128.16,386.47,1,-1,-1,-1
814,55,101.36,150.79,47.62,144.88,1,-1,-1,-1
814,54,187.15,166.24,45.18,137.53,1,-1,-1,-1
814,41,296.39,121.34,73.11,221.31,1,-1,-1,-1
815,56,393.25,27.10,128.59,387.78,1,-1,-1,-1
815,55,103.04,154.74,46.09,140.28,1,-1,-1,-1
815,54,186.24,166.20,45.18,137.56,1,-1,-1,-1
815,41,305.09,133.84,70.06,212.18,1,-1,-1,-1
816,57,233.00,169.00,39.00,119.00,1,-1,-1,-1
816,56,394.66,28.02,134.88,406.63,1,-1,-1,-1
816,55,95.38,150.73,47.63,144.89,1,-1,-1,-1
816,54,188.04,161.09,47.32,143.96,1,-1,-1,-1
816,41,308.28,138.63,68.87,208.59,1,-1,-1,-1
817,57,232.38,168.38,39.00,119.00,1,-1,-1,-1
817,56,393.74,10.18,143.73,433.20,1,-1,-1,-1
817,55,89.65,142.35,50.49,153.49,1,-1,-1,-1
817,54,182.21,159.20,48.09,146.29,1,-1,-1,-1
817,41,309.35,131.35,68.41,207.21,1,-1,-1,-1
818,57,232.64,168.64,39.00,119.00,1,-1,-1,-1
818,56,393.19,3.66,146.94,442.81,1,-1,-1,-1
818,55,90.14,146.06,49.27,149.83,1,-1,-1,-1
818,41,314.29,124.84,71.40,216.20,1,-1,-1,-1
819,58,257.00,169.00,39.00,119.00,1,-1,-1,-1
819,57,232.37,164.74,41.27,125.83,1,-1,-1,-1
819,56,412.13,0.92,141.78,427.35,1,-1,-1,-1
819,55,84.11,139.70,53.55,162.68,1,-1,-1,-1
819,54,173.14,158.99,51.13,155.41,1,-1,-1,-1
819,41,316.04,122.40,72.52,219.55,1,-1,-1,-1
820,57,224.18,165.47,44.22,134.70,1,-1,-1,-1
820,56,419.25,0.24,146.17,440.52,1,-1,-1,-1
820,55,81.46,145.00,50.47,153.44,1,-1,-1,-1
820,54,163.94,159.13,54.26,164.82,1,-1,-1,-1
820,41,320.97,125.11,69.84,211.52,1,-1,-1,-1
821,58,249.00,183.81,39.38,120.16,1,-1,-1,-1
821,57,217.08,164.01,42.95,130.88,1,-1,-1,-1
821,56,421.71,0.08,147.79,445.38,1,-1,-1,-1
821,55,73.37,139.40,53.94,163.86,1,-1,-1,-1
821,54,152.24,150.80,57.98,175.98,1,-1,-1,-1
821,41,318.31,122.50,71.94,217.82,1,-1,-1,-1
822,58,241.83,179.58,39.24,119.73,1,-1,-1,-1
822,57,208.76,163.56,42.45,129.36,1,-1,-1,-1
822,56,428.81,-1.66,148.57,447.73,1,-1,-1,-1
822,55,67.30,138.21,52.80,160.41,1,-1,-1,-1
822,54,137.74,146.13,62.13,188.43,1,-1,-1,-1
822,41,311.02,116.81,76.15,230.44,1,-1,-1,-1
823,58,239.89,184.14,39.17,119.53,1,-1,-1,-1
823,57,200.07,169.34,42.23,128.71,1,-1,-1,-1
823,56,436.11,-2.81,148.96,448.90,1,-1,-1,-1
823,55,65.02,144.70,52.35,159.05,1,-1,-1,-1
823,54,125.46,138.82,69.95,211.91,1,-1,-1,-1
823,41,314.30,129.09,74.35,225.04,1,-1,-1,-1
824,58,239.49,179.80,39.13,119.41,1,-1,-1,-1
824,57,197.11,165.66,42.14,128.42,1,-1,-1,-1
824,56,443.51,-3.66,149.16,449.49,1,-1,-1,-1
824,55,57.28,147.17,52.16,158.51,1,-1,-1,-1
824,54,115.72,139.45,69.52,210.60,1,-1,-1,-1
824,41,315.46,133.77,73.66,222.96,1,-1,-1,-1
825,58,233.94,178.17,39.11,119.33,1,-1,-1,-1
825,57,189.43,160.66,46.41,141.26,1,-1,-1,-1
825,56,450.96,-4.38,149.25,449.78,1,-1,-1,-1
825,55,49.50,140.33,54.51,165.55,1,-1,-1,-1
825,54,107.65,136.59,72.52,219.59,1,-1,-1,-1
825,41,315.82,135.53,73.39,222.17,1,-1,-1,-1
826,58,232.11,177.55,39.09,119.27,1,-1,-1,-1
826,57,181.69,152.38,50.27,152.84,1,-1,-1,-1
826,56,458.42,-5.01,149.30,449.92,1,-1,-1,-1
826,55,44.59,138.59,52.99,160.98,1,-1,-1,-1
826,54,99.21,131.48,77.06,233.20,1,-1,-1,-1
826,41,315.88,126.41,73.29,221.87,1,-1,-1,-1
827,58,225.44,180.05,41.03,125.10,1,-1,-1,-1
827,57,172.01,149.43,51.61,156.87,1,-1,-1,-1
827,56,465.91,-5.62,149.33,450.00,1,-1,-1,-1
827,55,31.10,135.57,57.43,174.33,1,-1,-1,-1
827,54,78.30,124.51,82.39,249.22,1,-1,-1,-1
827,41,314.57,129.16,67.37,204.12,1,-1,-1,-1
828,58,217.37,180.98,41.72,127.16,1,-1,-1,-1
828,57,168.59,148.39,52.08,158.26,1,-1,-1,-1
828,56,390.98,99.89,97.24,293.76,1,-1,-1,-1
828,55,25.01,135.99,56.47,171.43,1,-1,-1,-1
828,54,61.80,115.69,88.29,266.89,1,-1,-1,-1
828,41,310.59,127.66,67.87,205.61,1,-1,-1,-1
829,58,212.54,177.64,44.01,134.05,1,-1,-1,-1
829,57,160.59,147.63,54.70,166.13,1,-1,-1,-1
829,56,388.49,109.24,92.17,278.52,1,-1,-1,-1
829,55,21.31,135.19,56.99,172.99,1,-1,-1,-1
829,54,45.52,104.87,94.66,286.00,1,-1,-1,-1
829,41,313.70,123.36,71.24,215.72,1,-1,-1,-1
830,58,207.90,178.18,47.02,143.09,1,-1,-1,-1
830,57,149.31,146.42,58.29,176.91,1,-1,-1,-1
830,56,393.22,118.75,86.46,261.36,1,-1,-1,-1
830,55,17.75,134.78,57.24,173.77,1,-1,-1,-1
830,54,37.80,108.35,92.83,280.50,1,-1,-1,-1
830,41,319.26,134.54,69.37,210.10,1,-1,-1,-1
831,59,289.00,169.00,39.00,119.00,1,-1,-1,-1
831,58,202.20,172.87,50.43,153.32,1,-1,-1,-1
831,57,137.31,146.07,59.57,180.74,1,-1,-1,-1
831,56,389.55,116.09,88.21,266.60,1,-1,-1,-1
831,55,14.25,134.57,57.37,174.15,1,-1,-1,-1
831,54,24.04,102.21,96.26,290.81,1,-1,-1,-1
831,41,316.91,135.76,71.80,217.38,1,-1,-1,-1
832,60,106.56,22.11,104.56,315.68,1,-1,-1,-1
832,59,281.62,161.62,39.00,119.00,1,-1,-1,-1
832,58,191.34,169.88,49.36,150.10,1,-1,-1,-1
832,57,127.74,132.74,65.93,199.83,1,-1,-1,-1
832,56,380.53,107.30,93.20,281.58,1,-1,-1,-1
832,55,10.78,134.45,57.43,174.34,1,-1,-1,-1
832,54,16.01,100.75,97.59,294.82,1,-1,-1,-1
832,41,315.98,126.47,72.70,220.10,1,-1,-1,-1
833,60,99.05,54.21,98.62,297.82,1,-1,-1,-1
833,59,273.36,160.18,39.00,119.00,1,-1,-1,-1
833,58,182.37,162.82,51.21,155.66,1,-1,-1,-1
833,57,115.28,127.94,68.16,206.52,1,-1,-1,-1
833,56,377.15,103.98,95.07,287.17,1,-1,-1,-1
833,55,7.33,134.38,57.46,174.44,1,-1,-1,-1
833,54,8.31,100.30,98.25,296.80,1,-1,-1,-1
833,41,314.33,129.19,67.15,203.44,1,-1,-1,-1
834,61,223.93,163.91,41.87,127.61,1,-1,-1,-1
834,59,271.52,160.05,39.00,119.00,1,-1,-1,-1
834,58,172.24,167.13,51.88,157.65,1,-1,-1,-1
834,57,106.29,122.37,72.19,218.61,1,-1,-1,-1
834,56,375.90,102.65,95.80,289.36,1,-1,-1,-1
834,54,0.78,100.35,98.57,297.79,1,-1,-1,-1
834,41,313.73,130.44,64.90,196.71,1,-1,-1,-1
835,61,221.73,157.71,44.71,136.17,1,-1,-1,-1
835,60,81.07,111.90,79.77,241.22,1,-1,-1,-1
835,58,161.21,161.38,57.25,173.80,1,-1,-1,-1
835,57,98.71,120.29,73.63,222.97,1,-1,-1,-1
835,56,375.45,102.08,96.10,290.26,1,-1,-1,-1
835,54,-6.68,100.64,98.74,298.28,1,-1,-1,-1
835,41,314.62,124.30,70.19,212.58,1,-1,-1,-1
836,61,226.42,149.31,48.05,146.21,1,-1,-1,-1
836,60,73.06,140.79,70.39,212.86,1,-1,-1,-1
836,59,271.31,160.21,39.00,119.00,1,-1,-1,-1
836,58,154.39,147.26,65.12,197.42,1,-1,-1,-1
836,57,87.87,107.53,82.28,248.89,1,-1,-1,-1
836,56,382.87,109.28,92.08,278.21,1,-1,-1,-1
836,54,-14.09,101.06,98.82,298.52,1,-1,-1,-1
836,41,319.39,125.81,68.98,208.92,1,-1,-1,-1
837,61,227.67,155.19,48.77,148.38,1,-1,-1,-1
837,59,277.42,160.42,39.00,119.00,1,-1,-1,-1
837,58,152.13,142.27,67.85,205.59,1,-1,-1,-1
837,57,76.53,97.33,88.33,267.04,1,-1,-1,-1
837,56,391.01,104.46,94.74,286.20,1,-1,-1,-1
837,54,-21.48,101.54,98.86,298.65,1,-1,-1,-1
837,41,324.05,129.14,65.64,198.92,1,-1,-1,-1
