1,4,191.01,571.03,51.78,157.34,1,-1,-1,-1
1,3,502.44,544.22,33.82,103.47,1,-1,-1,-1
1,2,264.90,581.58,51.78,157.34,1,-1,-1,-1
1,1,1617.00,553.00,39.00,119.00,1,-1,-1,-1
2,4,180.54,560.56,51.78,157.34,1,-1,-1,-1
2,3,501.36,533.93,31.51,96.53,1,-1,-1,-1
2,1,1621.46,549.77,41.84,127.54,1,-1,-1,-1
3,4,170.74,576.25,55.33,168.02,1,-1,-1,-1
3,3,503.97,550.94,29.32,89.91,1,-1,-1,-1
3,1,1632.51,552.59,39.36,120.07,1,-1,-1,-1
4,4,159.65,579.40,55.95,169.89,1,-1,-1,-1
4,3,502.05,549.27,30.83,94.48,1,-1,-1,-1
4,1,1639.23,550.43,41.26,125.80,1,-1,-1,-1
5,4,148.34,571.00,56.02,170.08,1,-1,-1,-1
5,3,496.42,543.39,31.27,95.82,1,-1,-1,-1
5,1,1648.64,564.84,39.56,120.68,1,-1,-1,-1
6,4,145.84,579.11,53.22,161.68,1,-1,-1,-1
6,3,495.18,549.41,33.16,101.50,1,-1,-1,-1
6,1,1657.07,575.14,39.03,119.07,1,-1,-1,-1
7,4,136.93,579.23,54.92,166.77,1,-1,-1,-1
7,3,494.87,546.41,33.76,103.31,1,-1,-1,-1
7,1,1658.45,560.57,45.64,138.99,1,-1,-1,-1
8,4,126.33,587.03,55.49,168.49,1,-1,-1,-1
8,3,494.84,550.12,33.95,103.87,1,-1,-1,-1
8,1,1665.50,569.30,47.75,145.30,1,-1,-1,-1
9,4,115.16,581.94,55.68,169.06,1,-1,-1,-1
9,3,492.52,552.28,31.01,95.06,1,-1,-1,-1
9,1,1672.56,572.62,48.87,148.71,1,-1,-1,-1
10,5,1.00,721.23,41.87,127.61,1,-1,-1,-1
10,4,103.79,572.28,55.73,169.21,1,-1,-1,-1
10,3,489.24,549.14,31.31,95.95,1,-1,-1,-1
10,1,1681.12,596.22,43.49,132.49,1,-1,-1,-1
11,4,92.38,583.85,55.74,169.23,1,-1,-1,-1
11,3,488.09,552.29,31.43,96.28,1,-1,-1,-1
11,1,1690.87,587.13,44.43,135.28,1,-1,-1,-1
12,4,82.52,585.73,56.05,170.16,1,-1,-1,-1
12,3,482.76,547.66,36.59,111.83,1,-1,-1,-1
12,1,1698.67,592.33,42.72,130.17,1,-1,-1,-1
13,6,170.76,570.91,59.63,180.89,1,-1,-1,-1
13,4,72.74,587.85,56.20,170.62,1,-1,-1,-1
13,3,481.25,540.91,34.98,106.96,1,-1,-1,-1
13,1,1702.89,591.80,44.11,134.34,1,-1,-1,-1
14,6,167.40,570.97,67.98,206.02,1,-1,-1,-1
14,3,480.76,543.00,34.34,105.04,1,-1,-1,-1
14,1,1710.29,585.37,44.63,135.89,1,-1,-1,-1
15,6,159.16,580.80,62.00,188.02,1,-1,-1,-1
15,4,41.46,575.01,63.10,191.34,1,-1,-1,-1
15,3,480.65,543.79,34.09,104.28,1,-1,-1,-1
15,1,1718.88,588.88,44.82,136.47,1,-1,-1,-1
16,7,1630.10,601.19,41.87,127.61,1,-1,-1,-1
16,4,30.65,575.79,63.68,193.07,1,-1,-1,-1
16,3,479.57,545.48,31.16,95.48,1,-1,-1,-1
16,1,1725.22,585.48,47.06,143.19,1,-1,-1,-1
17,6,120.94,586.22,63.77,193.32,1,-1,-1,-1
17,4,19.98,577.01,63.96,193.93,1,-1,-1,-1
17,3,475.73,544.69,32.89,100.69,1,-1,-1,-1
17,1,1733.87,584.13,47.88,145.65,1,-1,-1,-1
18,6,107.44,589.70,64.24,194.75,1,-1,-1,-1
18,4,9.38,578.44,64.10,194.36,1,-1,-1,-1
18,3,473.29,539.61,36.96,112.93,1,-1,-1,-1
18,1,1743.32,590.01,48.18,146.55,1,-1,-1,-1
19,3,472.49,537.86,38.40,117.21,1,-1,-1,-1
19,1,1754.40,596.22,46.20,140.62,1,-1,-1,-1
20,3,470.80,537.59,38.77,118.36,1,-1,-1,-1
20,1,1764.37,598.51,45.43,138.28,1,-1,-1,-1
21,3,467.90,542.46,35.16,107.50,1,-1,-1,-1
21,1,1773.39,601.62,47.26,143.77,1,-1,-1,-1
22,8,1433.00,529.00,39.00,119.00,1,-1,-1,-1
22,3,464.69,535.90,39.67,121.04,1,-1,-1,-1
22,1,1783.02,596.28,47.93,145.80,1,-1,-1,-1
23,8,1433.62,529.00,39.00,119.00,1,-1,-1,-1
23,3,464.26,536.57,39.32,119.97,1,-1,-1,-1
23,1,1787.26,594.34,50.47,153.41,1,-1,-1,-1
24,8,1433.36,529.00,39.00,119.00,1,-1,-1,-1
24,3,463.52,539.60,41.03,125.09,1,-1,-1,-1
24,1,1795.47,593.58,51.40,156.19,1,-1,-1,-1
25,8,1439.52,535.29,39.00,119.00,1,-1,-1,-1
25,3,458.68,548.40,39.84,121.54,1,-1,-1,-1
25,1,1809.84,599.41,49.52,150.57,1,-1,-1,-1
26,8,1441.69,533.86,41.15,125.46,1,-1,-1,-1
26,3,455.91,549.67,41.21,125.63,1,-1,-1,-1
26,1,1817.28,602.27,51.03,155.11,1,-1,-1,-1
27,8,1447.66,542.18,39.80,121.40,1,-1,-1,-1
27,3,454.92,550.13,41.71,127.15,1,-1,-1,-1
27,1,1823.69,601.99,54.04,164.12,1,-1,-1,-1
28,8,1449.60,539.42,39.30,119.89,1,-1,-1,-1
28,3,453.06,551.23,41.95,127.88,1,-1,-1,-1
28,1,1833.24,601.87,55.13,167.41,1,-1,-1,-1
29,8,1455.65,543.81,39.11,119.33,1,-1,-1,-1
29,3,449.47,552.73,39.81,121.43,1,-1,-1,-1
29,1,1843.97,609.14,55.54,168.63,1,-1,-1,-1
30,8,1457.71,545.33,39.04,119.12,1,-1,-1,-1
30,3,447.45,553.86,39.85,121.54,1,-1,-1,-1
30,1,1856.71,619.40,53.33,162.00,1,-1,-1,-1
31,8,1458.33,551.18,39.01,119.04,1,-1,-1,-1
31,3,439.89,570.99,41.38,126.14,1,-1,-1,-1
31,1,1865.78,622.35,53.61,162.84,1,-1,-1,-1
32,8,1463.78,558.61,39.00,119.01,1,-1,-1,-1
32,3,437.44,573.65,41.45,126.36,1,-1,-1,-1
32,1,1874.93,625.52,53.74,163.26,1,-1,-1,-1
33,8,1465.69,550.63,39.00,119.00,1,-1,-1,-1
33,3,439.63,564.28,39.63,120.91,1,-1,-1,-1
33,1,1884.10,628.79,53.81,163.47,1,-1,-1,-1
34,8,1471.59,547.54,39.00,119.00,1,-1,-1,-1
34,3,438.06,560.85,41.09,125.26,1,-1,-1,-1
35,8,1473.69,546.31,39.00,118.99,1,-1,-1,-1
35,3,434.03,556.03,39.79,121.36,1,-1,-1,-1
36,8,1479.63,545.81,39.00,118.99,1,-1,-1,-1
36,3,432.58,554.21,39.29,119.86,1,-1,-1,-1
37,9,1573.60,521.43,27.28,83.85,1,-1,-1,-1
37,8,1481.75,545.58,39.00,118.99,1,-1,-1,-1
37,3,429.98,545.86,40.92,124.76,1,-1,-1,-1
38,9,1570.31,483.81,40.98,125.23,1,-1,-1,-1
38,8,1484.61,537.34,40.87,124.61,1,-1,-1,-1
38,3,425.95,550.32,39.73,121.18,1,-1,-1,-1
39,9,1575.73,483.92,40.75,124.43,1,-1,-1,-1
39,8,1488.64,542.30,39.72,121.17,1,-1,-1,-1
39,3,424.50,546.81,39.26,119.79,1,-1,-1,-1
40,9,1583.45,485.00,40.35,123.13,1,-1,-1,-1
40,8,1495.30,538.94,39.28,119.83,1,-1,-1,-1
40,3,424.03,545.49,39.09,119.26,1,-1,-1,-1
41,8,1502.94,542.91,39.10,119.31,1,-1,-1,-1
41,3,423.92,545.01,39.02,119.05,1,-1,-1,-1
42,8,1505.71,544.40,39.04,119.12,1,-1,-1,-1
42,3,421.45,548.01,40.82,124.46,1,-1,-1,-1
43,9,1593.24,501.06,39.85,121.60,1,-1,-1,-1
43,8,1509.97,542.49,40.87,124.60,1,-1,-1,-1
43,3,417.85,551.19,39.69,121.07,1,-1,-1,-1
44,9,1596.11,492.78,41.61,126.87,1,-1,-1,-1
44,8,1513.33,549.42,39.72,121.17,1,-1,-1,-1
44,3,413.68,550.38,41.07,125.20,1,-1,-1,-1
45,9,1599.89,488.96,44.26,134.82,1,-1,-1,-1
45,8,1518.16,549.99,41.11,125.34,1,-1,-1,-1
45,3,415.03,552.07,39.79,121.37,1,-1,-1,-1
46,9,1603.53,486.96,45.55,138.75,1,-1,-1,-1
46,8,1519.86,550.18,41.63,126.88,1,-1,-1,-1
46,3,410.39,552.73,39.29,119.87,1,-1,-1,-1
47,9,1614.94,500.79,40.66,124.01,1,-1,-1,-1
47,8,1527.14,557.46,40.02,122.07,1,-1,-1,-1
47,3,408.70,552.98,39.10,119.29,1,-1,-1,-1
48,9,1623.31,503.82,39.58,120.75,1,-1,-1,-1
48,8,1535.00,560.21,39.39,120.18,1,-1,-1,-1
48,3,405.78,552.75,42.85,130.55,1,-1,-1,-1
49,9,1626.37,523.64,34.48,105.46,1,-1,-1,-1
49,8,1537.08,559.53,40.98,124.95,1,-1,-1,-1
49,3,407.07,558.11,40.50,123.51,1,-1,-1,-1
50,9,1631.74,526.99,32.38,99.14,1,-1,-1,-1
50,8,1537.74,559.24,41.57,126.72,1,-1,-1,-1
50,3,402.42,554.96,39.57,120.70,1,-1,-1,-1
51,9,1634.22,513.35,36.60,111.81,1,-1,-1,-1
51,8,1543.82,565.94,40.00,122.00,1,-1,-1,-1
51,3,400.73,558.99,39.21,119.62,1,-1,-1,-1
52,9,1642.15,527.34,31.98,97.96,1,-1,-1,-1
52,8,1551.23,568.47,39.38,120.15,1,-1,-1,-1
52,3,396.54,558.84,40.89,124.66,1,-1,-1,-1
53,9,1643.08,513.38,36.46,111.42,1,-1,-1,-1
53,8,1553.86,568.07,40.97,124.93,1,-1,-1,-1
53,3,395.02,558.78,41.51,126.53,1,-1,-1,-1
54,9,1650.15,522.68,33.26,101.81,1,-1,-1,-1
54,8,1560.34,567.89,41.56,126.69,1,-1,-1,-1
54,3,392.90,560.34,39.97,121.90,1,-1,-1,-1
55,9,1655.75,530.89,30.62,93.87,1,-1,-1,-1
55,8,1563.79,564.34,43.75,133.27,1,-1,-1,-1
55,3,388.19,559.30,41.16,125.50,1,-1,-1,-1
56,10,321.00,553.00,39.00,119.00,1,-1,-1,-1
56,9,1658.93,533.63,30.97,94.89,1,-1,-1,-1
56,8,1565.04,555.39,49.01,149.04,1,-1,-1,-1
56,3,385.23,560.51,39.83,121.49,1,-1,-1,-1
57,10,320.38,553.00,39.00,119.00,1,-1,-1,-1
57,9,1662.71,531.04,29.72,91.14,1,-1,-1,-1
57,8,1572.35,552.16,50.87,154.62,1,-1,-1,-1
57,3,379.83,559.32,41.11,125.34,1,-1,-1,-1
58,9,1665.51,529.30,30.65,93.93,1,-1,-1,-1
58,8,1574.99,550.92,51.56,156.68,1,-1,-1,-1
58,3,377.00,555.26,39.81,121.43,1,-1,-1,-1
59,10,310.10,549.93,41.69,127.11,1,-1,-1,-1
59,9,1670.04,530.94,30.14,92.37,1,-1,-1,-1
59,8,1582.69,550.43,51.81,157.45,1,-1,-1,-1
59,3,376.88,551.71,41.11,125.32,1,-1,-1,-1
60,10,308.77,549.54,42.05,128.17,1,-1,-1,-1
60,8,1586.90,558.18,49.72,151.18,1,-1,-1,-1
60,3,371.33,550.38,41.59,126.77,1,-1,-1,-1
61,10,305.09,551.72,40.12,122.36,1,-1,-1,-1
61,9,1667.64,483.34,45.29,137.98,1,-1,-1,-1
61,8,1587.24,549.34,53.56,162.70,1,-1,-1,-1
61,3,363.71,549.88,41.77,127.32,1,-1,-1,-1
62,10,303.98,546.94,39.40,120.21,1,-1,-1,-1
62,9,1671.43,481.35,45.67,139.14,1,-1,-1,-1
62,8,1593.80,549.73,52.57,159.74,1,-1,-1,-1
62,3,366.01,551.67,40.07,122.22,1,-1,-1,-1
63,10,298.24,561.75,39.14,119.41,1,-1,-1,-1
63,9,1683.66,501.93,37.09,113.34,1,-1,-1,-1
63,8,1605.26,550.99,48.05,146.16,1,-1,-1,-1
63,3,361.88,561.58,41.20,125.61,1,-1,-1,-1
64,10,294.95,549.55,43.13,131.41,1,-1,-1,-1
64,9,1688.71,509.26,38.29,116.90,1,-1,-1,-1
64,8,1607.18,557.19,50.49,153.50,1,-1,-1,-1
64,3,359.30,549.93,43.59,132.76,1,-1,-1,-1
65,11,403.99,558.32,41.87,127.61,1,-1,-1,-1
65,10,287.73,551.33,44.51,135.54,1,-1,-1,-1
65,9,1690.45,506.62,38.71,118.13,1,-1,-1,-1
65,8,1611.97,557.78,50.74,154.25,1,-1,-1,-1
65,3,353.91,555.29,42.54,129.63,1,-1,-1,-1
66,11,403.61,566.66,42.08,128.25,1,-1,-1,-1
66,10,287.21,562.91,41.16,125.50,1,-1,-1,-1
66,9,1696.21,505.63,38.86,118.59,1,-1,-1,-1
66,8,1616.83,558.55,50.86,154.62,1,-1,-1,-1
66,3,352.20,564.13,40.38,123.14,1,-1,-1,-1
67,10,283.86,554.58,41.69,127.09,1,-1,-1,-1
67,9,1698.25,515.70,38.92,118.77,1,-1,-1,-1
67,8,1626.49,576.13,46.22,140.65,1,-1,-1,-1
67,3,343.90,550.84,43.29,131.87,1,-1,-1,-1
68,11,387.84,562.83,44.84,136.57,1,-1,-1,-1
68,10,277.05,557.10,41.89,127.67,1,-1,-1,-1
68,9,1702.96,523.12,34.39,105.18,1,-1,-1,-1
68,8,1627.91,567.51,47.53,144.59,1,-1,-1,-1
68,3,337.54,545.59,46.46,141.40,1,-1,-1,-1
69,11,385.64,559.60,42.90,130.70,1,-1,-1,-1
69,10,273.17,557.51,42.11,128.34,1,-1,-1,-1
69,9,1707.22,528.22,33.94,103.84,1,-1,-1,-1
69,8,1628.76,570.28,50.24,152.74,1,-1,-1,-1
69,3,332.57,543.85,45.56,138.68,1,-1,-1,-1
70,11,385.12,558.61,42.25,128.76,1,-1,-1,-1
70,9,1711.35,529.78,33.70,103.09,1,-1,-1,-1
70,8,1635.05,571.99,49.02,149.06,1,-1,-1,-1
70,3,328.51,540.87,49.56,150.70,1,-1,-1,-1
71,11,378.80,554.11,44.17,134.53,1,-1,-1,-1
71,9,1715.41,531.15,33.58,102.72,1,-1,-1,-1
71,8,1638.12,571.92,50.77,154.32,1,-1,-1,-1
71,3,325.63,541.90,48.80,148.40,1,-1,-1,-1
72,9,1707.44,516.38,37.98,115.94,1,-1,-1,-1
72,8,1641.97,569.11,53.84,163.54,1,-1,-1,-1
72,3,322.38,548.42,46.48,141.44,1,-1,-1,-1
73,9,1706.82,519.63,38.67,118.02,1,-1,-1,-1
73,8,1643.30,568.06,54.97,166.93,1,-1,-1,-1
73,3,317.10,544.77,47.62,144.87,1,-1,-1,-1
74,11,369.15,557.26,42.37,129.12,1,-1,-1,-1
74,9,1711.85,520.75,38.91,118.74,1,-1,-1,-1
74,8,1647.64,570.26,53.05,161.15,1,-1,-1,-1
74,3,309.34,541.30,50.29,152.89,1,-1,-1,-1
75,11,361.18,553.77,44.18,134.54,1,-1,-1,-1
75,9,1713.66,521.14,39.00,119.01,1,-1,-1,-1
75,8,1654.31,578.10,50.13,152.40,1,-1,-1,-1
75,3,304.53,548.13,47.08,143.26,1,-1,-1,-1
76,11,355.97,552.71,46.98,142.96,1,-1,-1,-1
76,9,1714.92,527.01,35.87,109.62,1,-1,-1,-1
76,8,1658.47,580.91,51.18,155.55,1,-1,-1,-1
76,3,297.83,544.66,47.85,145.55,1,-1,-1,-1
77,11,350.62,552.23,45.83,139.49,1,-1,-1,-1
77,9,1714.62,523.43,37.87,115.61,1,-1,-1,-1
77,8,1659.90,581.94,51.58,156.74,1,-1,-1,-1
77,3,288.63,541.26,50.37,153.13,1,-1,-1,-1
78,11,342.70,552.07,45.37,138.13,1,-1,-1,-1
78,9,1714.43,522.09,38.60,117.82,1,-1,-1,-1
78,8,1664.95,582.43,49.54,150.63,1,-1,-1,-1
78,3,285.08,548.10,47.11,143.35,1,-1,-1,-1
79,11,339.89,552.04,45.20,137.59,1,-1,-1,-1
79,9,1716.68,522.58,38.68,118.05,1,-1,-1,-1
79,8,1669.00,582.40,50.96,154.89,1,-1,-1,-1
79,3,278.03,544.64,47.86,145.58,1,-1,-1,-1
80,11,335.15,551.42,45.43,138.32,1,-1,-1,-1
80,9,1718.96,523.14,38.72,118.16,1,-1,-1,-1
80,8,1670.41,582.35,51.49,156.48,1,-1,-1,-1
80,3,275.51,543.33,48.14,146.41,1,-1,-1,-1
81,11,324.39,552.05,45.09,137.29,1,-1,-1,-1
81,9,1721.24,523.72,38.73,118.22,1,-1,-1,-1
81,8,1670.81,582.29,51.69,157.08,1,-1,-1,-1
81,3,270.80,543.08,48.24,146.72,1,-1,-1,-1
82,11,319.11,551.70,45.18,137.56,1,-1,-1,-1
82,9,1723.52,524.31,38.74,118.24,1,-1,-1,-1
82,8,1675.11,580.00,54.17,164.52,1,-1,-1,-1
82,3,266.12,542.90,48.29,146.87,1,-1,-1,-1
83,11,313.85,551.41,45.23,137.70,1,-1,-1,-1
83,8,1676.64,579.13,55.09,167.26,1,-1,-1,-1
83,3,257.80,550.93,48.26,146.78,1,-1,-1,-1
84,12,129.61,558.32,41.87,127.61,1,-1,-1,-1
84,11,309.46,564.30,42.49,129.46,1,-1,-1,-1
84,8,1677.10,578.76,55.43,168.30,1,-1,-1,-1
84,3,250.26,551.90,46.15,140.46,1,-1,-1,-1
85,12,121.21,561.75,44.22,134.67,1,-1,-1,-1
85,11,304.25,565.08,42.36,129.06,1,-1,-1,-1
85,8,1676.54,581.99,58.13,176.40,1,-1,-1,-1
85,3,240.02,552.52,47.47,144.42,1,-1,-1,-1
86,12,111.73,562.16,44.96,136.89,1,-1,-1,-1
86,11,293.92,566.64,41.97,127.91,1,-1,-1,-1
86,8,1684.20,579.74,56.60,171.82,1,-1,-1,-1
86,3,233.66,551.12,50.21,152.63,1,-1,-1,-1
87,12,108.09,555.02,47.71,145.17,1,-1,-1,-1
87,11,286.66,563.51,43.91,133.74,1,-1,-1,-1
87,8,1686.93,582.30,58.56,177.69,1,-1,-1,-1
87,3,227.67,552.18,49.01,149.04,1,-1,-1,-1
88,12,101.94,559.50,46.06,140.21,1,-1,-1,-1
88,11,278.13,562.43,44.58,135.74,1,-1,-1,-1
88,9,1683.40,545.20,76.90,232.82,1,-1,-1,-1
88,8,1687.92,587.15,56.77,172.32,1,-1,-1,-1
88,3,221.61,558.25,46.53,141.60,1,-1,-1,-1
89,12,93.64,561.04,45.45,138.35,1,-1,-1,-1
89,11,268.74,562.60,46.96,142.88,1,-1,-1,-1
89,9,1683.20,549.58,77.50,234.64,1,-1,-1,-1
89,8,1688.12,592.94,58.62,177.87,1,-1,-1,-1
89,3,217.04,561.29,47.61,144.83,1,-1,-1,-1
90,12,84.63,567.99,45.21,137.62,1,-1,-1,-1
90,11,265.73,568.05,45.74,139.24,1,-1,-1,-1
90,9,1683.16,554.42,77.80,235.54,1,-1,-1,-1
90,8,1690.75,589.11,62.07,188.24,1,-1,-1,-1
90,3,215.50,562.42,48.01,146.04,1,-1,-1,-1
91,12,75.40,570.43,45.11,137.32,1,-1,-1,-1
91,11,258.01,571.16,47.37,144.13,1,-1,-1,-1
91,9,1675.17,538.42,88.57,267.76,1,-1,-1,-1
91,8,1688.99,593.56,60.64,183.92,1,-1,-1,-1
91,3,208.66,562.81,48.16,146.50,1,-1,-1,-1
92,12,69.26,572.26,47.30,143.92,1,-1,-1,-1
92,11,248.85,572.32,47.98,145.95,1,-1,-1,-1
92,9,1679.30,547.31,86.22,260.68,1,-1,-1,-1
92,8,1691.54,595.41,60.81,184.45,1,-1,-1,-1
92,3,199.80,569.35,48.22,146.67,1,-1,-1,-1
93,12,60.69,572.88,48.08,146.25,1,-1,-1,-1
93,11,240.76,577.60,46.15,140.44,1,-1,-1,-1
93,9,1675.54,552.32,89.29,269.89,1,-1,-1,-1
93,8,1691.39,598.64,63.17,191.51,1,-1,-1,-1
93,3,190.19,571.79,48.25,146.74,1,-1,-1,-1
94,13,395.41,566.90,41.87,127.61,1,-1,-1,-1
94,11,237.91,579.59,45.43,138.28,1,-1,-1,-1
94,9,1674.15,554.08,90.42,273.27,1,-1,-1,-1
94,8,1696.95,605.00,60.97,184.93,1,-1,-1,-1
94,3,180.30,572.67,48.25,146.76,1,-1,-1,-1
95,13,392.52,576.22,39.23,119.67,1,-1,-1,-1
95,11,225.80,574.56,49.55,150.67,1,-1,-1,-1
95,9,1673.85,558.74,90.76,274.30,1,-1,-1,-1
95,8,1700.11,602.70,65.91,199.75,1,-1,-1,-1
95,3,176.75,572.94,48.26,146.77,1,-1,-1,-1
96,13,385.55,578.06,38.70,118.07,1,-1,-1,-1
96,11,218.16,579.85,48.80,148.42,1,-1,-1,-1
96,9,1687.70,554.97,90.91,274.72,1,-1,-1,-1
96,8,1703.28,609.44,64.77,196.32,1,-1,-1,-1
96,3,163.28,572.32,50.49,153.47,1,-1,-1,-1
97,13,368.45,558.66,46.11,140.40,1,-1,-1,-1
97,11,215.47,581.81,48.51,147.55,1,-1,-1,-1
97,9,1690.85,554.60,90.96,274.89,1,-1,-1,-1
97,8,1704.40,611.91,64.33,195.00,1,-1,-1,-1
97,3,158.38,572.06,51.31,155.95,1,-1,-1,-1
98,13,366.26,570.96,41.47,126.44,1,-1,-1,-1
98,11,208.24,582.51,48.40,147.21,1,-1,-1,-1
98,9,1692.06,558.33,91.13,275.39,1,-1,-1,-1
98,8,1713.22,612.76,64.16,194.48,1,-1,-1,-1
98,3,149.21,577.27,47.47,144.42,1,-1,-1,-1
99,14,1689.00,545.00,39.00,119.00,1,-1,-1,-1
99,11,199.27,582.72,48.36,147.07,1,-1,-1,-1
99,9,1693.31,562.18,91.21,275.64,1,-1,-1,-1
99,8,1716.47,612.99,64.09,194.29,1,-1,-1,-1
99,3,140.07,580.92,47.96,145.88,1,-1,-1,-1
100,14,1689.00,545.62,39.00,119.00,1,-1,-1,-1
100,13,340.74,553.32,50.21,152.70,1,-1,-1,-1
100,11,191.56,582.49,50.59,153.77,1,-1,-1,-1
100,9,1694.59,566.10,91.25,275.77,1,-1,-1,-1
100,8,1716.15,614.50,67.01,203.04,1,-1,-1,-1
100,3,130.40,582.26,48.14,146.43,1,-1,-1,-1
101,14,1689.00,545.36,39.00,119.00,1,-1,-1,-1
101,11,181.96,582.40,51.41,156.24,1,-1,-1,-1
101,9,1695.87,570.05,91.27,275.83,1,-1,-1,-1
101,8,1715.93,615.02,68.09,206.28,1,-1,-1,-1
101,3,120.54,582.72,48.21,146.64,1,-1,-1,-1
102,14,1682.71,545.23,39.00,119.00,1,-1,-1,-1
102,11,171.66,582.31,51.72,157.16,1,-1,-1,-1
102,9,1697.16,574.01,91.28,275.86,1,-1,-1,-1
102,8,1718.16,614.76,71.67,217.00,1,-1,-1,-1
102,3,117.80,587.24,46.21,140.64,1,-1,-1,-1
103,14,1680.83,545.16,39.00,119.00,1,-1,-1,-1
103,13,324.87,571.25,43.73,133.23,1,-1,-1,-1
103,11,166.96,582.40,49.64,150.94,1,-1,-1,-1
103,9,1698.45,577.98,91.29,275.88,1,-1,-1,-1
103,8,1725.64,614.92,69.88,211.64,1,-1,-1,-1
103,3,109.80,584.50,47.49,144.46,1,-1,-1,-1
104,14,1680.33,545.12,39.00,119.00,1,-1,-1,-1
104,13,317.82,574.23,42.55,129.67,1,-1,-1,-1
104,11,159.82,583.24,49.80,151.40,1,-1,-1,-1
104,9,1699.75,581.96,91.29,275.89,1,-1,-1,-1
104,8,1728.39,614.91,69.18,209.55,1,-1,-1,-1
104,3,100.57,583.42,47.96,145.90,1,-1,-1,-1
105,15,1541.00,514.34,31.49,96.47,1,-1,-1,-1
105,14,1680.25,545.10,39.00,119.00,1,-1,-1,-1
105,11,152.71,584.19,49.87,151.63,1,-1,-1,-1
105,9,1701.04,585.94,91.29,275.89,1,-1,-1,-1
105,8,1732.33,614.50,72.06,218.18,1,-1,-1,-1
105,3,88.17,582.74,50.38,153.14,1,-1,-1,-1
106,15,1535.36,516.19,29.49,90.44,1,-1,-1,-1
106,14,1674.80,545.08,39.00,119.00,1,-1,-1,-1
106,11,145.63,585.21,49.91,151.74,1,-1,-1,-1
106,9,1702.34,589.92,91.29,275.89,1,-1,-1,-1
106,8,1730.71,623.67,70.03,212.09,1,-1,-1,-1
106,3,76.83,582.47,51.27,155.82,1,-1,-1,-1
107,15,1533.51,516.10,27.36,84.01,1,-1,-1,-1
107,14,1672.89,545.07,39.00,119.00,1,-1,-1,-1
107,11,138.55,586.25,49.93,151.80,1,-1,-1,-1
107,9,1703.63,593.89,91.29,275.89,1,-1,-1,-1
107,8,1733.00,617.69,72.37,219.11,1,-1,-1,-1
107,3,72.78,575.45,51.61,156.83,1,-1,-1,-1
108,9,1704.92,597.87,91.29,275.89,1,-1,-1,-1
108,8,1739.84,624.72,70.15,212.45,1,-1,-1,-1
108,3,60.23,570.03,54.13,164.40,1,-1,-1,-1
109,16,198.21,584.04,41.87,127.61,1,-1,-1,-1
109,14,1665.76,545.06,39.00,119.00,1,-1,-1,-1
109,13,280.75,584.22,39.43,120.30,1,-1,-1,-1
109,9,1706.22,601.85,91.29,275.89,1,-1,-1,-1
109,8,1742.35,627.36,69.28,209.85,1,-1,-1,-1
109,3,53.19,570.65,52.71,160.14,1,-1,-1,-1
110,16,192.49,584.99,39.65,120.95,1,-1,-1,-1
110,13,268.75,584.45,41.06,125.18,1,-1,-1,-1
110,9,1707.51,605.83,91.29,275.89,1,-1,-1,-1
110,8,1745.18,626.71,75.54,228.64,1,-1,-1,-1
110,3,43.90,570.89,52.16,158.48,1,-1,-1,-1
111,16,180.97,589.99,36.68,112.00,1,-1,-1,-1
111,13,259.07,584.56,41.58,126.75,1,-1,-1,-1
111,9,1708.81,609.81,91.29,275.89,1,-1,-1,-1
111,8,1746.21,626.57,77.80,235.41,1,-1,-1,-1
111,3,33.74,570.98,51.95,157.84,1,-1,-1,-1
112,17,306.32,572.25,48.25,146.74,1,-1,-1,-1
112,16,174.39,593.07,33.97,103.85,1,-1,-1,-1
112,13,250.06,584.57,41.78,127.33,1,-1,-1,-1
112,9,1710.10,613.79,91.29,275.89,1,-1,-1,-1
112,8,1746.51,626.44,78.64,237.94,1,-1,-1,-1
112,3,24.29,575.70,54.25,164.76,1,-1,-1,-1
113,16,165.45,592.13,35.11,107.30,1,-1,-1,-1
113,13,241.32,584.55,41.85,127.54,1,-1,-1,-1
113,9,1711.40,617.77,91.29,275.89,1,-1,-1,-1
113,8,1746.52,626.30,78.96,238.89,1,-1,-1,-1
113,3,13.04,579.65,52.76,160.28,1,-1,-1,-1
114,16,154.12,593.27,37.55,114.64,1,-1,-1,-1
114,13,232.96,590.27,40.07,122.20,1,-1,-1,-1
114,11,65.15,582.04,51.67,157.02,1,-1,-1,-1
114,9,1712.69,621.75,91.29,275.89,1,-1,-1,-1
114,8,1746.43,626.17,79.08,239.25,1,-1,-1,-1
114,3,8.51,581.25,50.02,152.07,1,-1,-1,-1
115,17,276.78,572.56,48.25,146.74,1,-1,-1,-1
115,16,143.48,597.24,36.54,111.59,1,-1,-1,-1
115,13,224.57,591.46,40.00,122.01,1,-1,-1,-1
115,11,51.76,574.59,57.11,173.36,1,-1,-1,-1
115,9,1713.99,625.73,91.29,275.89,1,-1,-1,-1
115,8,1746.31,626.04,79.13,239.39,1,-1,-1,-1
115,3,0.72,581.73,51.14,155.41,1,-1,-1,-1
116,17,267.35,578.26,45.77,139.29,1,-1,-1,-1
116,16,134.97,598.58,36.19,110.55,1,-1,-1,-1
116,11,45.13,576.86,56.20,170.61,1,-1,-1,-1
116,9,1715.28,629.71,91.29,275.89,1,-1,-1,-1
116,8,1749.58,621.77,82.76,250.30,1,-1,-1,-1
116,3,-7.58,582.41,51.18,155.55,1,-1,-1,-1
117,17,255.24,573.49,49.96,151.91,1,-1,-1,-1
117,13,199.79,592.86,41.52,126.55,1,-1,-1,-1
117,11,36.57,577.23,56.33,171.00,1,-1,-1,-1
117,9,1716.58,633.69,91.29,275.89,1,-1,-1,-1
117,8,1757.79,634.64,80.55,243.65,1,-1,-1,-1
117,3,-15.87,583.13,51.20,155.62,1,-1,-1,-1
118,17,247.84,578.02,46.66,141.97,1,-1,-1,-1
118,16,113.71,594.99,38.20,116.59,1,-1,-1,-1
118,13,189.99,593.08,41.76,127.29,1,-1,-1,-1
118,11,17.31,574.21,62.06,188.19,1,-1,-1,-1
118,9,1717.87,637.67,91.29,275.89,1,-1,-1,-1
118,8,1760.82,639.49,79.69,241.06,1,-1,-1,-1
118,3,-24.16,583.87,51.21,155.65,1,-1,-1,-1
119,17,234.73,573.51,50.13,152.42,1,-1,-1,-1
119,16,115.70,599.57,40.66,124.00,1,-1,-1,-1
119,13,180.88,594.18,41.81,127.44,1,-1,-1,-1
119,11,11.40,580.24,60.57,183.73,1,-1,-1,-1
119,9,1719.17,641.65,91.29,275.89,1,-1,-1,-1
119,8,1761.89,641.25,79.35,240.06,1,-1,-1,-1
120,17,226.54,579.41,48.97,148.92,1,-1,-1,-1
120,16,110.05,599.26,43.56,132.70,1,-1,-1,-1
120,11,2.36,581.29,60.71,184.16,1,-1,-1,-1
120,9,1720.46,645.63,91.29,275.89,1,-1,-1,-1
120,8,1762.20,641.84,79.22,239.68,1,-1,-1,-1
121,17,213.57,581.23,50.90,154.71,1,-1,-1,-1
121,16,102.15,599.16,44.59,135.77,1,-1,-1,-1
121,11,-6.65,582.45,60.78,184.37,1,-1,-1,-1
121,9,1721.76,649.61,91.29,275.89,1,-1,-1,-1
121,8,1762.23,641.98,79.17,239.53,1,-1,-1,-1
122,17,202.11,581.88,51.59,156.78,1,-1,-1,-1
122,16,93.39,599.07,44.96,136.88,1,-1,-1,-1
122,11,-15.63,583.66,60.82,184.47,1,-1,-1,-1
122,9,1723.05,653.59,91.29,275.89,1,-1,-1,-1
122,8,1766.35,638.56,82.77,250.32,1,-1,-1,-1
123,18,265.00,569.00,39.00,119.00,1,-1,-1,-1
123,17,191.21,582.08,51.84,157.52,1,-1,-1,-1
123,16,80.63,606.43,43.12,131.38,1,-1,-1,-1
123,11,-24.61,584.90,60.84,184.53,1,-1,-1,-1
123,9,1724.35,657.57,91.29,275.89,1,-1,-1,-1
123,8,1767.85,637.24,84.10,254.32,1,-1,-1,-1
124,18,257.95,567.86,41.44,126.34,1,-1,-1,-1
124,17,180.52,582.10,51.92,157.76,1,-1,-1,-1
124,16,70.47,609.19,42.40,129.22,1,-1,-1,-1
124,9,1768.52,548.26,128.22,386.68,1,-1,-1,-1
124,8,1779.50,647.88,84.60,255.82,1,-1,-1,-1
125,18,249.31,562.61,44.64,135.99,1,-1,-1,-1
125,17,169.92,582.07,51.94,157.83,1,-1,-1,-1
125,16,58.10,608.73,44.12,134.36,1,-1,-1,-1
125,9,1769.57,547.65,128.85,388.56,1,-1,-1,-1
125,8,1783.51,646.57,88.68,268.04,1,-1,-1,-1
126,18,240.21,561.31,45.37,138.14,1,-1,-1,-1
126,17,159.34,582.02,51.94,157.83,1,-1,-1,-1
126,16,47.70,608.51,44.74,136.24,1,-1,-1,-1
126,9,1772.80,548.71,129.27,389.81,1,-1,-1,-1
126,8,1784.93,646.05,90.18,272.55,1,-1,-1,-1
127,18,232.28,564.91,43.26,131.79,1,-1,-1,-1
127,17,148.71,588.68,49.69,151.07,1,-1,-1,-1
127,16,33.33,611.12,47.11,143.35,1,-1,-1,-1
127,9,1776.14,550.07,129.47,390.43,1,-1,-1,-1
127,8,1797.38,645.75,90.75,274.25,1,-1,-1,-1
128,18,223.93,566.20,42.47,129.41,1,-1,-1,-1
128,17,137.21,589.51,53.58,162.76,1,-1,-1,-1
128,16,21.76,612.09,47.98,145.94,1,-1,-1,-1
128,9,1779.52,551.60,129.57,390.74,1,-1,-1,-1
128,8,1801.46,650.66,87.18,263.56,1,-1,-1,-1
129,18,215.42,572.66,42.16,128.49,1,-1,-1,-1
129,17,125.85,589.88,54.98,166.97,1,-1,-1,-1
129,16,10.78,615.57,46.22,140.66,1,-1,-1,-1
129,9,1782.93,553.20,129.63,390.90,1,-1,-1,-1
129,8,1797.74,651.87,93.83,283.52,1,-1,-1,-1
130,18,206.86,574.96,42.04,128.12,1,-1,-1,-1
130,17,117.69,597.83,50.92,154.77,1,-1,-1,-1
130,9,1786.36,554.84,129.65,390.98,1,-1,-1,-1
130,8,1801.84,659.68,92.15,278.45,1,-1,-1,-1
131,17,104.33,592.87,53.99,163.99,1,-1,-1,-1
131,9,1789.79,556.50,129.66,391.02,1,-1,-1,-1
131,8,1803.28,662.56,91.49,276.49,1,-1,-1,-1
132,18,189.71,575.91,41.98,127.95,1,-1,-1,-1
132,17,92.24,598.41,55.11,167.35,1,-1,-1,-1
132,9,1793.22,558.17,129.67,391.03,1,-1,-1,-1
132,8,1810.97,656.21,95.39,288.16,1,-1,-1,-1
133,19,1721.00,561.00,39.00,119.00,1,-1,-1,-1
133,18,181.12,575.96,41.95,127.85,1,-1,-1,-1
133,17,84.00,601.68,53.14,161.42,1,-1,-1,-1
133,9,1796.66,559.84,129.67,391.04,1,-1,-1,-1
133,8,1818.44,660.99,92.75,280.25,1,-1,-1,-1
134,19,1721.00,561.00,39.00,119.00,1,-1,-1,-1
134,18,172.53,581.68,41.94,127.81,1,-1,-1,-1
134,17,70.44,601.62,54.78,166.35,1,-1,-1,-1
134,9,1800.09,561.52,129.68,391.05,1,-1,-1,-1
134,8,1821.16,662.75,91.72,277.17,1,-1,-1,-1
135,19,1714.18,561.00,39.00,119.00,1,-1,-1,-1
135,18,163.95,583.76,41.93,127.79,1,-1,-1,-1
135,17,55.73,609.67,53.00,161.01,1,-1,-1,-1
135,9,1803.53,563.20,129.68,391.05,1,-1,-1,-1
135,8,1822.06,663.35,91.32,275.98,1,-1,-1,-1
136,19,1712.47,561.00,39.00,119.00,1,-1,-1,-1
136,18,155.38,584.48,41.92,127.77,1,-1,-1,-1
136,17,45.64,611.92,54.72,166.17,1,-1,-1,-1
136,9,1806.97,564.87,129.68,391.05,1,-1,-1,-1
136,8,1825.64,665.19,91.62,276.87,1,-1,-1,-1
137,19,1712.12,561.00,39.00,119.00,1,-1,-1,-1
137,18,146.79,584.70,41.92,127.76,1,-1,-1,-1
137,17,34.79,612.72,55.35,168.07,1,-1,-1,-1
137,9,1810.40,566.55,129.68,391.05,1,-1,-1,-1
137,8,1829.30,667.25,91.77,277.31,1,-1,-1,-1
138,19,1712.13,561.00,39.00,119.00,1,-1,-1,-1
138,17,16.81,609.97,58.20,176.60,1,-1,-1,-1
138,9,1813.84,568.23,129.68,391.05,1,-1,-1,-1
138,8,1833.00,669.43,91.84,277.54,1,-1,-1,-1
139,19,1706.64,561.00,39.00,119.00,1,-1,-1,-1
139,17,2.40,611.80,56.68,172.06,1,-1,-1,-1
139,9,1817.28,569.91,129.68,391.05,1,-1,-1,-1
139,8,1836.71,671.66,91.88,277.65,1,-1,-1,-1
140,17,-9.57,613.53,56.98,172.97,1,-1,-1,-1
140,9,1820.71,571.59,129.68,391.05,1,-1,-1,-1
140,8,1840.44,673.92,91.90,277.70,1,-1,-1,-1
141,19,1704.38,554.55,39.00,119.00,1,-1,-1,-1
141,9,1824.15,573.27,129.68,391.05,1,-1,-1,-1
141,8,1844.17,676.20,91.90,277.73,1,-1,-1,-1
142,20,1561.00,545.00,39.00,119.00,1,-1,-1,-1
142,19,1704.17,553.19,39.00,119.00,1,-1,-1,-1
142,9,1827.59,574.95,129.68,391.05,1,-1,-1,-1
142,8,1847.90,678.48,91.91,277.75,1,-1,-1,-1
143,20,1553.62,545.00,39.00,119.00,1,-1,-1,-1
143,19,1702.71,562.92,37.24,113.73,1,-1,-1,-1
143,9,1831.02,576.63,129.68,391.05,1,-1,-1,-1
143,8,1851.63,680.76,91.91,277.75,1,-1,-1,-1
144,20,1552.18,545.00,39.00,119.00,1,-1,-1,-1
144,19,1698.32,561.75,38.34,117.03,1,-1,-1,-1
144,9,1834.46,578.30,129.68,391.05,1,-1,-1,-1
144,8,1855.36,683.05,91.91,277.76,1,-1,-1,-1
145,20,1545.28,541.96,41.27,125.83,1,-1,-1,-1
145,19,1696.75,561.32,38.75,118.26,1,-1,-1,-1
145,9,1837.90,579.98,129.68,391.05,1,-1,-1,-1
145,8,1859.10,685.34,91.91,277.76,1,-1,-1,-1
146,20,1543.82,543.90,39.82,121.46,1,-1,-1,-1
146,19,1696.24,561.15,38.91,118.72,1,-1,-1,-1
146,9,1841.33,581.66,129.68,391.05,1,-1,-1,-1
146,8,1862.83,687.62,91.91,277.76,1,-1,-1,-1
147,20,1536.97,548.01,41.35,126.06,1,-1,-1,-1
147,9,1844.77,583.34,129.68,391.05,1,-1,-1,-1
147,8,1866.56,689.91,91.91,277.76,1,-1,-1,-1
148,20,1535.60,551.68,39.88,121.65,1,-1,-1,-1
148,19,1689.79,561.08,38.97,118.92,1,-1,-1,-1
148,9,1848.21,585.02,129.68,391.05,1,-1,-1,-1
148,8,1870.29,692.20,91.91,277.76,1,-1,-1,-1
149,20,1529.82,547.48,39.33,119.98,1,-1,-1,-1
149,9,1851.65,586.70,129.68,391.05,1,-1,-1,-1
149,8,1874.03,694.49,91.91,277.76,1,-1,-1,-1
150,20,1527.89,551.34,39.12,119.35,1,-1,-1,-1
150,9,1855.08,588.38,129.68,391.05,1,-1,-1,-1
151,20,1521.97,552.74,39.04,119.12,1,-1,-1,-1
152,20,1512.64,545.31,40.93,124.79,1,-1,-1,-1
153,20,1505.93,545.04,39.74,121.22,1,-1,-1,-1
154,20,1501.29,542.44,41.16,125.49,1,-1,-1,-1
155,20,1496.74,543.95,39.83,121.50,1,-1,-1,-1
156,20,1489.94,544.55,39.32,119.95,1,-1,-1,-1
157,20,1482.29,544.79,39.12,119.35,1,-1,-1,-1
158,20,1476.17,542.39,40.91,124.74,1,-1,-1,-1
159,20,1472.19,538.70,39.74,121.21,1,-1,-1,-1
160,20,1465.63,542.58,39.28,119.84,1,-1,-1,-1
161,20,1463.33,538.83,39.10,119.31,1,-1,-1,-1
162,20,1458.46,540.19,40.89,124.68,1,-1,-1,-1
163,20,1455.72,543.17,39.73,121.19,1,-1,-1,-1
164,20,1449.62,544.32,39.28,119.83,1,-1,-1,-1
165,20,1442.24,544.76,39.10,119.31,1,-1,-1,-1
166,20,1439.61,544.92,39.04,119.11,1,-1,-1,-1
167,20,1433.55,539.76,39.01,119.04,1,-1,-1,-1
168,20,1426.19,537.80,39.00,119.01,1,-1,-1,-1
169,20,1423.57,537.08,39.00,119.00,1,-1,-1,-1
170,20,1416.69,534.00,40.84,124.51,1,-1,-1,-1
171,20,1414.25,532.88,41.52,126.55,1,-1,-1,-1
172,20,1407.94,532.48,41.77,127.31,1,-1,-1,-1
173,20,1405.71,532.34,41.87,127.60,1,-1,-1,-1
174,20,1406.15,535.05,40.12,122.35,1,-1,-1,-1
175,20,1399.21,534.28,43.23,131.71,1,-1,-1,-1
176,20,1398.74,540.98,40.66,124.00,1,-1,-1,-1
177,20,1398.73,543.60,39.64,120.93,1,-1,-1,-1
178,20,1393.63,544.59,39.24,119.73,1,-1,-1,-1
179,20,1389.90,542.54,40.92,124.75,1,-1,-1,-1
180,20,1385.31,544.15,39.74,121.22,1,-1,-1,-1
181,20,1383.70,544.77,39.28,119.85,1,-1,-1,-1
182,20,1379.60,537.91,42.93,130.79,1,-1,-1,-1
183,20,1376.54,542.31,40.54,123.63,1,-1,-1,-1
184,20,1372.88,541.65,41.39,126.18,1,-1,-1,-1
185,20,1371.61,535.80,41.71,127.14,1,-1,-1,-1
186,20,1368.65,541.54,40.06,122.17,1,-1,-1,-1
187,20,1368.48,536.71,43.19,131.59,1,-1,-1,-1
188,21,1617.00,553.00,39.00,119.00,1,-1,-1,-1
188,20,1364.66,539.52,42.40,129.21,1,-1,-1,-1
189,21,1617.00,553.00,39.00,119.00,1,-1,-1,-1
189,20,1363.31,540.59,42.10,128.29,1,-1,-1,-1
190,21,1613.50,550.20,41.45,126.39,1,-1,-1,-1
190,20,1357.29,541.00,41.98,127.94,1,-1,-1,-1
191,21,1615.84,552.06,39.82,121.48,1,-1,-1,-1
191,20,1355.10,541.14,41.93,127.80,1,-1,-1,-1
192,21,1613.58,550.27,41.40,126.23,1,-1,-1,-1
192,20,1352.56,543.54,40.14,122.43,1,-1,-1,-1
193,21,1615.78,552.00,39.87,121.63,1,-1,-1,-1
193,20,1353.52,542.09,41.24,125.72,1,-1,-1,-1
194,21,1616.58,552.65,39.31,119.92,1,-1,-1,-1
194,20,1352.17,543.91,39.87,121.60,1,-1,-1,-1
195,21,1622.37,552.89,39.10,119.29,1,-1,-1,-1
195,20,1347.94,542.22,41.14,125.41,1,-1,-1,-1
196,21,1619.04,552.97,39.02,119.06,1,-1,-1,-1
196,20,1346.42,541.59,41.61,126.83,1,-1,-1,-1
197,21,1623.16,553.00,38.99,118.98,1,-1,-1,-1
197,20,1345.94,541.34,41.79,127.37,1,-1,-1,-1
198,21,1624.67,553.01,38.99,118.96,1,-1,-1,-1
198,20,1343.00,536.65,43.81,133.43,1,-1,-1,-1
199,21,1625.20,553.02,38.98,118.95,1,-1,-1,-1
199,20,1341.97,534.90,44.56,135.67,1,-1,-1,-1
200,21,1628.75,550.87,40.88,124.65,1,-1,-1,-1
200,20,1341.65,534.24,44.84,136.51,1,-1,-1,-1
201,21,1630.06,550.09,41.57,126.72,1,-1,-1,-1
201,20,1338.87,538.51,43.04,131.13,1,-1,-1,-1
202,21,1632.39,551.87,39.99,121.97,1,-1,-1,-1
202,20,1340.62,535.61,44.27,134.80,1,-1,-1,-1
203,21,1631.34,550.47,41.23,125.70,1,-1,-1,-1
203,20,1338.62,539.05,42.82,130.45,1,-1,-1,-1
204,21,1635.25,545.66,43.70,133.12,1,-1,-1,-1
204,20,1337.93,540.38,42.25,128.75,1,-1,-1,-1
205,21,1637.98,548.12,42.63,129.91,1,-1,-1,-1
205,20,1337.73,540.88,42.03,128.09,1,-1,-1,-1
206,21,1640.44,551.08,40.42,123.25,1,-1,-1,-1
206,20,1336.61,543.41,40.18,122.55,1,-1,-1,-1
207,21,1645.42,550.20,41.37,126.12,1,-1,-1,-1
207,20,1334.03,543.39,43.22,131.68,1,-1,-1,-1
208,21,1648.39,557.14,39.91,121.75,1,-1,-1,-1
208,20,1330.80,547.61,42.41,129.22,1,-1,-1,-1
209,21,1647.45,554.20,43.20,131.61,1,-1,-1,-1
209,20,1330.07,538.31,46.15,140.48,1,-1,-1,-1
210,21,1653.08,553.17,44.38,135.16,1,-1,-1,-1
210,20,1329.88,534.87,47.51,144.54,1,-1,-1,-1
211,21,1655.57,556.54,42.89,130.67,1,-1,-1,-1
211,20,1331.70,540.15,45.97,139.93,1,-1,-1,-1
212,21,1662.08,557.82,42.30,128.91,1,-1,-1,-1
212,20,1332.44,542.17,45.37,138.12,1,-1,-1,-1
213,21,1664.47,558.30,42.07,128.22,1,-1,-1,-1
213,20,1332.76,542.93,45.14,137.42,1,-1,-1,-1
214,21,1670.91,558.46,41.99,127.96,1,-1,-1,-1
214,20,1332.91,543.21,45.05,137.15,1,-1,-1,-1
215,21,1673.61,554.68,43.92,133.76,1,-1,-1,-1
215,20,1333.00,543.30,45.02,137.05,1,-1,-1,-1
216,21,1680.56,553.26,44.63,135.90,1,-1,-1,-1
216,20,1333.06,549.32,45.00,137.01,1,-1,-1,-1
217,21,1683.10,552.72,44.90,136.70,1,-1,-1,-1
217,20,1336.38,555.29,43.10,131.32,1,-1,-1,-1
218,21,1686.32,552.75,45.08,137.26,1,-1,-1,-1
218,20,1337.67,557.56,42.36,129.07,1,-1,-1,-1
219,21,1689.59,552.92,45.17,137.54,1,-1,-1,-1
219,20,1340.88,554.63,44.00,134.02,1,-1,-1,-1
220,21,1692.88,553.17,45.22,137.68,1,-1,-1,-1
220,20,1342.11,553.50,44.62,135.85,1,-1,-1,-1
221,21,1696.18,553.44,45.24,137.75,1,-1,-1,-1
221,20,1341.17,546.82,46.94,142.82,1,-1,-1,-1
222,20,1345.00,548.52,43.88,133.66,1,-1,-1,-1
223,20,1348.64,544.87,46.67,142.02,1,-1,-1,-1
224,20,1350.02,543.54,47.69,145.09,1,-1,-1,-1
225,20,1351.51,543.18,46.04,140.12,1,-1,-1,-1
226,20,1351.05,542.88,47.46,144.38,1,-1,-1,-1
227,20,1350.85,542.78,47.99,145.96,1,-1,-1,-1
228,21,1755.02,543.57,44.97,136.91,1,-1,-1,-1
228,20,1357.21,542.74,48.19,146.57,1,-1,-1,-1
229,21,1762.92,542.88,47.19,143.56,1,-1,-1,-1
229,20,1359.59,542.72,48.26,146.79,1,-1,-1,-1
230,21,1772.03,542.69,47.88,145.65,1,-1,-1,-1
230,20,1360.46,542.70,48.29,146.88,1,-1,-1,-1
231,21,1781.75,542.63,48.14,146.42,1,-1,-1,-1
231,20,1362.41,540.63,50.53,153.60,1,-1,-1,-1
232,21,1791.64,542.61,48.23,146.71,1,-1,-1,-1
232,20,1367.87,547.95,47.18,143.54,1,-1,-1,-1
233,21,1801.65,542.61,48.27,146.81,1,-1,-1,-1
233,20,1369.93,550.83,45.83,139.50,1,-1,-1,-1
234,21,1811.62,542.61,48.28,146.85,1,-1,-1,-1
234,20,1370.58,545.73,47.38,144.13,1,-1,-1,-1
235,21,1821.64,542.61,48.29,146.87,1,-1,-1,-1
235,20,1370.85,549.96,45.91,139.73,1,-1,-1,-1
236,21,1827.92,540.53,50.53,153.60,1,-1,-1,-1
236,20,1372.99,543.26,49.67,151.03,1,-1,-1,-1
237,21,1840.20,541.80,49.16,149.47,1,-1,-1,-1
237,20,1373.79,540.81,51.04,155.11,1,-1,-1,-1
238,21,1846.17,535.96,53.29,161.89,1,-1,-1,-1
238,20,1380.90,539.88,51.55,156.65,1,-1,-1,-1
239,21,1854.02,535.75,53.46,162.39,1,-1,-1,-1
239,20,1383.53,539.53,51.74,157.22,1,-1,-1,-1
240,21,1861.91,535.67,53.54,162.64,1,-1,-1,-1
240,20,1390.25,535.19,54.20,164.62,1,-1,-1,-1
241,21,1869.81,535.64,53.58,162.76,1,-1,-1,-1
241,20,1393.84,537.71,52.76,160.30,1,-1,-1,-1
242,21,1877.73,535.65,53.60,162.83,1,-1,-1,-1
242,20,1395.13,538.69,52.20,158.62,1,-1,-1,-1
243,21,1885.66,535.68,53.61,162.86,1,-1,-1,-1
243,20,1403.59,541.06,47.86,145.60,1,-1,-1,-1
244,20,1406.77,542.14,46.10,140.30,1,-1,-1,-1
245,20,1413.51,540.29,49.73,151.21,1,-1,-1,-1
246,20,1418.42,541.71,48.85,148.55,1,-1,-1,-1
247,20,1424.67,540.22,50.73,154.18,1,-1,-1,-1
248,20,1428.82,541.67,49.24,149.72,1,-1,-1,-1
249,20,1435.23,540.21,50.87,154.61,1,-1,-1,-1
250,20,1438.36,535.45,53.88,163.65,1,-1,-1,-1
251,20,1446.47,539.76,50.50,153.51,1,-1,-1,-1
252,20,1455.31,539.49,51.34,156.02,1,-1,-1,-1
253,20,1458.52,539.39,51.65,156.96,1,-1,-1,-1
254,20,1466.50,528.45,56.78,172.38,1,-1,-1,-1
255,20,1476.20,535.10,53.78,163.37,1,-1,-1,-1
256,20,1485.79,539.63,50.46,153.38,1,-1,-1,-1
257,20,1493.42,535.22,53.73,163.20,1,-1,-1,-1
258,20,1503.53,533.61,54.93,166.79,1,-1,-1,-1
259,20,1507.16,533.01,55.38,168.14,1,-1,-1,-1
260,20,1515.72,532.78,55.55,168.65,1,-1,-1,-1
261,20,1526.20,532.69,55.61,168.84,1,-1,-1,-1
264,20,1546.38,532.19,56.01,170.05,1,-1,-1,-1
266,20,1559.89,532.06,56.14,170.46,1,-1,-1,-1
267,20,1566.67,532.04,56.18,170.56,1,-1,-1,-1
269,20,1580.24,532.06,56.21,170.66,1,-1,-1,-1
270,20,1587.02,532.09,56.22,170.68,1,-1,-1,-1
271,20,1586.91,584.22,63.42,192.26,1,-1,-1,-1
272,20,1597.61,595.48,63.82,193.45,1,-1,-1,-1
273,20,1612.55,590.95,66.92,202.76,1,-1,-1,-1
274,20,1625.52,587.48,71.22,215.68,1,-1,-1,-1
275,20,1640.84,587.71,69.69,211.06,1,-1,-1,-1
276,20,1655.46,596.80,69.09,209.28,1,-1,-1,-1
277,20,1675.49,595.85,75.45,228.37,1,-1,-1,-1
280,20,1725.52,609.05,78.38,237.15,1,-1,-1,-1
281,20,1737.78,613.50,78.58,237.77,1,-1,-1,-1
282,20,1750.10,618.11,78.69,238.08,1,-1,-1,-1
283,22,1742.50,533.84,63.98,193.94,1,-1,-1,-1
283,20,1762.44,622.79,78.74,238.23,1,-1,-1,-1
284,22,1758.72,544.88,60.62,183.84,1,-1,-1,-1
284,20,1804.90,611.24,78.96,238.89,1,-1,-1,-1
285,22,1771.79,547.53,59.55,180.65,1,-1,-1,-1
285,20,1823.29,610.82,79.00,238.99,1,-1,-1,-1
286,22,1782.42,537.77,62.80,190.40,1,-1,-1,-1
286,20,1838.34,613.94,79.02,239.07,1,-1,-1,-1
287,22,1795.50,544.21,60.57,183.71,1,-1,-1,-1
287,20,1853.41,617.09,79.04,239.11,1,-1,-1,-1
288,23,1270.00,549.75,41.87,127.61,1,-1,-1,-1
288,22,1807.67,537.16,62.93,190.81,1,-1,-1,-1
288,20,1868.47,620.24,79.04,239.13,1,-1,-1,-1
289,23,1273.15,552.49,39.46,120.35,1,-1,-1,-1
289,22,1820.04,543.61,60.74,184.22,1,-1,-1,-1
290,23,1280.35,553.20,38.83,118.48,1,-1,-1,-1
290,22,1827.85,534.60,66.18,200.57,1,-1,-1,-1
291,23,1282.03,553.31,38.73,118.18,1,-1,-1,-1
291,22,1839.65,531.46,68.06,206.20,1,-1,-1,-1
292,23,1288.25,553.30,38.75,118.23,1,-1,-1,-1
292,22,1856.80,541.38,65.65,198.95,1,-1,-1,-1
293,22,1871.38,545.11,64.70,196.12,1,-1,-1,-1
294,23,1296.01,557.66,41.20,125.60,1,-1,-1,-1
294,22,1884.19,545.86,65.01,197.04,1,-1,-1,-1
323,24,1535.70,589.13,44.95,136.84,1,-1,-1,-1
326,24,1553.81,598.22,44.95,136.84,1,-1,-1,-1
327,25,212.36,635.08,44.95,136.84,1,-1,-1,-1
327,24,1555.34,592.01,44.95,136.84,1,-1,-1,-1
328,25,202.39,634.37,50.78,154.39,1,-1,-1,-1
328,24,1557.97,592.06,47.33,144.01,1,-1,-1,-1
330,25,190.71,634.35,52.14,158.45,1,-1,-1,-1
331,25,189.37,634.35,52.22,158.69,1,-1,-1,-1
332,25,182.66,626.37,54.93,166.82,1,-1,-1,-1
334,25,178.86,623.56,52.92,160.77,1,-1,-1,-1
335,25,178.65,623.19,52.35,159.05,1,-1,-1,-1
336,25,172.09,622.72,54.69,166.08,1,-1,-1,-1
337,25,169.25,629.99,53.03,161.10,1,-1,-1,-1
338,25,168.35,632.75,52.38,159.14,1,-1,-1,-1
339,25,161.16,633.79,52.12,158.36,1,-1,-1,-1
340,25,158.64,634.35,54.49,165.49,1,-1,-1,-1
341,25,150.38,634.58,55.35,168.08,1,-1,-1,-1
342,25,146.38,632.70,58.31,176.96,1,-1,-1,-1
343,25,146.42,647.44,54.44,165.33,1,-1,-1,-1
344,26,1443.60,611.81,63.98,193.94,1,-1,-1,-1
344,25,139.69,653.09,52.88,160.66,1,-1,-1,-1
345,26,1443.58,623.24,64.30,194.91,1,-1,-1,-1
345,25,134.77,655.45,57.38,174.17,1,-1,-1,-1
346,26,1443.59,625.80,64.17,194.52,1,-1,-1,-1
346,25,127.21,664.64,56.40,171.23,1,-1,-1,-1
347,26,1443.59,626.14,64.10,194.31,1,-1,-1,-1
347,25,117.08,668.04,56.02,170.07,1,-1,-1,-1
348,26,1443.87,639.98,60.87,184.61,1,-1,-1,-1
348,25,113.40,669.23,55.87,169.61,1,-1,-1,-1
349,26,1443.69,640.20,62.90,190.69,1,-1,-1,-1
349,25,112.17,669.59,55.80,169.42,1,-1,-1,-1
350,26,1452.36,644.08,60.60,183.80,1,-1,-1,-1
350,25,101.33,669.33,58.38,177.14,1,-1,-1,-1
351,26,1455.79,641.24,62.76,190.29,1,-1,-1,-1
351,25,97.39,669.19,59.32,179.98,1,-1,-1,-1
352,26,1456.97,648.87,63.55,192.65,1,-1,-1,-1
352,25,91.76,676.66,57.13,173.41,1,-1,-1,-1
353,26,1456.97,654.81,60.97,184.90,1,-1,-1,-1
353,25,86.16,679.72,58.84,178.54,1,-1,-1,-1
354,26,1457.25,662.26,62.87,190.63,1,-1,-1,-1
354,25,80.43,680.50,56.93,172.82,1,-1,-1,-1
355,26,1457.30,664.90,63.58,192.74,1,-1,-1,-1
355,25,81.80,692.21,53.85,163.55,1,-1,-1,-1
356,26,1452.63,660.31,66.93,202.81,1,-1,-1,-1
356,25,74.93,685.29,57.63,174.91,1,-1,-1,-1
357,26,1450.86,658.49,68.15,206.46,1,-1,-1,-1
357,25,64.58,682.66,59.01,179.04,1,-1,-1,-1
358,26,1450.17,657.68,68.60,207.80,1,-1,-1,-1
358,25,55.20,679.55,62.31,188.93,1,-1,-1,-1
359,27,1378.60,611.81,63.98,193.94,1,-1,-1,-1
359,26,1449.90,666.43,68.76,208.27,1,-1,-1,-1
359,25,49.50,680.32,60.79,184.37,1,-1,-1,-1
360,27,1378.50,624.75,63.61,192.82,1,-1,-1,-1
360,26,1449.78,669.63,68.81,208.43,1,-1,-1,-1
360,25,41.36,678.57,62.94,190.85,1,-1,-1,-1
361,27,1374.91,616.51,72.09,218.34,1,-1,-1,-1
361,26,1449.42,672.87,72.06,218.20,1,-1,-1,-1
361,25,36.68,687.73,61.03,185.10,1,-1,-1,-1
362,27,1377.32,623.20,66.69,202.08,1,-1,-1,-1
362,26,1458.68,680.92,70.07,212.22,1,-1,-1,-1
362,25,27.19,691.18,60.28,182.85,1,-1,-1,-1
363,27,1368.80,627.51,68.27,206.82,1,-1,-1,-1
363,26,1462.18,683.86,69.29,209.88,1,-1,-1,-1
363,25,17.09,686.92,65.77,199.33,1,-1,-1,-1
364,26,1463.41,687.47,69.59,210.79,1,-1,-1,-1
364,25,12.84,689.32,64.81,196.45,1,-1,-1,-1
365,26,1463.77,696.00,68.92,208.76,1,-1,-1,-1
365,25,6.65,691.04,65.21,197.64,1,-1,-1,-1
367,26,1466.18,704.41,69.14,209.43,1,-1,-1,-1
367,25,-5.54,695.08,65.60,198.83,1,-1,-1,-1
368,26,1467.42,708.69,69.19,209.59,1,-1,-1,-1
368,25,-11.59,697.25,65.70,199.13,1,-1,-1,-1
369,26,1464.61,717.16,73.01,221.05,1,-1,-1,-1
369,25,-17.61,699.49,65.74,199.28,1,-1,-1,-1
370,26,1465.61,722.06,73.19,221.59,1,-1,-1,-1
370,25,-23.62,701.77,65.77,199.35,1,-1,-1,-1
371,26,1466.65,727.09,73.28,221.86,1,-1,-1,-1
372,26,1458.74,722.93,77.99,235.98,1,-1,-1,-1
373,26,1457.71,723.15,78.73,238.18,1,-1,-1,-1
374,26,1457.36,723.23,78.98,238.95,1,-1,-1,-1
375,26,1458.30,723.40,82.75,250.25,1,-1,-1,-1
376,26,1458.66,723.39,84.13,254.40,1,-1,-1,-1
377,28,1537.00,689.00,79.00,239.00,1,-1,-1,-1
377,26,1458.79,723.26,84.65,255.96,1,-1,-1,-1
378,28,1535.77,689.00,79.00,239.00,1,-1,-1,-1
378,26,1457.68,733.11,81.28,245.84,1,-1,-1,-1
379,28,1536.27,689.00,79.00,239.00,1,-1,-1,-1
379,26,1454.74,724.49,87.54,264.65,1,-1,-1,-1
380,28,1536.54,689.00,79.00,239.00,1,-1,-1,-1
380,26,1453.66,721.26,89.82,271.47,1,-1,-1,-1
381,28,1536.67,689.00,79.00,239.00,1,-1,-1,-1
381,26,1455.64,731.79,83.36,252.09,1,-1,-1,-1
382,28,1536.75,689.00,79.00,239.00,1,-1,-1,-1
382,26,1455.63,734.49,83.65,252.97,1,-1,-1,-1
383,28,1525.62,689.00,79.00,239.00,1,-1,-1,-1
383,26,1444.78,738.20,84.49,255.49,1,-1,-1,-1
384,28,1532.67,689.00,79.00,239.00,1,-1,-1,-1
384,26,1442.30,739.33,84.71,256.14,1,-1,-1,-1
385,28,1528.67,687.58,82.91,250.74,1,-1,-1,-1
385,26,1436.96,738.41,88.72,268.16,1,-1,-1,-1
386,28,1527.26,687.12,84.30,254.92,1,-1,-1,-1
386,26,1435.70,741.33,88.97,268.92,1,-1,-1,-1
387,28,1522.60,688.20,81.05,245.15,1,-1,-1,-1
387,26,1434.60,738.16,90.43,273.28,1,-1,-1,-1
388,28,1520.82,688.09,81.26,245.79,1,-1,-1,-1
388,26,1427.24,750.37,86.87,262.63,1,-1,-1,-1
389,26,1425.42,753.55,86.94,262.84,1,-1,-1,-1
390,26,1423.61,756.78,86.98,262.95,1,-1,-1,-1
391,28,1477.77,717.27,79.33,239.98,1,-1,-1,-1
391,26,1417.19,755.65,90.12,272.38,1,-1,-1,-1
392,28,1461.85,720.68,79.09,239.26,1,-1,-1,-1
392,26,1415.10,758.82,90.21,272.64,1,-1,-1,-1
393,28,1455.48,723.48,79.01,239.03,1,-1,-1,-1
393,26,1402.64,752.56,95.72,289.15,1,-1,-1,-1
394,28,1449.09,726.22,78.98,238.92,1,-1,-1,-1
394,26,1398.40,766.93,92.70,280.11,1,-1,-1,-1
395,28,1442.69,728.93,78.96,238.87,1,-1,-1,-1
395,26,1385.30,769.84,95.77,289.32,1,-1,-1,-1
396,28,1412.27,722.28,78.99,238.98,1,-1,-1,-1
396,26,1381.49,773.72,95.93,289.78,1,-1,-1,-1
397,28,1403.83,724.18,78.99,238.96,1,-1,-1,-1
397,26,1377.72,777.72,96.00,290.01,1,-1,-1,-1
398,28,1395.39,726.08,78.98,238.95,1,-1,-1,-1
398,26,1362.50,771.38,97.20,293.59,1,-1,-1,-1
399,28,1386.95,727.98,78.98,238.94,1,-1,-1,-1
399,26,1346.12,771.01,97.41,294.23,1,-1,-1,-1
402,28,1361.63,733.68,78.98,238.93,1,-1,-1,-1
402,26,1329.07,779.99,97.60,294.80,1,-1,-1,-1
403,28,1353.19,735.57,78.98,238.93,1,-1,-1,-1
403,26,1303.86,788.19,97.52,294.54,1,-1,-1,-1
404,28,1344.74,737.47,78.98,238.93,1,-1,-1,-1
404,26,1296.63,791.63,97.54,294.63,1,-1,-1,-1
405,26,1289.41,795.10,97.56,294.67,1,-1,-1,-1
406,30,1233.00,561.00,39.00,119.00,1,-1,-1,-1
406,29,1045.00,651.04,97.49,294.47,1,-1,-1,-1
406,26,1282.19,798.58,97.57,294.70,1,-1,-1,-1
407,30,1217.36,561.22,38.77,118.31,1,-1,-1,-1
407,29,1029.81,661.74,91.43,276.24,1,-1,-1,-1
407,26,1274.98,802.06,97.57,294.71,1,-1,-1,-1
408,30,1208.04,561.13,38.87,118.59,1,-1,-1,-1
408,29,1012.21,663.89,90.20,272.57,1,-1,-1,-1
408,26,1267.76,805.54,97.57,294.71,1,-1,-1,-1
409,30,1193.66,561.08,38.91,118.74,1,-1,-1,-1
409,29,987.91,654.83,95.34,288.03,1,-1,-1,-1
409,26,1260.55,809.03,97.57,294.72,1,-1,-1,-1
410,30,1177.98,561.06,38.94,118.81,1,-1,-1,-1
410,29,959.68,660.61,92.06,278.18,1,-1,-1,-1
410,26,1253.33,812.52,97.57,294.72,1,-1,-1,-1
411,29,932.04,657.16,100.90,304.73,1,-1,-1,-1
411,26,1246.12,816.01,97.57,294.72,1,-1,-1,-1
412,30,1152.62,561.04,38.96,118.86,1,-1,-1,-1
412,29,907.60,666.78,98.91,298.75,1,-1,-1,-1
412,26,1238.90,819.49,97.57,294.72,1,-1,-1,-1
413,30,1137.69,561.03,38.97,118.90,1,-1,-1,-1
413,29,886.37,670.19,98.15,296.45,1,-1,-1,-1
413,26,1231.69,822.98,97.57,294.72,1,-1,-1,-1
414,30,1127.45,561.03,38.97,118.92,1,-1,-1,-1
414,29,864.25,678.16,93.47,282.42,1,-1,-1,-1
414,26,1224.48,826.47,97.57,294.72,1,-1,-1,-1
415,30,1113.45,561.02,38.98,118.93,1,-1,-1,-1
415,29,832.55,674.20,96.09,290.26,1,-1,-1,-1
415,26,1217.26,829.96,97.57,294.72,1,-1,-1,-1
416,30,1098.08,561.02,38.98,118.94,1,-1,-1,-1
416,29,808.55,672.64,97.05,293.14,1,-1,-1,-1
416,26,1210.05,833.44,97.57,294.72,1,-1,-1,-1
417,29,787.41,671.98,97.40,294.20,1,-1,-1,-1
418,29,767.34,671.66,97.53,294.58,1,-1,-1,-1
419,29,747.65,671.49,97.57,294.71,1,-1,-1,-1
420,30,1031.52,551.07,41.50,126.52,1,-1,-1,-1
420,29,715.09,684.36,97.58,294.74,1,-1,-1,-1
421,30,1014.08,549.90,41.80,127.41,1,-1,-1,-1
421,29,681.57,680.10,102.20,308.60,1,-1,-1,-1
422,30,995.07,551.56,40.07,122.21,1,-1,-1,-1
422,29,652.93,687.40,99.36,300.08,1,-1,-1,-1
423,30,976.69,545.82,43.28,131.86,1,-1,-1,-1
423,29,617.12,690.12,98.26,296.77,1,-1,-1,-1
424,30,955.60,548.00,42.47,129.41,1,-1,-1,-1
424,29,578.61,691.08,97.83,295.49,1,-1,-1,-1
425,30,936.92,543.24,42.15,128.45,1,-1,-1,-1
425,29,551.06,693.15,97.97,295.91,1,-1,-1,-1
426,30,919.16,547.08,42.03,128.08,1,-1,-1,-1
426,29,504.50,683.53,108.81,328.43,1,-1,-1,-1
427,30,898.91,550.58,40.17,122.53,1,-1,-1,-1
427,29,468.72,693.45,106.26,320.79,1,-1,-1,-1
428,30,877.80,549.91,41.28,125.83,1,-1,-1,-1
428,29,422.15,685.52,115.55,348.66,1,-1,-1,-1
429,30,858.19,551.70,39.88,121.64,1,-1,-1,-1
429,29,387.50,697.16,113.69,343.08,1,-1,-1,-1
430,29,344.62,711.83,108.25,326.77,1,-1,-1,-1
431,30,812.23,558.68,39.24,119.71,1,-1,-1,-1
431,29,301.66,711.34,101.74,307.23,1,-1,-1,-1
432,29,267.86,713.77,101.94,307.83,1,-1,-1,-1
433,29,234.12,716.35,102.04,308.12,1,-1,-1,-1
435,29,166.68,721.65,102.14,308.42,1,-1,-1,-1
436,29,132.97,724.34,102.16,308.50,1,-1,-1,-1
437,29,99.27,727.05,102.17,308.53,1,-1,-1,-1
438,29,65.57,729.77,102.18,308.55,1,-1,-1,-1
441,31,1135.60,657.86,73.64,222.93,1,-1,-1,-1
442,31,1115.17,668.21,69.78,211.33,1,-1,-1,-1
443,32,1254.60,599.94,68.64,207.93,1,-1,-1,-1
443,31,1083.16,655.76,82.47,249.51,1,-1,-1,-1
444,32,1226.70,599.94,68.64,207.93,1,-1,-1,-1
444,31,1056.90,668.73,80.98,244.98,1,-1,-1,-1
445,32,1195.81,598.37,72.92,220.80,1,-1,-1,-1
446,32,1168.43,593.97,78.17,236.58,1,-1,-1,-1
446,31,1001.53,672.92,75.66,228.99,1,-1,-1,-1
447,32,1147.73,596.49,75.69,229.09,1,-1,-1,-1
448,31,945.42,673.87,78.62,237.89,1,-1,-1,-1
449,31,914.53,673.84,79.14,239.44,1,-1,-1,-1
450,31,882.83,684.60,79.31,239.94,1,-1,-1,-1
451,31,857.10,687.12,83.17,251.54,1,-1,-1,-1
452,31,825.79,688.00,84.55,255.67,1,-1,-1,-1
453,31,793.36,684.33,89.08,269.28,1,-1,-1,-1
454,31,754.65,689.15,95.05,287.19,1,-1,-1,-1
455,31,715.18,690.99,97.18,293.56,1,-1,-1,-1
457,31,638.74,681.18,103.54,312.66,1,-1,-1,-1
458,31,602.59,695.92,92.25,278.78,1,-1,-1,-1
459,31,558.48,693.05,96.01,290.06,1,-1,-1,-1
460,31,513.58,696.77,101.96,307.89,1,-1,-1,-1
461,31,475.46,706.13,99.63,300.90,1,-1,-1,-1
462,31,419.39,719.55,108.16,326.52,1,-1,-1,-1
463,31,382.53,723.92,109.60,330.84,1,-1,-1,-1
464,31,346.02,729.38,110.30,332.97,1,-1,-1,-1
465,31,309.69,735.37,110.66,334.04,1,-1,-1,-1
513,33,1612.50,663.80,63.98,193.94,1,-1,-1,-1
514,33,1574.04,676.44,63.61,192.82,1,-1,-1,-1
515,33,1533.70,672.30,67.76,205.32,1,-1,-1,-1
516,33,1502.43,678.92,61.85,187.55,1,-1,-1,-1
519,33,1406.58,671.56,67.77,205.34,1,-1,-1,-1
520,34,1747.00,736.17,90.90,274.69,1,-1,-1,-1
521,34,1714.44,730.29,96.99,293.02,1,-1,-1,-1
522,34,1690.30,734.52,92.59,279.77,1,-1,-1,-1
522,33,1309.68,682.31,68.73,208.21,1,-1,-1,-1
523,34,1656.55,735.81,91.26,275.78,1,-1,-1,-1
523,33,1280.65,683.70,68.81,208.44,1,-1,-1,-1
524,34,1619.26,748.46,82.20,248.56,1,-1,-1,-1
524,33,1248.34,688.23,65.81,199.42,1,-1,-1,-1
525,34,1583.07,740.65,87.68,265.04,1,-1,-1,-1
525,33,1213.76,685.78,67.71,205.12,1,-1,-1,-1
526,34,1554.95,719.57,94.31,284.95,1,-1,-1,-1
526,33,1180.57,677.73,71.70,217.13,1,-1,-1,-1
527,34,1525.31,717.40,92.11,278.32,1,-1,-1,-1
527,33,1149.56,674.72,73.15,221.46,1,-1,-1,-1
528,34,1496.63,711.56,95.75,289.27,1,-1,-1,-1
528,33,1115.80,689.64,70.49,213.47,1,-1,-1,-1
529,34,1460.87,709.58,97.06,293.19,1,-1,-1,-1
529,33,1085.87,695.28,69.44,210.33,1,-1,-1,-1
530,34,1435.68,722.14,97.53,294.59,1,-1,-1,-1
530,33,1045.23,691.84,75.81,229.45,1,-1,-1,-1
531,34,1400.03,730.95,93.41,282.25,1,-1,-1,-1
531,33,1010.05,690.65,78.09,236.27,1,-1,-1,-1
532,34,1376.02,730.24,96.13,290.39,1,-1,-1,-1
532,33,976.69,692.33,78.78,238.37,1,-1,-1,-1
533,34,1342.12,729.99,97.13,293.39,1,-1,-1,-1
533,33,944.66,702.61,79.03,239.10,1,-1,-1,-1
534,34,1319.72,733.88,93.27,281.83,1,-1,-1,-1
534,33,912.53,705.17,79.13,239.39,1,-1,-1,-1
535,34,1289.03,724.02,100.73,304.19,1,-1,-1,-1
535,33,876.96,705.53,82.87,250.62,1,-1,-1,-1
536,34,1260.70,727.60,98.86,298.58,1,-1,-1,-1
536,33,842.16,705.62,84.23,254.71,1,-1,-1,-1
537,34,1227.30,721.84,102.69,310.09,1,-1,-1,-1
537,33,809.44,702.60,88.70,268.10,1,-1,-1,-1
538,34,1201.87,719.71,104.10,314.32,1,-1,-1,-1
538,33,773.88,715.48,86.45,261.37,1,-1,-1,-1
539,34,1179.08,725.88,100.16,302.49,1,-1,-1,-1
539,33,739.08,720.28,85.57,258.73,1,-1,-1,-1
540,34,1144.15,721.24,103.13,311.41,1,-1,-1,-1
540,33,704.55,721.99,85.23,257.69,1,-1,-1,-1
541,34,1111.37,723.68,109.14,329.43,1,-1,-1,-1
541,33,670.15,733.73,85.09,257.28,1,-1,-1,-1
542,34,1078.96,734.19,106.53,321.60,1,-1,-1,-1
542,33,639.30,747.33,81.46,246.39,1,-1,-1,-1
543,34,1059.05,744.12,101.11,305.35,1,-1,-1,-1
543,33,606.92,741.67,87.64,264.94,1,-1,-1,-1
544,35,901.29,584.04,41.87,127.61,1,-1,-1,-1
544,34,1039.65,760.84,98.97,298.90,1,-1,-1,-1
544,33,571.76,751.53,89.88,271.66,1,-1,-1,-1
545,35,881.04,578.07,39.46,120.35,1,-1,-1,-1
545,34,1013.30,761.94,102.64,309.94,1,-1,-1,-1
545,33,545.70,755.51,86.88,262.64,1,-1,-1,-1
546,35,864.39,576.62,38.83,118.48,1,-1,-1,-1
546,34,985.55,767.40,99.56,300.68,1,-1,-1,-1
546,33,512.81,759.77,87.30,263.93,1,-1,-1,-1
547,35,842.09,576.39,38.73,118.18,1,-1,-1,-1
547,34,959.21,788.76,87.21,263.68,1,-1,-1,-1
547,33,480.03,764.37,87.52,264.58,1,-1,-1,-1
548,35,823.65,575.24,40.91,124.73,1,-1,-1,-1
548,34,930.76,792.09,87.00,263.03,1,-1,-1,-1
548,33,409.75,745.23,101.43,306.32,1,-1,-1,-1
549,35,806.20,574.98,41.62,126.88,1,-1,-1,-1
549,34,906.09,775.47,94.88,286.65,1,-1,-1,-1
549,33,366.75,748.36,108.69,328.10,1,-1,-1,-1
550,35,783.06,574.96,41.87,127.60,1,-1,-1,-1
550,34,879.71,792.18,85.01,257.05,1,-1,-1,-1
550,33,335.98,758.02,106.34,321.02,1,-1,-1,-1
551,35,763.85,575.00,41.94,127.83,1,-1,-1,-1
551,34,847.59,758.77,97.78,295.40,1,-1,-1,-1
551,33,297.68,766.47,101.08,305.25,1,-1,-1,-1
552,35,746.06,575.06,41.96,127.89,1,-1,-1,-1
552,34,822.73,760.54,102.20,308.63,1,-1,-1,-1
552,33,258.62,769.64,99.00,299.01,1,-1,-1,-1
553,35,728.79,575.11,41.96,127.89,1,-1,-1,-1
553,34,790.99,766.31,99.40,300.22,1,-1,-1,-1
553,33,219.25,783.57,98.19,296.58,1,-1,-1,-1
554,35,711.67,575.15,41.96,127.87,1,-1,-1,-1
554,34,762.86,767.38,99.69,301.08,1,-1,-1,-1
554,33,179.76,788.71,97.88,295.64,1,-1,-1,-1
555,35,694.61,575.19,41.95,127.85,1,-1,-1,-1
555,34,746.11,768.98,98.11,296.32,1,-1,-1,-1
555,33,142.82,793.52,98.20,296.61,1,-1,-1,-1
556,35,673.24,572.10,43.97,133.92,1,-1,-1,-1
556,34,718.92,764.21,102.34,309.04,1,-1,-1,-1
556,33,105.96,798.56,98.36,297.10,1,-1,-1,-1
557,35,658.85,574.04,42.72,130.16,1,-1,-1,-1
557,34,695.73,762.55,103.82,313.48,1,-1,-1,-1
557,33,69.14,803.74,98.44,297.34,1,-1,-1,-1
558,35,636.90,571.73,44.23,134.70,1,-1,-1,-1
558,34,670.07,766.91,99.98,301.94,1,-1,-1,-1
558,33,32.34,808.97,98.48,297.46,1,-1,-1,-1
559,35,623.23,570.89,44.79,136.36,1,-1,-1,-1
559,34,648.36,768.60,98.47,297.42,1,-1,-1,-1
559,33,-4.45,814.23,98.50,297.52,1,-1,-1,-1
560,35,602.89,571.61,47.14,143.42,1,-1,-1,-1
560,34,615.26,782.09,97.89,295.67,1,-1,-1,-1
561,35,587.50,570.85,45.89,139.67,1,-1,-1,-1
561,34,589.05,760.46,107.08,323.26,1,-1,-1,-1
562,35,571.26,571.64,47.52,144.56,1,-1,-1,-1
562,34,560.15,755.90,115.63,348.90,1,-1,-1,-1
563,35,552.67,576.89,46.03,140.09,1,-1,-1,-1
563,34,534.28,754.35,118.73,358.19,1,-1,-1,-1
564,35,538.85,581.43,43.52,132.58,1,-1,-1,-1
564,34,509.49,753.73,119.89,361.66,1,-1,-1,-1
565,35,522.37,582.03,46.64,141.93,1,-1,-1,-1
565,34,478.52,764.48,115.30,347.88,1,-1,-1,-1
566,35,503.85,582.31,47.76,145.31,1,-1,-1,-1
566,34,452.87,768.59,113.49,342.47,1,-1,-1,-1
567,35,487.39,580.86,46.11,140.34,1,-1,-1,-1
567,34,433.63,774.76,117.92,355.75,1,-1,-1,-1
568,35,469.71,586.32,45.46,138.39,1,-1,-1,-1
568,34,411.36,777.08,119.56,360.68,1,-1,-1,-1
569,35,453.41,583.85,47.31,143.95,1,-1,-1,-1
569,34,385.58,787.85,115.15,347.46,1,-1,-1,-1
570,35,434.58,582.62,50.28,152.84,1,-1,-1,-1
570,34,361.87,791.92,113.42,342.27,1,-1,-1,-1
571,35,421.13,582.19,51.36,156.08,1,-1,-1,-1
571,34,336.23,794.40,113.77,343.32,1,-1,-1,-1
572,35,402.80,582.00,51.76,157.28,1,-1,-1,-1
572,34,310.68,797.15,113.95,343.85,1,-1,-1,-1
573,35,382.61,581.90,51.91,157.73,1,-1,-1,-1
573,34,285.17,800.02,114.04,344.11,1,-1,-1,-1
574,35,368.61,588.73,51.96,157.88,1,-1,-1,-1
574,34,259.68,802.96,114.08,344.24,1,-1,-1,-1
575,35,354.08,590.99,49.78,151.35,1,-1,-1,-1
575,34,234.20,805.93,114.10,344.31,1,-1,-1,-1
576,35,338.21,592.10,51.15,155.45,1,-1,-1,-1
576,34,208.72,808.92,114.11,344.34,1,-1,-1,-1
577,35,319.05,590.71,54.08,164.26,1,-1,-1,-1
577,34,183.25,811.92,114.12,344.36,1,-1,-1,-1
578,35,305.33,591.89,52.78,160.36,1,-1,-1,-1
578,34,157.78,814.92,114.12,344.37,1,-1,-1,-1
579,35,285.51,590.59,54.67,166.02,1,-1,-1,-1
579,34,132.32,817.92,114.12,344.37,1,-1,-1,-1
580,35,271.15,590.07,55.37,168.11,1,-1,-1,-1
580,34,106.85,820.93,114.12,344.37,1,-1,-1,-1
581,35,251.47,589.84,55.63,168.90,1,-1,-1,-1
581,34,81.38,823.93,114.12,344.37,1,-1,-1,-1
582,35,237.16,589.71,55.72,169.18,1,-1,-1,-1
582,34,55.91,826.94,114.12,344.37,1,-1,-1,-1
583,35,224.88,597.02,55.76,169.28,1,-1,-1,-1
583,34,30.44,829.95,114.12,344.37,1,-1,-1,-1
584,35,207.65,596.30,58.34,177.04,1,-1,-1,-1
585,35,193.73,596.01,59.29,179.89,1,-1,-1,-1
586,35,181.06,595.85,59.65,180.96,1,-1,-1,-1
587,35,168.74,606.49,57.27,173.83,1,-1,-1,-1
588,35,149.81,610.51,56.34,171.02,1,-1,-1,-1
589,35,134.23,609.08,58.53,177.62,1,-1,-1,-1
590,35,120.93,608.50,59.35,180.06,1,-1,-1,-1
591,36,1759.20,570.91,59.63,180.89,1,-1,-1,-1
591,35,105.14,602.81,62.42,189.26,1,-1,-1,-1
592,36,1764.44,577.45,55.90,169.66,1,-1,-1,-1
592,35,91.17,609.12,63.54,192.64,1,-1,-1,-1
593,36,1770.71,572.64,58.64,177.93,1,-1,-1,-1
593,35,77.89,611.46,63.97,193.91,1,-1,-1,-1
594,36,1776.83,576.84,56.24,170.72,1,-1,-1,-1
594,35,58.85,604.67,67.08,203.24,1,-1,-1,-1
595,36,1774.08,581.82,58.55,177.65,1,-1,-1,-1
595,35,43.03,611.16,68.22,206.68,1,-1,-1,-1
596,37,321.00,529.00,39.00,119.00,1,-1,-1,-1
596,36,1772.97,583.42,59.32,179.97,1,-1,-1,-1
596,35,28.43,613.57,68.65,207.97,1,-1,-1,-1
597,37,313.27,528.71,39.51,120.57,1,-1,-1,-1
597,36,1776.57,588.18,56.79,172.37,1,-1,-1,-1
597,35,22.08,621.29,65.94,199.83,1,-1,-1,-1
598,37,311.98,528.83,39.30,119.93,1,-1,-1,-1
598,36,1777.78,582.05,55.86,169.56,1,-1,-1,-1
598,35,12.36,626.33,67.79,205.37,1,-1,-1,-1
599,37,305.63,528.89,39.20,119.60,1,-1,-1,-1
599,36,1780.93,576.07,61.32,185.97,1,-1,-1,-1
599,35,0.08,628.44,71.65,216.97,1,-1,-1,-1
600,37,303.90,528.92,39.14,119.42,1,-1,-1,-1
600,36,1783.40,572.68,60.32,182.97,1,-1,-1,-1
600,35,-4.29,635.04,67.14,203.43,1,-1,-1,-1
601,37,297.82,528.94,39.11,119.32,1,-1,-1,-1
601,36,1784.23,571.41,59.93,181.81,1,-1,-1,-1
601,35,-17.46,637.68,67.52,204.60,1,-1,-1,-1
602,37,295.90,534.54,39.09,119.26,1,-1,-1,-1
602,36,1783.12,572.24,62.67,190.01,1,-1,-1,-1
602,35,-30.54,640.61,67.72,205.18,1,-1,-1,-1
603,37,292.33,533.50,41.05,125.16,1,-1,-1,-1
603,36,1784.23,562.86,66.75,202.28,1,-1,-1,-1
604,37,288.80,536.06,39.82,121.46,1,-1,-1,-1
604,36,1785.99,561.89,67.42,204.30,1,-1,-1,-1
605,37,287.67,536.98,39.34,120.03,1,-1,-1,-1
605,36,1787.91,561.43,67.75,205.30,1,-1,-1,-1
606,37,282.05,537.29,39.16,119.47,1,-1,-1,-1
607,37,280.09,537.37,39.08,119.25,1,-1,-1,-1
608,37,279.49,537.37,39.05,119.16,1,-1,-1,-1
609,37,279.39,537.34,39.04,119.12,1,-1,-1,-1
610,37,274.19,532.03,39.03,119.10,1,-1,-1,-1
611,37,272.34,530.02,39.03,119.09,1,-1,-1,-1
612,37,271.74,529.26,39.03,119.09,1,-1,-1,-1
613,37,266.37,528.98,39.03,119.08,1,-1,-1,-1
614,37,264.43,528.89,39.02,119.07,1,-1,-1,-1
615,37,263.80,528.86,39.02,119.07,1,-1,-1,-1
616,37,258.41,528.86,39.02,119.07,1,-1,-1,-1
617,37,256.47,528.86,39.02,119.06,1,-1,-1,-1
618,37,250.59,528.87,39.02,119.06,1,-1,-1,-1
619,37,248.46,528.88,39.02,119.06,1,-1,-1,-1
620,37,247.76,528.89,39.02,119.05,1,-1,-1,-1
621,37,242.43,525.70,40.86,124.58,1,-1,-1,-1
622,37,240.43,527.68,39.73,121.19,1,-1,-1,-1
623,37,239.77,533.67,39.29,119.87,1,-1,-1,-1
624,37,239.61,530.72,39.12,119.36,1,-1,-1,-1
625,37,239.64,534.82,39.05,119.16,1,-1,-1,-1
626,37,234.20,533.56,40.86,124.60,1,-1,-1,-1
627,37,237.74,541.08,39.73,121.19,1,-1,-1,-1
628,37,233.93,543.93,39.29,119.87,1,-1,-1,-1
629,37,232.56,550.21,39.12,119.35,1,-1,-1,-1
630,37,231.80,550.49,40.88,124.65,1,-1,-1,-1
631,37,237.11,552.58,39.74,121.21,1,-1,-1,-1
632,37,239.18,553.34,39.29,119.87,1,-1,-1,-1
633,37,240.00,553.59,39.12,119.35,1,-1,-1,-1
634,37,240.35,553.64,39.05,119.15,1,-1,-1,-1
635,37,240.51,553.61,39.03,119.08,1,-1,-1,-1
636,37,240.59,558.79,39.02,119.05,1,-1,-1,-1
637,37,239.97,555.17,42.84,130.53,1,-1,-1,-1
638,37,245.63,559.22,40.51,123.55,1,-1,-1,-1
639,37,247.80,560.77,39.59,120.77,1,-1,-1,-1
640,37,249.08,559.67,41.05,125.14,1,-1,-1,-1
641,37,249.56,564.83,41.59,126.76,1,-1,-1,-1
642,37,254.49,567.97,40.01,122.04,1,-1,-1,-1
647,37,273.71,567.85,41.65,126.94,1,-1,-1,-1
650,37,283.26,567.56,41.86,127.59,1,-1,-1,-1
651,37,290.25,567.37,41.89,127.67,1,-1,-1,-1
659,37,311.44,573.03,42.40,129.21,1,-1,-1,-1
683,38,625.89,598.32,44.95,136.84,1,-1,-1,-1
693,39,781.65,566.69,55.57,168.71,1,-1,-1,-1
715,40,577.00,529.00,39.00,119.00,1,-1,-1,-1
716,40,577.00,536.38,39.00,119.00,1,-1,-1,-1
717,40,577.00,537.82,39.00,119.00,1,-1,-1,-1
718,41,1443.80,524.81,21.97,67.92,1,-1,-1,-1
718,40,583.29,537.95,39.00,119.00,1,-1,-1,-1
719,40,585.17,537.84,39.00,119.00,1,-1,-1,-1
720,40,585.67,543.43,39.00,119.00,1,-1,-1,-1
721,40,585.08,542.59,41.02,125.06,1,-1,-1,-1
722,40,585.44,544.81,39.77,121.31,1,-1,-1,-1
723,40,590.96,545.55,39.29,119.87,1,-1,-1,-1
724,42,1304.30,464.01,41.87,127.61,1,-1,-1,-1
724,40,592.79,547.30,39.33,119.99,1,-1,-1,-1
725,40,593.34,552.18,39.08,119.23,1,-1,-1,-1
726,42,1321.01,464.40,41.87,127.61,1,-1,-1,-1
726,40,593.64,553.42,39.02,119.06,1,-1,-1,-1
727,42,1325.23,461.43,44.32,134.98,1,-1,-1,-1
727,40,593.73,559.15,39.00,119.01,1,-1,-1,-1
728,40,598.99,561.20,39.00,118.99,1,-1,-1,-1
729,40,600.92,561.89,38.99,118.98,1,-1,-1,-1
730,42,1339.13,471.42,42.34,129.01,1,-1,-1,-1
730,40,601.59,567.33,38.99,118.98,1,-1,-1,-1
731,43,821.00,525.00,19.00,59.00,1,-1,-1,-1
731,42,1344.57,473.00,42.38,129.13,1,-1,-1,-1
731,40,601.78,564.05,38.99,118.98,1,-1,-1,-1
732,43,821.31,524.69,19.00,59.00,1,-1,-1,-1
732,40,601.93,560.99,40.86,124.58,1,-1,-1,-1
733,43,824.59,524.82,19.00,59.00,1,-1,-1,-1
733,40,601.94,559.80,41.55,126.64,1,-1,-1,-1
734,43,828.53,524.88,19.00,59.00,1,-1,-1,-1
734,42,1361.09,470.40,44.72,136.16,1,-1,-1,-1
734,40,606.99,560.96,39.99,121.96,1,-1,-1,-1
735,43,829.61,524.92,19.00,59.00,1,-1,-1,-1
735,42,1366.58,471.19,44.97,136.93,1,-1,-1,-1
735,40,608.86,561.38,39.38,120.13,1,-1,-1,-1
736,43,832.70,522.07,19.00,59.00,1,-1,-1,-1
736,42,1372.13,472.16,45.10,137.31,1,-1,-1,-1
736,40,608.55,555.89,43.01,131.05,1,-1,-1,-1
737,40,609.32,559.30,40.57,123.73,1,-1,-1,-1
738,43,837.33,520.24,21.45,66.37,1,-1,-1,-1
738,40,610.11,558.97,41.43,126.28,1,-1,-1,-1
739,40,610.36,558.82,41.74,127.23,1,-1,-1,-1
740,43,841.22,523.71,19.67,61.01,1,-1,-1,-1
740,40,608.96,560.90,43.84,133.52,1,-1,-1,-1
741,40,608.39,561.69,44.61,135.83,1,-1,-1,-1
742,40,608.15,561.96,44.90,136.70,1,-1,-1,-1
743,43,845.93,527.58,20.35,63.07,1,-1,-1,-1
743,40,610.75,562.64,47.11,143.35,1,-1,-1,-1
744,43,846.33,528.18,20.44,63.34,1,-1,-1,-1
744,40,608.97,562.22,45.86,139.58,1,-1,-1,-1
745,43,846.46,528.38,20.48,63.44,1,-1,-1,-1
745,40,608.26,568.04,45.37,138.10,1,-1,-1,-1
746,43,846.46,528.44,20.49,63.47,1,-1,-1,-1
746,40,604.27,564.84,47.27,143.83,1,-1,-1,-1
747,43,846.40,528.45,20.49,63.47,1,-1,-1,-1
747,40,606.43,568.93,45.91,139.75,1,-1,-1,-1
748,43,846.32,528.44,20.49,63.47,1,-1,-1,-1
748,40,607.25,570.46,45.38,138.15,1,-1,-1,-1
749,43,849.05,528.43,20.48,63.46,1,-1,-1,-1
749,40,603.85,565.64,47.27,143.82,1,-1,-1,-1
750,43,850.04,528.42,20.48,63.45,1,-1,-1,-1
750,40,602.55,570.23,47.97,145.91,1,-1,-1,-1
