3,2,829.00,780.00,67.00,99.00,1,-1,-1,-1
3,1,869.00,115.00,51.00,100.00,1,-1,-1,-1
7,1,866.99,117.02,51.02,100.97,1,-1,-1,-1
10,1,865.94,117.15,50.12,100.02,1,-1,-1,-1
14,1,864.21,118.19,49.60,98.98,1,-1,-1,-1
16,3,803.00,751.00,70.00,128.00,1,-1,-1,-1
17,3,801.81,747.65,69.45,130.85,1,-1,-1,-1
18,3,800.71,745.43,68.62,132.93,1,-1,-1,-1
19,3,798.85,741.96,67.75,136.26,1,-1,-1,-1
20,3,798.44,741.58,67.34,136.82,1,-1,-1,-1
21,3,796.23,740.83,67.19,137.68,1,-1,-1,-1
22,3,794.14,739.94,67.14,138.64,1,-1,-1,-1
23,3,791.39,738.33,67.15,140.28,1,-1,-1,-1
24,3,789.10,736.45,67.16,142.16,1,-1,-1,-1
25,3,785.66,733.78,67.81,144.20,1,-1,-1,-1
26,3,783.78,731.52,67.40,144.89,1,-1,-1,-1
27,3,782.47,730.74,65.31,143.76,1,-1,-1,-1
28,3,780.07,728.53,64.52,143.95,1,-1,-1,-1
29,3,777.30,725.72,65.49,144.09,1,-1,-1,-1
30,3,774.37,723.39,67.13,145.48,1,-1,-1,-1
31,3,772.07,721.77,67.32,145.88,1,-1,-1,-1
32,4,1107.00,570.00,62.00,116.00,1,-1,-1,-1
32,3,769.82,720.24,67.41,146.08,1,-1,-1,-1
33,4,1106.02,570.12,61.96,115.92,1,-1,-1,-1
34,4,1105.86,569.22,61.98,115.95,1,-1,-1,-1
35,4,1105.07,569.76,61.98,115.97,1,-1,-1,-1
35,3,766.62,715.12,67.09,147.76,1,-1,-1,-1
36,4,1104.86,569.94,62.74,117.46,1,-1,-1,-1
36,3,765.58,713.89,67.05,147.95,1,-1,-1,-1
37,4,1104.09,570.03,63.01,118.61,1,-1,-1,-1
37,3,763.89,710.87,67.69,150.57,1,-1,-1,-1
38,3,762.03,709.35,67.78,150.77,1,-1,-1,-1
39,4,1103.80,570.05,63.10,119.08,1,-1,-1,-1
39,3,760.19,707.87,67.83,150.87,1,-1,-1,-1
40,4,1103.80,570.04,63.09,119.14,1,-1,-1,-1
40,3,758.36,706.42,67.85,150.92,1,-1,-1,-1
41,4,1102.47,570.01,63.73,119.20,1,-1,-1,-1
43,4,1101.87,570.04,63.28,119.92,1,-1,-1,-1
44,4,1101.82,570.01,63.79,119.44,1,-1,-1,-1
45,4,1101.41,570.02,63.94,119.71,1,-1,-1,-1
45,3,753.60,689.75,60.73,153.41,1,-1,-1,-1
46,3,751.96,687.29,60.88,154.39,1,-1,-1,-1
52,3,740.20,672.20,62.67,149.53,1,-1,-1,-1
53,3,738.82,669.28,62.20,149.11,1,-1,-1,-1
55,3,735.38,664.55,62.04,148.72,1,-1,-1,-1
79,5,703.00,608.00,59.00,141.00,1,-1,-1,-1
100,6,572.00,186.00,51.00,104.00,1,-1,-1,-1
141,7,16.00,787.00,77.00,92.00,1,-1,-1,-1
142,7,18.48,785.38,74.89,93.16,1,-1,-1,-1
143,7,20.50,782.82,73.05,95.45,1,-1,-1,-1
155,8,578.00,134.00,49.00,97.00,1,-1,-1,-1
156,8,578.07,133.02,48.94,96.88,1,-1,-1,-1
157,8,578.07,131.10,49.76,97.90,1,-1,-1,-1
159,9,895.00,629.00,70.00,142.00,1,-1,-1,-1
159,8,578.89,130.75,49.21,97.97,1,-1,-1,-1
160,9,894.79,628.35,68.49,142.30,1,-1,-1,-1
161,9,893.24,626.22,69.57,143.01,1,-1,-1,-1
162,9,892.89,625.65,69.82,141.72,1,-1,-1,-1
163,9,892.13,623.21,71.28,141.50,1,-1,-1,-1
164,9,890.50,619.58,72.45,140.76,1,-1,-1,-1
165,9,888.56,617.01,73.55,141.18,1,-1,-1,-1
166,9,886.56,616.15,75.24,141.40,1,-1,-1,-1
167,10,577.00,125.00,48.00,99.00,1,-1,-1,-1
167,9,885.16,615.30,75.21,141.38,1,-1,-1,-1
168,10,576.91,123.10,48.02,99.04,1,-1,-1,-1
168,9,884.07,613.20,75.56,142.04,1,-1,-1,-1
170,10,577.90,121.86,48.01,99.02,1,-1,-1,-1
170,9,882.06,609.32,75.91,142.69,1,-1,-1,-1
171,10,578.09,120.89,48.67,98.43,1,-1,-1,-1
171,9,880.20,611.39,78.51,140.57,1,-1,-1,-1
173,10,578.15,120.57,48.91,97.39,1,-1,-1,-1
173,9,878.29,608.15,78.80,141.09,1,-1,-1,-1
174,10,578.13,119.90,48.95,96.47,1,-1,-1,-1
174,9,877.38,606.60,78.87,141.21,1,-1,-1,-1
176,9,873.26,605.73,79.84,139.33,1,-1,-1,-1
177,11,483.00,747.00,68.00,132.00,1,-1,-1,-1
177,10,578.94,117.99,48.19,97.63,1,-1,-1,-1
177,9,872.21,604.31,79.87,139.38,1,-1,-1,-1
178,11,482.85,746.70,68.15,132.30,1,-1,-1,-1
178,10,579.04,116.42,48.06,97.85,1,-1,-1,-1
178,9,871.16,602.90,79.88,139.40,1,-1,-1,-1
180,11,481.91,741.40,69.17,136.49,1,-1,-1,-1
180,9,869.08,600.11,79.90,139.43,1,-1,-1,-1
181,11,479.54,738.42,70.02,139.35,1,-1,-1,-1
182,11,477.40,736.10,70.96,141.66,1,-1,-1,-1
183,11,477.36,734.09,69.95,142.89,1,-1,-1,-1
184,11,477.37,730.78,68.25,143.83,1,-1,-1,-1
185,11,476.73,724.96,67.65,146.72,1,-1,-1,-1
186,11,475.85,722.25,66.76,148.39,1,-1,-1,-1
187,11,474.91,718.63,67.05,149.71,1,-1,-1,-1
188,11,473.90,715.44,65.88,150.72,1,-1,-1,-1
189,11,472.93,712.95,66.05,149.86,1,-1,-1,-1
193,11,468.50,702.74,67.10,152.24,1,-1,-1,-1
194,11,467.02,700.00,65.24,148.47,1,-1,-1,-1
195,11,465.91,697.53,65.26,148.51,1,-1,-1,-1
196,11,463.38,691.86,65.06,148.12,1,-1,-1,-1
197,11,463.39,688.36,65.02,148.04,1,-1,-1,-1
198,11,462.78,685.82,66.27,148.05,1,-1,-1,-1
199,11,462.54,684.95,64.85,146.75,1,-1,-1,-1
200,11,462.51,683.40,65.56,146.91,1,-1,-1,-1
201,11,461.87,681.61,65.84,147.60,1,-1,-1,-1
202,11,461.02,679.68,66.57,147.25,1,-1,-1,-1
203,11,460.07,677.74,66.85,147.75,1,-1,-1,-1
204,11,460.39,674.50,66.96,149.18,1,-1,-1,-1
205,11,459.66,672.07,67.01,149.28,1,-1,-1,-1
206,11,458.94,669.66,67.03,149.33,1,-1,-1,-1
207,12,982.00,761.00,76.00,118.00,1,-1,-1,-1
207,11,455.52,663.63,66.20,145.87,1,-1,-1,-1
208,12,979.84,757.37,76.39,121.26,1,-1,-1,-1
208,11,454.19,659.60,66.71,146.59,1,-1,-1,-1
209,12,977.85,755.02,77.21,123.66,1,-1,-1,-1
209,11,454.36,657.60,65.64,147.43,1,-1,-1,-1
210,12,976.69,753.70,78.08,125.09,1,-1,-1,-1
210,11,454.45,655.60,65.23,147.13,1,-1,-1,-1
211,12,975.66,751.98,78.36,126.80,1,-1,-1,-1
211,11,453.20,654.26,64.45,146.38,1,-1,-1,-1
212,12,976.09,750.84,77.75,127.92,1,-1,-1,-1
212,11,452.75,652.56,64.15,146.72,1,-1,-1,-1
213,12,974.94,749.09,78.16,129.00,1,-1,-1,-1
213,11,451.96,651.96,64.03,145.60,1,-1,-1,-1
214,12,975.21,747.94,77.01,130.53,1,-1,-1,-1
214,11,451.04,650.50,63.99,144.55,1,-1,-1,-1
215,12,974.69,746.23,76.56,131.73,1,-1,-1,-1
215,11,450.08,648.06,64.59,144.16,1,-1,-1,-1
216,12,973.88,744.28,76.35,131.52,1,-1,-1,-1
216,11,449.72,645.27,64.20,144.63,1,-1,-1,-1
217,12,972.95,741.61,76.93,132.73,1,-1,-1,-1
217,11,448.98,641.68,64.68,145.45,1,-1,-1,-1
218,12,972.63,739.37,77.15,134.43,1,-1,-1,-1
218,11,448.71,638.43,64.24,145.12,1,-1,-1,-1
219,12,970.56,735.96,77.88,136.99,1,-1,-1,-1
219,11,448.65,635.32,64.69,145.01,1,-1,-1,-1
220,12,969.47,734.19,78.37,137.85,1,-1,-1,-1
220,11,447.97,632.75,64.65,144.91,1,-1,-1,-1
221,13,288.00,111.00,46.00,99.00,1,-1,-1,-1
221,12,968.51,732.63,78.62,138.28,1,-1,-1,-1
221,11,447.29,630.15,64.63,144.86,1,-1,-1,-1
222,13,287.99,110.10,46.02,99.04,1,-1,-1,-1
222,11,448.59,630.39,64.12,143.37,1,-1,-1,-1
223,11,449.35,629.33,63.39,142.46,1,-1,-1,-1
224,13,288.00,110.86,46.01,99.02,1,-1,-1,-1
224,11,450.27,627.67,63.13,142.76,1,-1,-1,-1
225,13,288.00,109.46,46.00,99.01,1,-1,-1,-1
225,11,451.28,625.17,63.04,143.50,1,-1,-1,-1
226,13,288.73,109.01,45.98,98.34,1,-1,-1,-1
226,11,452.95,623.00,61.76,143.76,1,-1,-1,-1
227,13,288.98,108.16,45.96,97.44,1,-1,-1,-1
227,11,454.88,620.29,60.65,143.85,1,-1,-1,-1
228,11,456.94,617.39,60.85,144.52,1,-1,-1,-1
229,13,289.89,107.81,45.96,97.05,1,-1,-1,-1
229,11,458.99,615.07,59.68,144.75,1,-1,-1,-1
230,11,459.77,612.31,59.86,145.48,1,-1,-1,-1
231,11,460.06,610.65,59.92,144.51,1,-1,-1,-1
232,11,461.47,608.81,59.95,144.76,1,-1,-1,-1
233,14,855.00,535.00,59.00,137.00,1,-1,-1,-1
233,11,462.62,608.14,59.34,142.99,1,-1,-1,-1
234,14,854.98,533.28,58.96,136.91,1,-1,-1,-1
234,11,463.72,606.65,59.72,142.32,1,-1,-1,-1
235,15,165.00,233.00,51.00,107.00,1,-1,-1,-1
235,11,464.13,605.49,60.49,141.44,1,-1,-1,-1
236,15,166.00,231.23,51.84,108.70,1,-1,-1,-1
236,14,853.11,531.01,58.06,135.05,1,-1,-1,-1
236,11,464.28,603.83,61.41,142.38,1,-1,-1,-1
237,15,166.95,230.10,51.31,108.88,1,-1,-1,-1
237,14,852.05,529.33,57.27,135.36,1,-1,-1,-1
237,11,464.32,601.28,61.76,141.48,1,-1,-1,-1
238,16,1.00,591.00,31.00,139.00,1,-1,-1,-1
238,15,167.85,228.49,49.76,109.29,1,-1,-1,-1
238,14,851.84,527.91,58.28,133.73,1,-1,-1,-1
238,11,464.97,598.39,61.89,139.89,1,-1,-1,-1
239,16,1.10,590.50,31.80,138.93,1,-1,-1,-1
239,14,852.47,527.55,58.01,133.07,1,-1,-1,-1
239,11,465.57,596.20,61.84,139.78,1,-1,-1,-1
240,16,1.13,587.83,31.88,135.62,1,-1,-1,-1
240,14,852.10,526.33,57.77,132.51,1,-1,-1,-1
240,11,466.15,593.98,61.81,139.72,1,-1,-1,-1
241,16,1.15,585.58,32.64,134.86,1,-1,-1,-1
241,11,466.73,591.75,61.80,139.69,1,-1,-1,-1
242,16,1.17,582.67,34.29,136.35,1,-1,-1,-1
242,15,169.07,222.25,49.07,109.72,1,-1,-1,-1
242,11,467.30,589.50,61.79,139.67,1,-1,-1,-1
243,15,169.17,221.67,49.66,109.22,1,-1,-1,-1
243,11,467.87,587.26,61.79,139.67,1,-1,-1,-1
244,15,169.87,221.51,49.87,109.70,1,-1,-1,-1
244,14,853.72,521.04,57.06,132.79,1,-1,-1,-1
244,11,468.44,585.01,61.79,139.66,1,-1,-1,-1
245,15,170.32,220.45,49.83,109.62,1,-1,-1,-1
245,14,853.18,519.94,56.31,132.14,1,-1,-1,-1
245,11,469.01,582.76,61.79,139.66,1,-1,-1,-1
246,14,853.02,519.55,56.70,131.97,1,-1,-1,-1
246,11,469.58,580.51,61.79,139.66,1,-1,-1,-1
247,14,852.97,518.12,57.49,132.58,1,-1,-1,-1
247,11,470.15,578.27,61.79,139.66,1,-1,-1,-1
248,14,852.86,516.91,57.42,132.42,1,-1,-1,-1
248,11,482.44,574.07,57.38,138.06,1,-1,-1,-1
249,14,852.73,515.65,57.39,132.35,1,-1,-1,-1
249,11,483.89,572.57,57.77,136.66,1,-1,-1,-1
250,14,852.11,515.71,57.87,131.28,1,-1,-1,-1
250,11,485.12,570.22,57.73,136.56,1,-1,-1,-1
253,14,851.93,511.19,57.16,131.00,1,-1,-1,-1
253,11,488.77,563.08,57.67,136.41,1,-1,-1,-1
258,14,851.17,504.87,56.98,130.60,1,-1,-1,-1
258,11,494.82,551.12,57.61,136.29,1,-1,-1,-1
259,14,851.00,503.59,56.96,130.56,1,-1,-1,-1
259,11,496.03,548.72,57.61,136.28,1,-1,-1,-1
260,17,882.00,746.00,69.00,133.00,1,-1,-1,-1
260,14,850.84,502.30,56.96,130.54,1,-1,-1,-1
260,11,497.24,546.32,57.61,136.27,1,-1,-1,-1
261,17,878.43,744.42,72.29,134.16,1,-1,-1,-1
261,11,498.44,543.92,57.60,136.27,1,-1,-1,-1
262,17,876.03,743.53,73.88,135.64,1,-1,-1,-1
262,11,499.65,541.52,57.60,136.27,1,-1,-1,-1
263,17,873.17,741.06,75.00,136.65,1,-1,-1,-1
263,11,500.85,539.11,57.60,136.26,1,-1,-1,-1
264,17,871.58,738.35,74.72,138.71,1,-1,-1,-1
264,11,502.06,536.71,57.60,136.26,1,-1,-1,-1
265,11,503.27,534.31,57.60,136.26,1,-1,-1,-1
271,18,609.00,748.00,69.00,131.00,1,-1,-1,-1
272,18,609.69,745.46,68.47,133.23,1,-1,-1,-1
273,18,610.68,743.39,67.54,134.31,1,-1,-1,-1
274,18,609.38,739.74,68.04,137.00,1,-1,-1,-1
275,18,608.93,737.32,67.52,139.09,1,-1,-1,-1
276,18,608.77,733.11,67.39,142.48,1,-1,-1,-1
277,18,608.69,729.77,66.04,145.47,1,-1,-1,-1
279,18,607.88,725.17,65.43,147.60,1,-1,-1,-1
280,18,607.81,724.34,65.86,146.10,1,-1,-1,-1
283,18,605.25,717.98,68.56,148.90,1,-1,-1,-1
284,18,604.93,715.93,69.62,149.25,1,-1,-1,-1
285,18,604.17,712.57,70.61,148.76,1,-1,-1,-1
286,18,604.52,708.14,69.73,149.76,1,-1,-1,-1
287,18,605.32,705.20,68.74,148.23,1,-1,-1,-1
288,18,605.63,701.56,67.73,147.61,1,-1,-1,-1
289,18,605.72,697.72,66.09,149.17,1,-1,-1,-1
290,18,604.47,695.67,66.09,149.81,1,-1,-1,-1
291,18,604.01,693.69,66.09,150.68,1,-1,-1,-1
292,18,603.20,691.04,66.72,151.03,1,-1,-1,-1
293,18,601.64,689.45,68.84,151.84,1,-1,-1,-1
294,18,601.05,688.27,69.02,151.49,1,-1,-1,-1
295,18,599.55,687.23,69.70,150.73,1,-1,-1,-1
296,18,599.01,685.59,70.58,149.82,1,-1,-1,-1
297,18,597.52,683.05,70.91,148.21,1,-1,-1,-1
298,18,598.23,680.87,69.16,147.57,1,-1,-1,-1
299,18,597.88,676.87,69.12,148.57,1,-1,-1,-1
300,18,597.74,673.45,67.84,147.69,1,-1,-1,-1
301,18,597.70,669.68,67.37,149.20,1,-1,-1,-1
302,18,596.42,667.00,68.43,149.82,1,-1,-1,-1
303,18,595.85,664.33,68.56,150.10,1,-1,-1,-1
304,18,593.62,663.42,71.82,149.39,1,-1,-1,-1
305,18,592.36,661.63,72.62,149.88,1,-1,-1,-1
306,18,591.91,660.34,72.27,148.79,1,-1,-1,-1
307,18,591.30,657.94,72.38,149.01,1,-1,-1,-1
308,18,590.72,655.59,72.43,149.11,1,-1,-1,-1
309,19,526.00,458.00,57.00,127.00,1,-1,-1,-1
309,18,591.67,653.76,71.29,144.25,1,-1,-1,-1
310,19,527.79,457.13,56.19,126.67,1,-1,-1,-1
310,18,591.21,651.32,71.26,144.21,1,-1,-1,-1
311,19,529.83,456.19,55.21,125.72,1,-1,-1,-1
311,18,590.12,647.45,69.58,144.75,1,-1,-1,-1
312,18,589.85,644.99,69.84,145.53,1,-1,-1,-1
313,19,530.42,450.33,56.51,125.19,1,-1,-1,-1
313,18,589.75,642.18,69.31,145.80,1,-1,-1,-1
314,18,589.07,640.58,69.11,147.14,1,-1,-1,-1
315,18,587.52,639.37,69.03,146.41,1,-1,-1,-1
316,19,529.47,443.96,56.88,125.01,1,-1,-1,-1
316,18,587.61,639.62,69.00,145.51,1,-1,-1,-1
317,19,529.26,442.64,57.65,126.40,1,-1,-1,-1
317,18,587.01,637.19,68.99,145.79,1,-1,-1,-1
318,19,529.58,440.60,57.70,126.52,1,-1,-1,-1
318,18,585.50,634.35,68.98,144.65,1,-1,-1,-1
319,18,584.28,632.06,68.36,144.83,1,-1,-1,-1
320,18,581.91,629.93,69.36,144.29,1,-1,-1,-1
321,18,581.66,628.53,68.50,143.46,1,-1,-1,-1
322,18,581.61,626.76,68.79,142.52,1,-1,-1,-1
323,18,582.25,624.85,68.28,142.16,1,-1,-1,-1
324,18,582.52,622.27,68.09,143.26,1,-1,-1,-1
325,20,336.00,745.00,60.00,134.00,1,-1,-1,-1
325,18,582.00,619.45,68.65,145.56,1,-1,-1,-1
326,21,530.00,425.00,54.00,125.00,1,-1,-1,-1
326,20,334.99,742.27,60.24,136.54,1,-1,-1,-1
326,18,581.80,617.76,68.24,145.19,1,-1,-1,-1
327,21,530.99,423.95,53.87,124.03,1,-1,-1,-1
327,20,334.77,740.19,60.29,138.53,1,-1,-1,-1
327,18,581.76,616.55,68.70,145.67,1,-1,-1,-1
328,21,531.12,423.01,53.95,124.64,1,-1,-1,-1
328,20,333.23,738.84,60.97,139.98,1,-1,-1,-1
328,18,580.48,615.46,69.50,143.98,1,-1,-1,-1
329,21,531.15,421.96,54.72,125.76,1,-1,-1,-1
329,20,332.06,738.53,61.14,140.35,1,-1,-1,-1
329,18,579.35,614.41,69.80,140.84,1,-1,-1,-1
330,21,531.16,420.90,54.91,124.70,1,-1,-1,-1
330,20,331.70,737.11,61.22,141.74,1,-1,-1,-1
330,18,578.82,612.38,69.77,140.77,1,-1,-1,-1
331,22,735.00,620.00,62.00,129.00,1,-1,-1,-1
331,21,531.16,420.57,54.94,122.96,1,-1,-1,-1
331,20,332.29,736.04,60.57,142.77,1,-1,-1,-1
331,18,578.28,610.33,69.75,140.73,1,-1,-1,-1
332,21,531.13,419.84,54.98,122.98,1,-1,-1,-1
332,20,332.55,734.31,60.31,143.13,1,-1,-1,-1
332,18,577.74,608.27,69.74,140.71,1,-1,-1,-1
333,21,531.81,418.22,54.96,121.69,1,-1,-1,-1
333,20,332.00,733.13,60.59,143.79,1,-1,-1,-1
333,18,576.98,601.69,68.30,141.75,1,-1,-1,-1
334,21,532.06,416.29,55.61,121.27,1,-1,-1,-1
334,18,576.37,599.32,68.29,141.72,1,-1,-1,-1
335,21,532.11,415.00,54.56,120.36,1,-1,-1,-1
335,18,575.75,596.94,68.28,141.71,1,-1,-1,-1
336,21,532.13,411.89,54.81,120.72,1,-1,-1,-1
336,18,575.13,594.56,68.28,141.70,1,-1,-1,-1
337,21,532.13,409.44,54.90,120.22,1,-1,-1,-1
337,18,572.33,592.96,69.73,144.48,1,-1,-1,-1
338,21,532.11,407.94,54.30,119.99,1,-1,-1,-1
338,20,275.44,739.19,59.10,136.76,1,-1,-1,-1
338,18,571.86,592.28,69.26,144.83,1,-1,-1,-1
339,21,532.29,406.32,54.21,119.79,1,-1,-1,-1
339,20,272.04,739.06,57.66,136.10,1,-1,-1,-1
339,18,571.05,590.72,69.73,144.96,1,-1,-1,-1
340,21,532.09,405.70,53.28,118.38,1,-1,-1,-1
340,20,266.73,739.00,57.51,135.74,1,-1,-1,-1
340,18,570.32,588.68,69.75,145.00,1,-1,-1,-1
341,23,386.00,427.00,49.00,123.00,1,-1,-1,-1
341,21,531.38,404.73,53.07,118.70,1,-1,-1,-1
341,20,261.38,738.84,57.43,135.55,1,-1,-1,-1
341,18,569.60,586.65,69.77,145.03,1,-1,-1,-1
342,24,712.00,604.00,61.00,130.00,1,-1,-1,-1
342,23,385.95,424.29,49.03,123.74,1,-1,-1,-1
342,21,530.49,403.71,53.62,117.56,1,-1,-1,-1
342,18,568.87,584.62,69.77,145.04,1,-1,-1,-1
343,24,709.88,601.34,61.09,132.17,1,-1,-1,-1
343,23,386.02,422.75,49.77,124.24,1,-1,-1,-1
343,21,530.80,402.09,53.20,117.75,1,-1,-1,-1
343,18,568.76,581.93,64.99,140.03,1,-1,-1,-1
344,25,16.00,224.00,46.00,93.00,1,-1,-1,-1
344,24,709.47,599.43,59.68,133.06,1,-1,-1,-1
344,23,385.25,424.04,49.19,121.96,1,-1,-1,-1
344,21,530.26,400.23,53.05,118.45,1,-1,-1,-1
344,18,567.98,579.88,64.97,138.67,1,-1,-1,-1
345,24,707.17,598.05,59.95,134.41,1,-1,-1,-1
345,23,385.01,423.78,49.01,121.22,1,-1,-1,-1
345,21,530.07,397.60,53.62,118.75,1,-1,-1,-1
345,18,565.74,577.22,64.97,138.83,1,-1,-1,-1
346,25,16.07,225.02,46.05,93.84,1,-1,-1,-1
346,24,705.81,597.69,59.28,133.36,1,-1,-1,-1
346,23,384.97,422.93,49.61,120.42,1,-1,-1,-1
346,21,529.99,395.39,53.22,120.09,1,-1,-1,-1
346,18,564.29,574.98,65.59,138.90,1,-1,-1,-1
347,25,16.83,225.13,46.04,93.98,1,-1,-1,-1
347,24,704.75,597.58,59.01,131.68,1,-1,-1,-1
347,23,384.97,421.98,49.82,119.46,1,-1,-1,-1
347,21,529.97,391.99,53.71,121.89,1,-1,-1,-1
347,18,563.32,572.72,65.54,138.78,1,-1,-1,-1
348,23,384.29,420.30,49.91,119.11,1,-1,-1,-1
348,21,529.32,389.44,54.52,122.61,1,-1,-1,-1
348,18,562.34,570.42,65.51,138.73,1,-1,-1,-1
349,21,529.08,389.16,54.82,121.61,1,-1,-1,-1
349,18,561.36,568.11,65.50,138.70,1,-1,-1,-1
350,21,529.00,389.10,54.93,120.61,1,-1,-1,-1
350,18,560.37,565.79,65.49,138.69,1,-1,-1,-1
351,23,384.82,416.16,49.12,118.05,1,-1,-1,-1
351,21,528.98,387.80,55.59,118.97,1,-1,-1,-1
351,18,559.38,563.47,65.49,138.68,1,-1,-1,-1
352,23,384.25,414.29,49.67,118.64,1,-1,-1,-1
352,21,529.64,386.70,55.84,118.37,1,-1,-1,-1
352,18,558.39,561.15,65.48,138.68,1,-1,-1,-1
353,23,384.04,413.03,49.22,118.79,1,-1,-1,-1
353,21,529.87,385.05,55.32,118.74,1,-1,-1,-1
353,18,557.39,558.82,65.48,138.67,1,-1,-1,-1
354,23,383.91,411.79,49.15,118.60,1,-1,-1,-1
354,21,530.59,383.85,54.49,119.49,1,-1,-1,-1
354,18,556.15,560.63,70.45,133.57,1,-1,-1,-1
355,21,530.88,382.11,54.80,119.18,1,-1,-1,-1
355,18,553.73,557.46,70.82,134.52,1,-1,-1,-1
356,26,687.00,581.00,59.00,129.00,1,-1,-1,-1
356,23,383.94,410.70,49.00,117.27,1,-1,-1,-1
356,21,530.98,380.20,54.30,119.04,1,-1,-1,-1
356,18,552.28,554.44,71.57,136.10,1,-1,-1,-1
357,23,383.28,410.50,49.63,116.42,1,-1,-1,-1
357,21,531.66,377.58,54.11,119.61,1,-1,-1,-1
357,18,551.74,550.80,71.24,137.91,1,-1,-1,-1
358,23,383.15,409.37,49.58,116.31,1,-1,-1,-1
358,21,531.92,375.32,54.03,119.21,1,-1,-1,-1
358,18,550.92,549.49,71.11,138.61,1,-1,-1,-1
359,23,383.00,409.55,49.13,113.82,1,-1,-1,-1
359,21,531.35,374.49,53.37,117.80,1,-1,-1,-1
359,18,550.00,548.40,71.68,138.89,1,-1,-1,-1
360,23,382.85,408.46,49.06,113.67,1,-1,-1,-1
360,21,531.13,373.58,53.12,117.26,1,-1,-1,-1
360,18,549.67,548.05,71.27,138.37,1,-1,-1,-1
361,23,382.16,406.30,49.76,114.68,1,-1,-1,-1
361,21,530.38,372.01,52.40,117.66,1,-1,-1,-1
361,18,548.92,546.04,71.12,138.78,1,-1,-1,-1
362,23,381.99,404.39,49.93,116.17,1,-1,-1,-1
362,21,529.45,371.45,52.13,117.19,1,-1,-1,-1
362,18,548.02,544.67,71.68,138.33,1,-1,-1,-1
363,23,382.57,401.80,49.36,117.93,1,-1,-1,-1
363,21,529.10,370.64,52.02,117.02,1,-1,-1,-1
363,18,547.16,542.74,71.72,138.40,1,-1,-1,-1
364,23,382.79,399.54,49.15,118.61,1,-1,-1,-1
364,21,528.33,368.43,52.61,117.59,1,-1,-1,-1
364,18,546.30,540.83,71.74,138.44,1,-1,-1,-1
365,23,382.88,397.44,49.07,119.49,1,-1,-1,-1
365,21,528.03,366.99,52.21,117.80,1,-1,-1,-1
365,18,545.45,538.93,71.75,138.46,1,-1,-1,-1
366,23,383.57,396.04,49.04,120.46,1,-1,-1,-1
366,21,527.91,364.53,51.44,117.24,1,-1,-1,-1
366,18,544.60,537.04,71.75,138.47,1,-1,-1,-1
367,23,383.18,394.90,49.03,120.83,1,-1,-1,-1
367,21,527.25,362.34,52.39,117.68,1,-1,-1,-1
367,18,543.75,535.14,71.75,138.47,1,-1,-1,-1
368,23,383.69,393.86,49.02,120.97,1,-1,-1,-1
368,21,527.00,360.87,52.12,115.96,1,-1,-1,-1
368,18,542.90,533.25,71.76,138.47,1,-1,-1,-1
369,23,383.23,393.49,49.02,120.39,1,-1,-1,-1
369,21,526.94,358.41,53.27,115.96,1,-1,-1,-1
369,18,542.06,531.36,71.76,138.48,1,-1,-1,-1
370,23,382.40,392.70,49.01,118.29,1,-1,-1,-1
370,21,526.27,356.23,53.71,115.95,1,-1,-1,-1
370,18,541.92,526.15,70.17,137.13,1,-1,-1,-1
371,23,382.10,391.79,49.01,117.49,1,-1,-1,-1
371,21,526.04,354.79,54.50,115.33,1,-1,-1,-1
371,18,541.71,524.69,70.05,137.03,1,-1,-1,-1
372,23,381.97,390.16,48.38,116.55,1,-1,-1,-1
372,21,525.86,353.01,54.46,115.26,1,-1,-1,-1
372,18,542.27,522.85,69.39,136.37,1,-1,-1,-1
373,23,381.94,388.29,48.76,116.83,1,-1,-1,-1
373,21,525.67,351.21,54.45,115.23,1,-1,-1,-1
373,18,541.56,520.75,69.37,136.33,1,-1,-1,-1
374,23,380.65,386.30,49.53,116.32,1,-1,-1,-1
374,21,526.72,351.53,53.30,113.45,1,-1,-1,-1
374,18,539.42,519.66,69.10,135.35,1,-1,-1,-1
375,23,380.44,384.85,49.54,116.34,1,-1,-1,-1
375,21,526.86,349.98,53.10,114.42,1,-1,-1,-1
375,18,538.17,516.53,68.39,135.11,1,-1,-1,-1
376,23,380.81,382.34,49.15,116.81,1,-1,-1,-1
376,21,527.55,348.79,52.40,114.75,1,-1,-1,-1
376,18,535.79,513.46,68.76,134.40,1,-1,-1,-1
377,23,380.21,381.60,49.05,116.29,1,-1,-1,-1
377,21,527.82,347.07,52.14,114.25,1,-1,-1,-1
377,18,534.77,511.19,68.74,134.36,1,-1,-1,-1
378,23,380.00,380.68,49.02,115.48,1,-1,-1,-1
378,21,527.28,345.17,52.66,114.70,1,-1,-1,-1
378,18,533.74,508.91,68.73,134.34,1,-1,-1,-1
379,23,379.79,379.23,49.01,115.45,1,-1,-1,-1
379,21,527.08,342.55,52.86,114.87,1,-1,-1,-1
379,18,532.71,506.63,68.73,134.33,1,-1,-1,-1
380,23,379.57,377.78,49.00,115.44,1,-1,-1,-1
380,21,526.35,339.01,52.94,115.55,1,-1,-1,-1
380,18,531.67,504.35,68.72,134.33,1,-1,-1,-1
381,23,379.89,379.38,49.00,115.09,1,-1,-1,-1
381,21,526.06,337.71,52.35,115.19,1,-1,-1,-1
381,18,530.64,502.06,68.72,134.33,1,-1,-1,-1
382,23,380.57,379.41,48.35,115.02,1,-1,-1,-1
382,21,525.96,336.64,52.12,115.66,1,-1,-1,-1
382,18,529.61,499.77,68.72,134.33,1,-1,-1,-1
383,23,380.82,378.76,48.75,115.00,1,-1,-1,-1
383,21,525.79,334.94,52.10,115.60,1,-1,-1,-1
383,18,528.57,497.49,68.72,134.32,1,-1,-1,-1
384,23,380.26,377.25,48.91,115.62,1,-1,-1,-1
384,21,525.89,333.09,51.30,116.59,1,-1,-1,-1
384,18,527.54,495.20,68.72,134.32,1,-1,-1,-1
385,27,1.00,443.00,8.00,107.00,1,-1,-1,-1
385,23,380.05,376.05,48.96,115.23,1,-1,-1,-1
385,21,525.70,331.41,51.28,116.56,1,-1,-1,-1
385,18,526.50,492.91,68.72,134.32,1,-1,-1,-1
386,27,1.04,441.44,8.07,107.97,1,-1,-1,-1
386,23,379.99,374.32,49.61,115.09,1,-1,-1,-1
386,21,525.51,329.72,51.27,116.54,1,-1,-1,-1
386,18,527.89,497.64,68.05,130.34,1,-1,-1,-1
387,23,379.32,372.41,49.85,115.67,1,-1,-1,-1
387,21,525.32,328.03,51.27,116.53,1,-1,-1,-1
387,18,527.00,495.68,68.03,130.31,1,-1,-1,-1
388,23,379.08,369.78,50.58,117.15,1,-1,-1,-1
388,21,525.13,326.34,51.27,116.52,1,-1,-1,-1
388,18,524.51,492.35,70.25,130.09,1,-1,-1,-1
389,28,405.00,651.00,56.00,133.00,1,-1,-1,-1
389,23,379.63,366.89,50.23,118.31,1,-1,-1,-1
389,21,522.37,325.78,54.46,113.52,1,-1,-1,-1
389,18,524.49,489.48,68.82,131.91,1,-1,-1,-1
390,28,405.04,648.92,56.01,133.02,1,-1,-1,-1
390,23,379.84,365.82,50.10,118.14,1,-1,-1,-1
390,21,522.10,324.04,54.48,113.55,1,-1,-1,-1
390,18,523.19,486.52,68.94,133.21,1,-1,-1,-1
391,23,380.55,364.83,48.80,118.66,1,-1,-1,-1
391,21,521.83,322.31,54.48,113.56,1,-1,-1,-1
391,18,522.11,484.18,70.23,134.97,1,-1,-1,-1
392,23,380.82,363.86,48.31,119.49,1,-1,-1,-1
392,21,521.56,320.58,54.49,113.57,1,-1,-1,-1
392,18,521.10,482.69,71.33,135.01,1,-1,-1,-1
393,23,380.94,362.87,48.74,119.82,1,-1,-1,-1
393,21,521.29,318.85,54.49,113.57,1,-1,-1,-1
393,18,520.22,480.68,71.36,135.06,1,-1,-1,-1
394,23,380.97,362.51,48.28,118.70,1,-1,-1,-1
394,21,521.02,317.12,54.49,113.58,1,-1,-1,-1
394,18,519.35,478.68,71.37,135.08,1,-1,-1,-1
396,23,379.46,361.49,48.81,115.26,1,-1,-1,-1
396,21,523.71,316.75,51.37,111.24,1,-1,-1,-1
396,18,517.62,474.69,71.39,135.11,1,-1,-1,-1
397,23,379.12,360.08,48.93,114.45,1,-1,-1,-1
397,21,523.57,315.20,51.33,111.17,1,-1,-1,-1
397,18,516.75,472.70,71.39,135.11,1,-1,-1,-1
398,23,378.34,358.95,48.97,114.79,1,-1,-1,-1
398,21,523.43,313.63,51.31,111.13,1,-1,-1,-1
398,18,515.89,470.71,71.39,135.11,1,-1,-1,-1
399,23,378.05,356.62,48.99,115.54,1,-1,-1,-1
399,21,523.06,312.84,51.86,111.03,1,-1,-1,-1
399,18,515.02,468.72,71.39,135.12,1,-1,-1,-1
400,23,378.60,355.12,49.00,115.82,1,-1,-1,-1
400,21,522.33,309.74,53.24,111.02,1,-1,-1,-1
400,18,514.16,466.73,71.39,135.12,1,-1,-1,-1
401,23,378.16,353.92,49.00,115.31,1,-1,-1,-1
401,21,522.06,306.73,53.09,111.63,1,-1,-1,-1
401,18,513.29,464.74,71.39,135.12,1,-1,-1,-1
402,23,378.66,353.51,49.00,115.12,1,-1,-1,-1
402,21,521.32,304.35,53.66,112.50,1,-1,-1,-1
402,18,512.43,462.75,71.39,135.12,1,-1,-1,-1
403,23,378.19,352.09,49.00,115.04,1,-1,-1,-1
403,21,521.05,303.51,53.88,112.82,1,-1,-1,-1
403,18,511.57,460.76,71.39,135.12,1,-1,-1,-1
404,23,378.67,350.98,49.00,116.25,1,-1,-1,-1
404,21,522.85,302.56,51.48,111.71,1,-1,-1,-1
404,18,510.70,458.77,71.39,135.12,1,-1,-1,-1
405,23,378.86,350.57,49.00,116.10,1,-1,-1,-1
405,21,522.90,301.61,51.18,111.26,1,-1,-1,-1
405,18,509.84,456.78,71.39,135.12,1,-1,-1,-1
406,23,378.93,349.81,49.00,116.04,1,-1,-1,-1
406,21,522.26,301.31,50.44,111.09,1,-1,-1,-1
406,18,508.98,454.79,71.39,135.12,1,-1,-1,-1
407,23,378.96,348.90,49.00,116.01,1,-1,-1,-1
407,21,522.05,299.93,51.40,111.03,1,-1,-1,-1
407,18,508.11,452.81,71.39,135.12,1,-1,-1,-1
408,23,378.93,347.81,49.00,116.02,1,-1,-1,-1
408,21,521.31,298.81,51.15,111.00,1,-1,-1,-1
408,18,507.25,450.82,71.39,135.12,1,-1,-1,-1
410,23,378.98,345.90,49.00,114.42,1,-1,-1,-1
410,21,520.89,295.90,51.13,110.96,1,-1,-1,-1
410,18,505.52,446.84,71.39,135.12,1,-1,-1,-1
411,23,378.99,344.23,49.00,113.50,1,-1,-1,-1
411,21,520.68,294.44,51.13,110.95,1,-1,-1,-1
411,18,504.66,444.85,71.39,135.12,1,-1,-1,-1
412,23,379.65,342.99,48.99,112.55,1,-1,-1,-1
412,21,520.46,292.98,51.12,110.95,1,-1,-1,-1
412,18,503.79,442.86,71.39,135.12,1,-1,-1,-1
413,23,379.24,341.26,48.99,112.82,1,-1,-1,-1
413,21,520.25,291.52,51.12,110.94,1,-1,-1,-1
413,18,502.93,440.87,71.39,135.12,1,-1,-1,-1
414,23,379.08,339.35,48.99,112.92,1,-1,-1,-1
414,21,520.03,290.05,51.12,110.94,1,-1,-1,-1
414,18,502.06,438.88,71.39,135.12,1,-1,-1,-1
415,23,379.03,338.68,49.00,113.58,1,-1,-1,-1
415,21,519.82,288.59,51.12,110.94,1,-1,-1,-1
415,18,501.20,436.90,71.39,135.12,1,-1,-1,-1
416,23,379.00,337.83,49.00,114.45,1,-1,-1,-1
416,21,519.61,287.13,51.12,110.94,1,-1,-1,-1
416,18,500.34,434.91,71.39,135.12,1,-1,-1,-1
417,23,378.98,336.94,48.38,116.00,1,-1,-1,-1
417,21,519.39,285.66,51.12,110.94,1,-1,-1,-1
417,18,499.47,432.92,71.39,135.12,1,-1,-1,-1
418,23,378.99,336.58,48.76,114.75,1,-1,-1,-1
418,21,519.18,284.20,51.12,110.94,1,-1,-1,-1
418,18,498.61,430.93,71.39,135.12,1,-1,-1,-1
419,23,378.99,335.82,48.91,114.28,1,-1,-1,-1
419,21,518.96,282.73,51.12,110.94,1,-1,-1,-1
419,18,497.74,428.94,71.39,135.12,1,-1,-1,-1
420,23,378.34,334.90,48.96,113.48,1,-1,-1,-1
420,18,496.88,426.95,71.39,135.12,1,-1,-1,-1
421,29,1006.00,735.00,88.00,143.00,1,-1,-1,-1
421,23,378.75,333.91,48.98,112.55,1,-1,-1,-1
421,21,520.96,278.04,51.94,111.01,1,-1,-1,-1
421,18,496.02,424.96,71.39,135.12,1,-1,-1,-1
422,29,1003.07,733.98,88.09,143.81,1,-1,-1,-1
422,23,378.89,331.64,48.37,112.81,1,-1,-1,-1
422,21,520.96,276.12,51.32,109.68,1,-1,-1,-1
423,23,378.30,329.55,48.76,114.78,1,-1,-1,-1
423,21,520.97,274.18,51.75,110.51,1,-1,-1,-1
424,23,378.07,328.13,48.29,114.91,1,-1,-1,-1
424,21,520.92,272.55,51.75,110.52,1,-1,-1,-1
425,29,998.82,731.05,88.10,144.88,1,-1,-1,-1
425,23,378.64,326.34,48.11,115.57,1,-1,-1,-1
425,21,521.75,270.93,51.93,108.68,1,-1,-1,-1
426,29,997.74,730.07,88.10,145.70,1,-1,-1,-1
426,23,378.20,325.01,48.04,114.59,1,-1,-1,-1
426,21,521.79,269.22,51.93,108.67,1,-1,-1,-1
426,18,505.90,424.92,66.12,129.11,1,-1,-1,-1
427,29,995.30,727.01,88.85,148.67,1,-1,-1,-1
427,23,378.04,323.92,48.01,114.83,1,-1,-1,-1
427,21,521.83,267.51,51.93,108.67,1,-1,-1,-1
427,18,505.43,423.20,66.08,129.03,1,-1,-1,-1
428,29,992.52,725.17,90.33,147.87,1,-1,-1,-1
428,23,378.63,323.54,48.00,114.93,1,-1,-1,-1
428,21,521.87,265.80,51.93,108.67,1,-1,-1,-1
428,18,504.95,421.45,66.05,128.99,1,-1,-1,-1
429,29,990.61,723.72,90.71,148.50,1,-1,-1,-1
429,23,378.21,322.77,48.00,114.34,1,-1,-1,-1
429,21,521.90,264.09,51.93,108.67,1,-1,-1,-1
429,18,504.47,419.69,66.04,128.97,1,-1,-1,-1
430,29,988.18,720.45,90.94,147.44,1,-1,-1,-1
430,23,378.69,323.13,47.37,112.88,1,-1,-1,-1
430,21,521.94,262.38,51.92,108.67,1,-1,-1,-1
430,18,503.98,417.93,66.04,128.96,1,-1,-1,-1
431,29,986.32,718.85,91.08,147.68,1,-1,-1,-1
431,23,378.65,322.06,47.35,112.83,1,-1,-1,-1
431,21,521.98,260.67,51.92,108.67,1,-1,-1,-1
431,18,503.49,416.17,66.04,128.95,1,-1,-1,-1
432,29,984.50,717.31,91.16,147.79,1,-1,-1,-1
432,23,378.90,321.73,47.09,111.49,1,-1,-1,-1
432,21,522.02,258.95,51.92,108.67,1,-1,-1,-1
432,18,503.00,414.40,66.04,128.95,1,-1,-1,-1
433,29,983.75,709.24,90.30,151.17,1,-1,-1,-1
433,23,378.87,320.66,47.08,111.45,1,-1,-1,-1
433,21,522.06,257.24,51.92,108.67,1,-1,-1,-1
433,18,502.51,412.64,66.04,128.95,1,-1,-1,-1
434,29,981.98,707.16,90.38,151.31,1,-1,-1,-1
434,23,378.99,320.65,47.75,110.38,1,-1,-1,-1
434,21,522.10,255.53,51.92,108.67,1,-1,-1,-1
434,18,502.02,410.87,66.03,128.95,1,-1,-1,-1
435,29,980.24,705.13,90.42,151.38,1,-1,-1,-1
435,23,379.00,319.18,47.91,109.49,1,-1,-1,-1
435,18,501.53,409.11,66.03,128.95,1,-1,-1,-1
436,29,978.50,703.11,90.44,151.41,1,-1,-1,-1
436,23,378.35,317.38,47.96,109.80,1,-1,-1,-1
436,18,501.04,407.34,66.03,128.95,1,-1,-1,-1
437,23,378.76,316.06,47.98,109.30,1,-1,-1,-1
437,18,500.55,405.58,66.03,128.95,1,-1,-1,-1
438,30,843.00,735.00,67.00,141.00,1,-1,-1,-1
438,23,378.77,314.87,47.98,109.28,1,-1,-1,-1
438,18,500.06,403.81,66.03,128.95,1,-1,-1,-1
439,30,840.97,732.98,67.83,141.34,1,-1,-1,-1
439,23,378.95,313.13,47.99,108.35,1,-1,-1,-1
439,18,499.57,402.04,66.03,128.95,1,-1,-1,-1
440,30,839.77,731.13,67.33,141.78,1,-1,-1,-1
440,23,378.97,311.85,47.98,108.33,1,-1,-1,-1
440,18,499.08,400.28,66.03,128.95,1,-1,-1,-1
441,30,838.72,728.47,65.69,140.89,1,-1,-1,-1
441,23,378.98,310.56,47.98,108.32,1,-1,-1,-1
441,21,521.97,250.86,50.10,107.07,1,-1,-1,-1
441,18,498.59,398.51,66.03,128.95,1,-1,-1,-1
442,23,379.00,309.27,47.98,108.32,1,-1,-1,-1
442,21,521.95,249.50,50.08,107.04,1,-1,-1,-1
442,18,501.87,402.87,62.20,126.12,1,-1,-1,-1
443,23,379.00,310.68,48.00,109.71,1,-1,-1,-1
443,21,521.93,248.13,50.07,107.02,1,-1,-1,-1
443,18,501.14,401.08,61.40,124.04,1,-1,-1,-1
444,23,379.01,309.65,48.00,109.72,1,-1,-1,-1
444,21,521.90,246.75,50.07,107.01,1,-1,-1,-1
444,18,500.88,399.17,60.51,123.98,1,-1,-1,-1
445,23,379.03,308.63,48.01,109.72,1,-1,-1,-1
445,21,521.87,245.37,50.07,107.01,1,-1,-1,-1
445,18,501.41,396.55,58.94,123.95,1,-1,-1,-1
446,23,379.04,307.61,48.01,109.72,1,-1,-1,-1
446,21,521.85,244.00,50.07,107.01,1,-1,-1,-1
446,18,500.98,393.64,58.34,123.94,1,-1,-1,-1
447,23,377.25,306.91,48.00,108.29,1,-1,-1,-1
447,21,521.82,242.62,50.07,107.00,1,-1,-1,-1
447,18,500.83,391.31,58.11,124.55,1,-1,-1,-1
448,23,377.12,305.86,48.00,108.28,1,-1,-1,-1
448,21,521.79,241.24,50.07,107.00,1,-1,-1,-1
448,18,502.08,387.92,57.41,126.01,1,-1,-1,-1
449,23,377.00,304.81,47.99,108.27,1,-1,-1,-1
449,21,521.76,239.86,50.07,107.00,1,-1,-1,-1
449,18,501.95,386.04,58.38,127.22,1,-1,-1,-1
450,23,376.87,303.76,47.99,108.27,1,-1,-1,-1
450,21,521.73,238.48,50.07,107.00,1,-1,-1,-1
450,18,501.25,386.03,58.75,127.05,1,-1,-1,-1
451,23,376.74,302.71,47.99,108.27,1,-1,-1,-1
451,21,521.71,237.10,50.07,107.00,1,-1,-1,-1
451,18,501.00,384.79,58.89,127.61,1,-1,-1,-1
452,23,376.62,301.66,47.99,108.27,1,-1,-1,-1
452,21,521.68,235.73,50.07,107.00,1,-1,-1,-1
452,18,500.91,383.69,58.95,126.58,1,-1,-1,-1
453,23,376.49,300.61,47.99,108.27,1,-1,-1,-1
453,21,521.65,234.35,50.07,107.00,1,-1,-1,-1
453,18,500.85,382.68,57.72,126.19,1,-1,-1,-1
454,23,376.36,299.56,47.99,108.27,1,-1,-1,-1
454,21,521.62,232.97,50.07,107.00,1,-1,-1,-1
454,18,500.84,382.30,57.26,124.17,1,-1,-1,-1
455,23,376.24,298.50,47.99,108.27,1,-1,-1,-1
455,21,521.59,231.59,50.07,107.00,1,-1,-1,-1
455,18,500.20,380.87,57.08,122.15,1,-1,-1,-1
456,23,376.98,299.88,48.91,108.03,1,-1,-1,-1
456,21,521.56,230.21,50.07,107.00,1,-1,-1,-1
456,18,500.58,378.51,55.77,123.83,1,-1,-1,-1
457,23,377.00,299.65,49.63,106.69,1,-1,-1,-1
457,21,521.54,228.83,50.07,107.00,1,-1,-1,-1
457,18,500.10,377.00,55.89,124.51,1,-1,-1,-1
458,31,1092.00,593.00,58.00,133.00,1,-1,-1,-1
458,23,376.99,298.26,49.24,106.88,1,-1,-1,-1
458,18,498.64,374.54,56.56,126.02,1,-1,-1,-1
459,31,1092.09,592.06,58.83,134.04,1,-1,-1,-1
459,23,376.96,297.32,49.24,106.89,1,-1,-1,-1
459,18,497.44,373.01,56.82,126.59,1,-1,-1,-1
460,31,1092.09,592.66,58.98,133.48,1,-1,-1,-1
460,23,376.93,296.38,49.24,106.90,1,-1,-1,-1
460,18,497.00,371.81,56.91,126.19,1,-1,-1,-1
461,31,1091.30,592.04,58.98,132.54,1,-1,-1,-1
461,23,377.79,294.25,48.26,106.97,1,-1,-1,-1
461,18,496.87,371.41,57.57,126.04,1,-1,-1,-1
462,31,1091.03,591.91,59.02,132.88,1,-1,-1,-1
462,23,377.25,293.09,48.09,107.62,1,-1,-1,-1
462,18,496.18,371.30,57.82,125.98,1,-1,-1,-1
463,23,377.73,292.03,48.03,107.85,1,-1,-1,-1
463,18,495.93,370.64,57.92,125.34,1,-1,-1,-1
464,31,1090.17,592.57,60.56,132.47,1,-1,-1,-1
464,23,377.27,291.01,48.63,107.95,1,-1,-1,-1
464,18,495.86,370.41,58.57,124.47,1,-1,-1,-1
465,31,1090.01,592.76,60.88,131.62,1,-1,-1,-1
465,23,377.73,291.26,48.24,106.12,1,-1,-1,-1
465,18,495.18,369.05,58.20,123.53,1,-1,-1,-1
466,31,1089.96,592.15,60.99,131.32,1,-1,-1,-1
466,23,378.56,290.77,48.09,106.66,1,-1,-1,-1
466,18,495.59,367.89,58.06,121.92,1,-1,-1,-1
467,31,1089.97,592.56,61.65,129.95,1,-1,-1,-1
467,23,378.86,290.60,47.41,106.24,1,-1,-1,-1
467,18,495.10,365.55,58.00,121.93,1,-1,-1,-1
468,32,527.00,217.00,49.00,108.00,1,-1,-1,-1
468,31,1089.95,592.78,61.28,130.66,1,-1,-1,-1
468,23,378.99,290.55,47.77,105.46,1,-1,-1,-1
468,18,494.29,364.02,58.60,120.69,1,-1,-1,-1
469,32,528.71,217.20,48.19,107.67,1,-1,-1,-1
469,31,1089.96,592.86,61.78,131.61,1,-1,-1,-1
469,23,379.01,289.27,47.29,105.78,1,-1,-1,-1
469,18,493.98,360.28,58.22,122.07,1,-1,-1,-1
470,32,529.11,216.31,48.00,107.72,1,-1,-1,-1
470,31,1089.95,592.90,61.32,131.29,1,-1,-1,-1
470,23,379.04,288.78,47.73,104.66,1,-1,-1,-1
470,18,493.20,358.24,57.44,121.99,1,-1,-1,-1
471,32,529.96,216.05,47.96,107.80,1,-1,-1,-1
471,31,1090.60,593.60,60.51,131.13,1,-1,-1,-1
471,23,379.12,287.93,47.71,104.63,1,-1,-1,-1
471,18,492.92,355.59,57.15,123.19,1,-1,-1,-1
472,34,943.00,312.00,53.00,108.00,1,-1,-1,-1
472,33,592.00,407.00,58.00,112.00,1,-1,-1,-1
472,32,529.45,215.94,47.92,107.17,1,-1,-1,-1
472,31,1090.85,594.51,60.20,130.43,1,-1,-1,-1
472,23,379.20,287.07,47.70,104.61,1,-1,-1,-1
472,18,492.84,355.27,57.66,123.04,1,-1,-1,-1
473,34,942.03,311.86,52.94,107.20,1,-1,-1,-1
473,31,1090.95,596.15,60.07,129.54,1,-1,-1,-1
473,23,379.28,286.20,47.70,104.61,1,-1,-1,-1
473,18,492.16,354.56,57.23,122.97,1,-1,-1,-1
474,34,941.06,310.13,53.74,107.98,1,-1,-1,-1
474,31,1090.99,596.12,60.02,129.19,1,-1,-1,-1
474,23,379.36,285.34,47.70,104.60,1,-1,-1,-1
474,18,491.93,353.04,57.69,123.58,1,-1,-1,-1
475,34,940.88,310.45,54.67,108.30,1,-1,-1,-1
475,31,1091.01,595.45,60.65,130.36,1,-1,-1,-1
475,23,379.44,284.47,47.70,104.60,1,-1,-1,-1
475,18,490.56,351.86,58.49,123.81,1,-1,-1,-1
476,34,940.10,309.88,54.24,106.83,1,-1,-1,-1
476,31,1091.67,595.19,60.88,130.79,1,-1,-1,-1
476,23,376.36,281.15,50.58,103.22,1,-1,-1,-1
476,18,490.69,350.76,58.17,122.04,1,-1,-1,-1
477,34,940.58,309.74,54.08,106.30,1,-1,-1,-1
477,31,1091.93,595.08,61.60,130.98,1,-1,-1,-1
477,23,376.79,280.01,50.86,103.09,1,-1,-1,-1
477,18,490.76,349.11,58.05,121.98,1,-1,-1,-1
478,34,940.76,309.04,54.05,106.77,1,-1,-1,-1
478,31,1092.67,595.05,61.24,131.02,1,-1,-1,-1
478,23,377.55,280.26,49.70,102.42,1,-1,-1,-1
478,18,490.13,347.24,57.38,122.57,1,-1,-1,-1
479,34,940.15,308.15,54.05,107.59,1,-1,-1,-1
479,31,1092.94,595.69,61.11,131.04,1,-1,-1,-1
479,23,378.49,279.73,49.27,102.16,1,-1,-1,-1
479,18,489.92,345.26,57.75,122.18,1,-1,-1,-1
480,31,1094.33,595.30,60.43,131.65,1,-1,-1,-1
480,23,378.83,279.56,48.48,102.06,1,-1,-1,-1
480,18,489.55,343.71,57.71,122.09,1,-1,-1,-1
481,31,1094.20,594.49,60.17,131.88,1,-1,-1,-1
481,23,379.61,280.15,48.18,100.78,1,-1,-1,-1
481,18,489.05,342.82,57.92,122.74,1,-1,-1,-1
482,34,939.89,306.02,54.03,107.16,1,-1,-1,-1
482,31,1094.41,594.51,60.20,131.94,1,-1,-1,-1
482,23,379.89,278.47,47.45,100.90,1,-1,-1,-1
482,18,489.58,341.79,58.60,122.90,1,-1,-1,-1
483,34,939.64,305.34,54.06,107.22,1,-1,-1,-1
483,31,1094.64,594.55,60.21,131.97,1,-1,-1,-1
483,23,380.66,276.56,47.79,101.58,1,-1,-1,-1
483,18,489.11,340.76,58.84,122.33,1,-1,-1,-1
484,31,1096.64,593.31,60.06,133.58,1,-1,-1,-1
484,23,380.29,275.23,47.92,102.45,1,-1,-1,-1
484,18,489.60,339.77,58.93,122.11,1,-1,-1,-1
485,31,1097.01,592.42,60.68,133.88,1,-1,-1,-1
485,23,380.80,273.47,47.97,103.41,1,-1,-1,-1
485,18,489.16,339.43,59.59,122.04,1,-1,-1,-1
486,31,1097.14,591.45,60.89,133.99,1,-1,-1,-1
486,23,380.34,272.19,47.99,104.39,1,-1,-1,-1
486,18,488.99,338.04,59.84,122.01,1,-1,-1,-1
487,31,1097.18,591.08,60.97,133.40,1,-1,-1,-1
487,23,380.79,270.40,47.38,103.53,1,-1,-1,-1
487,18,489.56,337.54,58.69,121.37,1,-1,-1,-1
488,35,591.00,385.00,60.00,114.00,1,-1,-1,-1
488,31,1097.52,590.87,61.00,133.46,1,-1,-1,-1
488,23,379.69,269.13,48.38,104.45,1,-1,-1,-1
488,18,489.80,335.46,58.88,121.75,1,-1,-1,-1
489,35,590.97,384.06,59.98,113.97,1,-1,-1,-1
489,31,1098.74,591.65,61.00,131.66,1,-1,-1,-1
489,23,379.90,267.35,48.15,103.55,1,-1,-1,-1
489,18,489.24,334.04,58.95,121.27,1,-1,-1,-1
490,35,590.98,383.89,59.99,113.98,1,-1,-1,-1
490,31,1099.18,591.47,61.00,131.66,1,-1,-1,-1
490,23,380.64,266.71,48.06,103.21,1,-1,-1,-1
490,18,489.05,331.58,59.59,121.09,1,-1,-1,-1
491,35,590.22,383.83,59.16,111.72,1,-1,-1,-1
491,31,1099.61,591.29,61.00,131.67,1,-1,-1,-1
491,23,380.75,265.58,48.05,103.20,1,-1,-1,-1
491,18,488.95,328.72,58.60,120.41,1,-1,-1,-1
492,35,590.01,383.07,59.64,111.82,1,-1,-1,-1
492,31,1100.04,591.12,61.00,131.67,1,-1,-1,-1
492,23,380.95,266.39,47.29,102.33,1,-1,-1,-1
492,18,488.91,326.40,58.22,120.75,1,-1,-1,-1
493,35,590.63,382.20,58.47,111.01,1,-1,-1,-1
493,31,1100.47,590.94,61.00,131.67,1,-1,-1,-1
493,23,381.04,265.39,47.28,102.31,1,-1,-1,-1
493,18,488.89,325.57,57.46,120.88,1,-1,-1,-1
494,35,590.17,380.50,58.04,110.12,1,-1,-1,-1
494,31,1100.90,590.76,61.00,131.67,1,-1,-1,-1
494,23,381.13,264.39,47.28,102.30,1,-1,-1,-1
494,18,489.54,323.37,57.17,121.55,1,-1,-1,-1
495,35,590.02,379.88,57.86,108.51,1,-1,-1,-1
495,31,1104.71,589.98,60.10,128.41,1,-1,-1,-1
495,23,381.03,264.74,47.06,102.06,1,-1,-1,-1
495,18,489.78,321.96,56.44,122.42,1,-1,-1,-1
496,35,590.64,379.05,57.17,107.90,1,-1,-1,-1
496,31,1105.37,589.67,60.07,128.34,1,-1,-1,-1
496,23,381.09,263.84,47.05,102.05,1,-1,-1,-1
496,18,489.89,322.11,56.78,122.76,1,-1,-1,-1
497,35,590.86,377.45,56.28,107.65,1,-1,-1,-1
497,31,1106.03,589.35,60.05,128.30,1,-1,-1,-1
497,23,381.16,262.94,47.05,102.05,1,-1,-1,-1
497,18,489.92,321.59,56.29,123.50,1,-1,-1,-1
498,35,590.96,376.85,56.59,106.99,1,-1,-1,-1
498,31,1106.68,589.02,60.04,128.28,1,-1,-1,-1
498,23,381.22,262.04,47.05,102.05,1,-1,-1,-1
498,18,489.95,320.74,56.72,121.92,1,-1,-1,-1
499,36,935.00,290.00,56.00,105.00,1,-1,-1,-1
499,35,590.34,376.00,56.72,106.76,1,-1,-1,-1
499,31,1105.30,588.97,60.85,128.90,1,-1,-1,-1
499,23,381.28,261.14,47.05,102.05,1,-1,-1,-1
499,18,489.95,319.76,56.27,120.09,1,-1,-1,-1
500,36,934.91,289.03,56.11,105.87,1,-1,-1,-1
500,35,590.75,375.07,56.14,106.66,1,-1,-1,-1
500,31,1105.81,588.66,60.86,128.92,1,-1,-1,-1
500,23,381.34,260.23,47.05,102.05,1,-1,-1,-1
500,18,489.33,318.13,57.33,119.39,1,-1,-1,-1
501,36,934.91,288.09,56.14,106.77,1,-1,-1,-1
501,35,590.25,374.76,55.94,106.64,1,-1,-1,-1
501,31,1106.33,588.36,60.86,128.93,1,-1,-1,-1
501,23,381.41,259.33,47.05,102.04,1,-1,-1,-1
501,18,489.12,316.90,58.35,119.13,1,-1,-1,-1
502,36,934.21,287.75,56.77,106.47,1,-1,-1,-1
502,35,590.73,374.01,55.87,106.65,1,-1,-1,-1
502,31,1106.85,588.07,60.87,128.94,1,-1,-1,-1
502,23,381.47,258.43,47.05,102.04,1,-1,-1,-1
502,18,489.67,314.54,58.13,119.65,1,-1,-1,-1
503,36,934.00,287.68,57.69,107.10,1,-1,-1,-1
503,35,590.91,373.76,55.85,106.67,1,-1,-1,-1
503,31,1107.37,587.77,60.87,128.94,1,-1,-1,-1
503,23,382.00,258.88,47.90,100.20,1,-1,-1,-1
503,18,489.87,312.43,57.43,121.07,1,-1,-1,-1
504,35,590.97,373.68,55.20,105.40,1,-1,-1,-1
504,31,1107.88,587.48,60.87,128.94,1,-1,-1,-1
504,23,382.04,259.36,47.97,99.41,1,-1,-1,-1
504,18,489.85,310.98,57.40,121.02,1,-1,-1,-1
506,35,589.50,368.24,57.91,108.68,1,-1,-1,-1
506,31,1108.92,586.89,60.87,128.94,1,-1,-1,-1
506,23,382.28,257.77,47.96,99.40,1,-1,-1,-1
506,18,489.82,308.07,57.38,120.98,1,-1,-1,-1
507,36,931.20,287.69,58.92,106.46,1,-1,-1,-1
507,35,589.45,367.26,57.77,108.41,1,-1,-1,-1
507,31,1109.44,586.60,60.87,128.94,1,-1,-1,-1
507,23,382.40,256.97,47.96,99.40,1,-1,-1,-1
507,18,489.80,306.60,57.38,120.97,1,-1,-1,-1
509,36,930.32,286.92,59.38,107.29,1,-1,-1,-1
509,35,588.21,363.34,57.93,108.04,1,-1,-1,-1
509,31,1110.48,586.01,60.87,128.95,1,-1,-1,-1
509,23,382.64,255.38,47.96,99.40,1,-1,-1,-1
509,18,489.75,303.67,57.37,120.96,1,-1,-1,-1
510,36,929.13,285.21,59.06,106.23,1,-1,-1,-1
510,35,589.35,362.71,56.64,106.64,1,-1,-1,-1
510,23,382.75,254.59,47.96,99.40,1,-1,-1,-1
510,18,488.13,305.71,57.93,119.22,1,-1,-1,-1
511,36,928.66,284.75,59.12,106.34,1,-1,-1,-1
511,35,589.08,361.23,56.21,108.03,1,-1,-1,-1
511,31,1107.14,588.89,61.93,129.02,1,-1,-1,-1
511,23,382.87,253.79,47.96,99.40,1,-1,-1,-1
511,18,487.99,305.49,57.32,118.42,1,-1,-1,-1
512,35,588.33,361.34,56.04,107.94,1,-1,-1,-1
512,31,1107.81,588.94,61.32,129.01,1,-1,-1,-1
512,23,382.99,252.99,47.96,99.40,1,-1,-1,-1
512,18,488.58,304.07,56.49,117.53,1,-1,-1,-1
513,35,588.15,360.33,55.95,107.75,1,-1,-1,-1
513,31,1109.33,588.32,60.49,129.62,1,-1,-1,-1
513,23,381.14,249.17,49.82,100.88,1,-1,-1,-1
513,18,488.17,302.25,56.80,116.56,1,-1,-1,-1
514,35,587.99,361.38,55.97,107.91,1,-1,-1,-1
514,31,1110.53,588.07,59.56,129.22,1,-1,-1,-1
514,23,381.18,248.21,49.83,100.90,1,-1,-1,-1
514,18,488.05,300.89,56.79,116.53,1,-1,-1,-1
515,35,587.93,361.51,55.98,107.94,1,-1,-1,-1
515,31,1112.27,587.38,59.22,130.92,1,-1,-1,-1
515,23,381.23,247.25,49.84,100.92,1,-1,-1,-1
515,18,487.93,299.53,56.78,116.52,1,-1,-1,-1
516,35,587.91,360.25,55.98,107.95,1,-1,-1,-1
516,31,1114.20,586.50,57.84,132.17,1,-1,-1,-1
516,23,381.28,246.30,49.84,100.92,1,-1,-1,-1
516,18,487.80,298.15,56.78,116.51,1,-1,-1,-1
517,35,587.74,359.44,55.93,107.87,1,-1,-1,-1
517,31,1114.91,586.16,57.31,132.66,1,-1,-1,-1
517,23,381.33,245.36,49.85,100.93,1,-1,-1,-1
517,18,487.68,296.78,56.77,116.51,1,-1,-1,-1
518,35,587.13,356.56,55.97,106.49,1,-1,-1,-1
518,31,1115.17,586.01,57.11,132.23,1,-1,-1,-1
518,23,381.38,244.41,49.85,100.93,1,-1,-1,-1
518,18,487.55,295.41,56.77,116.51,1,-1,-1,-1
519,35,586.96,353.81,55.33,105.50,1,-1,-1,-1
519,31,1115.24,586.60,57.03,131.45,1,-1,-1,-1
519,23,381.43,243.46,49.85,100.93,1,-1,-1,-1
519,18,487.42,294.03,56.77,116.50,1,-1,-1,-1
520,35,586.92,352.20,55.73,105.79,1,-1,-1,-1
520,31,1114.62,587.46,57.62,130.53,1,-1,-1,-1
520,23,381.48,242.52,49.85,100.93,1,-1,-1,-1
520,18,489.86,294.88,57.87,117.84,1,-1,-1,-1
521,35,586.90,351.63,55.26,105.26,1,-1,-1,-1
521,31,1115.04,587.43,57.60,130.48,1,-1,-1,-1
521,23,381.53,241.57,49.85,100.93,1,-1,-1,-1
521,18,489.99,293.89,57.96,117.30,1,-1,-1,-1
522,35,587.55,350.80,55.08,105.06,1,-1,-1,-1
522,31,1118.09,590.15,54.24,129.37,1,-1,-1,-1
522,23,381.58,240.63,49.85,100.93,1,-1,-1,-1
522,18,490.68,292.24,57.99,117.12,1,-1,-1,-1
523,35,587.16,349.21,55.63,104.99,1,-1,-1,-1
523,31,1118.61,590.34,54.20,129.26,1,-1,-1,-1
523,23,381.63,239.68,49.85,100.93,1,-1,-1,-1
523,18,490.94,290.97,58.00,115.80,1,-1,-1,-1
524,35,587.02,348.66,55.85,105.60,1,-1,-1,-1
524,31,1119.12,590.50,54.18,129.20,1,-1,-1,-1
524,23,381.68,238.73,49.85,100.93,1,-1,-1,-1
524,18,491.02,289.24,57.38,115.92,1,-1,-1,-1
525,35,586.98,347.83,56.56,105.84,1,-1,-1,-1
525,31,1119.62,590.65,54.17,129.18,1,-1,-1,-1
525,23,381.73,237.79,49.85,100.93,1,-1,-1,-1
525,18,491.04,287.34,57.15,116.59,1,-1,-1,-1
526,35,586.32,347.54,56.82,105.30,1,-1,-1,-1
526,31,1120.12,590.79,54.16,129.16,1,-1,-1,-1
526,23,381.78,236.84,49.85,100.93,1,-1,-1,-1
526,18,491.03,286.62,56.44,115.60,1,-1,-1,-1
527,35,586.71,346.82,56.30,105.09,1,-1,-1,-1
527,31,1120.61,590.93,54.16,129.16,1,-1,-1,-1
527,23,381.83,235.89,49.85,100.93,1,-1,-1,-1
527,18,490.39,285.11,56.78,115.85,1,-1,-1,-1
528,35,586.62,345.79,56.27,105.04,1,-1,-1,-1
528,31,1121.11,591.06,54.16,129.15,1,-1,-1,-1
528,23,381.02,238.93,49.99,101.00,1,-1,-1,-1
528,18,490.13,284.58,56.30,115.94,1,-1,-1,-1
529,35,586.10,344.93,55.34,104.26,1,-1,-1,-1
529,31,1121.60,591.20,54.16,129.15,1,-1,-1,-1
529,23,381.01,239.43,50.00,101.00,1,-1,-1,-1
529,18,490.67,284.38,55.49,114.73,1,-1,-1,-1
530,35,585.99,343.97,55.75,104.72,1,-1,-1,-1
530,31,1121.91,589.15,50.40,128.95,1,-1,-1,-1
530,23,380.99,239.57,49.37,100.37,1,-1,-1,-1
530,18,490.22,284.36,55.18,114.27,1,-1,-1,-1
531,35,585.95,341.66,55.90,104.25,1,-1,-1,-1
531,31,1122.28,589.17,50.37,128.87,1,-1,-1,-1
531,23,380.97,238.98,49.37,100.37,1,-1,-1,-1
531,18,490.16,283.24,55.17,114.24,1,-1,-1,-1
532,35,585.94,339.52,55.95,104.08,1,-1,-1,-1
532,31,1122.65,589.17,50.35,128.83,1,-1,-1,-1
532,23,380.95,238.38,49.37,100.36,1,-1,-1,-1
532,18,490.09,282.11,55.16,114.23,1,-1,-1,-1
538,35,585.24,332.02,55.81,103.82,1,-1,-1,-1
538,31,1124.81,589.11,50.31,128.71,1,-1,-1,-1
538,23,380.81,234.80,49.36,100.35,1,-1,-1,-1
538,18,489.69,275.33,55.14,114.18,1,-1,-1,-1
539,35,585.12,330.76,55.80,103.79,1,-1,-1,-1
539,31,1125.16,589.09,50.30,128.70,1,-1,-1,-1
539,23,380.79,234.21,49.36,100.35,1,-1,-1,-1
539,18,489.62,274.20,55.14,114.18,1,-1,-1,-1
541,35,584.87,328.23,55.79,103.77,1,-1,-1,-1
541,31,1125.88,589.06,50.30,128.69,1,-1,-1,-1
541,23,380.75,233.01,49.36,100.35,1,-1,-1,-1
541,18,489.48,271.94,55.14,114.17,1,-1,-1,-1
542,35,584.75,326.96,55.78,103.77,1,-1,-1,-1
542,31,1126.23,589.04,50.30,128.69,1,-1,-1,-1
542,23,380.72,232.41,49.36,100.35,1,-1,-1,-1
542,18,489.41,270.80,55.14,114.17,1,-1,-1,-1
543,37,195.00,292.00,52.00,104.00,1,-1,-1,-1
543,35,584.62,325.69,55.78,103.76,1,-1,-1,-1
543,31,1126.59,589.02,50.30,128.69,1,-1,-1,-1
543,23,380.70,231.82,49.36,100.35,1,-1,-1,-1
543,18,489.34,269.67,55.14,114.17,1,-1,-1,-1
544,37,195.14,292.02,52.02,104.04,1,-1,-1,-1
544,35,584.49,324.41,55.78,103.76,1,-1,-1,-1
544,31,1126.95,589.00,50.30,128.69,1,-1,-1,-1
544,23,380.68,231.22,49.36,100.35,1,-1,-1,-1
544,18,489.27,268.54,55.14,114.17,1,-1,-1,-1
546,35,584.24,321.87,55.78,103.76,1,-1,-1,-1
546,31,1127.66,588.96,50.30,128.69,1,-1,-1,-1
546,23,380.63,230.02,49.36,100.35,1,-1,-1,-1
546,18,491.00,266.96,56.90,113.07,1,-1,-1,-1
547,37,199.72,291.38,49.42,104.31,1,-1,-1,-1
547,31,1128.01,588.94,50.30,128.69,1,-1,-1,-1
547,23,380.61,229.43,49.36,100.35,1,-1,-1,-1
547,18,491.07,265.83,56.91,113.09,1,-1,-1,-1
549,35,586.95,328.82,55.03,102.07,1,-1,-1,-1
549,31,1128.72,588.90,50.30,128.69,1,-1,-1,-1
549,23,380.56,228.23,49.36,100.35,1,-1,-1,-1
549,18,492.68,262.25,55.38,113.01,1,-1,-1,-1
550,35,586.96,328.05,55.01,102.04,1,-1,-1,-1
550,31,1129.08,588.88,50.30,128.69,1,-1,-1,-1
550,23,380.54,227.63,49.36,100.35,1,-1,-1,-1
550,18,492.81,261.02,55.38,113.00,1,-1,-1,-1
551,35,588.58,327.83,55.75,101.26,1,-1,-1,-1
551,31,1129.44,588.86,50.30,128.69,1,-1,-1,-1
551,23,380.52,227.03,49.36,100.35,1,-1,-1,-1
551,18,492.94,259.78,55.37,112.99,1,-1,-1,-1
552,35,588.23,327.05,55.27,102.36,1,-1,-1,-1
552,23,380.50,226.44,49.36,100.35,1,-1,-1,-1
552,18,493.92,261.41,57.46,111.41,1,-1,-1,-1
553,35,588.13,325.45,55.73,102.13,1,-1,-1,-1
553,23,380.47,225.84,49.36,100.35,1,-1,-1,-1
553,18,493.40,261.46,57.81,111.15,1,-1,-1,-1
554,35,588.08,324.22,55.90,102.05,1,-1,-1,-1
554,23,380.45,225.24,49.36,100.35,1,-1,-1,-1
554,18,493.23,261.46,58.55,110.43,1,-1,-1,-1
555,35,588.05,323.15,55.34,102.63,1,-1,-1,-1
555,23,380.43,224.64,49.36,100.35,1,-1,-1,-1
555,18,494.46,261.47,58.21,109.55,1,-1,-1,-1
556,35,588.10,322.30,55.34,102.63,1,-1,-1,-1
556,23,380.40,224.05,49.36,100.35,1,-1,-1,-1
556,18,494.26,261.50,58.08,109.21,1,-1,-1,-1
557,35,588.16,321.45,55.34,102.63,1,-1,-1,-1
557,23,380.38,223.45,49.36,100.35,1,-1,-1,-1
557,18,494.83,260.88,58.03,108.46,1,-1,-1,-1
558,35,587.17,319.28,54.28,102.91,1,-1,-1,-1
558,23,380.36,222.85,49.36,100.35,1,-1,-1,-1
558,18,495.67,259.38,57.39,108.79,1,-1,-1,-1
559,35,587.09,318.34,54.28,102.89,1,-1,-1,-1
559,23,380.34,222.25,49.36,100.35,1,-1,-1,-1
559,18,495.99,258.83,57.15,108.92,1,-1,-1,-1
560,35,587.01,317.39,54.27,102.88,1,-1,-1,-1
560,23,380.31,221.66,49.36,100.35,1,-1,-1,-1
560,18,496.73,257.35,56.44,108.96,1,-1,-1,-1
561,35,588.65,319.42,53.26,102.17,1,-1,-1,-1
561,23,380.29,221.06,49.36,100.35,1,-1,-1,-1
561,18,497.00,256.82,56.16,108.98,1,-1,-1,-1
562,35,588.89,318.90,53.09,102.05,1,-1,-1,-1
562,23,380.27,220.46,49.36,100.35,1,-1,-1,-1
562,18,497.07,256.02,54.82,109.59,1,-1,-1,-1
563,35,588.98,319.38,53.03,102.01,1,-1,-1,-1
563,23,380.24,219.86,49.36,100.35,1,-1,-1,-1
563,18,497.74,255.70,54.31,108.59,1,-1,-1,-1
564,35,588.35,318.94,53.01,102.61,1,-1,-1,-1
564,23,380.22,219.27,49.36,100.35,1,-1,-1,-1
564,18,497.33,254.97,54.11,108.83,1,-1,-1,-1
565,35,588.12,318.11,53.00,101.60,1,-1,-1,-1
565,23,380.20,218.67,49.36,100.35,1,-1,-1,-1
565,18,496.53,255.36,54.65,108.30,1,-1,-1,-1
566,35,588.01,316.53,52.37,101.83,1,-1,-1,-1
566,18,496.23,254.87,54.86,108.10,1,-1,-1,-1
567,35,587.94,315.83,52.35,101.79,1,-1,-1,-1
567,18,496.09,255.99,54.32,106.79,1,-1,-1,-1
568,35,587.87,315.13,52.34,101.77,1,-1,-1,-1
568,18,496.06,255.14,54.73,106.91,1,-1,-1,-1
569,35,587.79,314.42,52.34,101.76,1,-1,-1,-1
569,18,496.04,254.16,54.89,105.71,1,-1,-1,-1
570,35,587.72,313.70,52.33,101.75,1,-1,-1,-1
570,18,495.38,252.52,54.95,105.87,1,-1,-1,-1
571,38,1128.00,612.00,44.00,133.00,1,-1,-1,-1
571,35,587.64,312.99,52.33,101.75,1,-1,-1,-1
571,18,495.78,251.90,54.97,105.32,1,-1,-1,-1
572,38,1127.15,611.92,44.77,133.31,1,-1,-1,-1
572,35,587.56,312.27,52.33,101.75,1,-1,-1,-1
572,18,495.94,251.69,54.98,105.10,1,-1,-1,-1
573,39,409.00,334.00,65.00,115.00,1,-1,-1,-1
573,38,1127.80,613.66,44.16,131.48,1,-1,-1,-1
573,35,587.48,311.56,52.33,101.75,1,-1,-1,-1
573,18,497.28,250.35,54.37,105.63,1,-1,-1,-1
574,38,1127.96,614.14,44.02,131.69,1,-1,-1,-1
574,35,587.40,310.85,52.33,101.75,1,-1,-1,-1
574,18,497.79,249.87,54.13,105.84,1,-1,-1,-1
575,38,1128.01,614.24,43.98,131.80,1,-1,-1,-1
575,35,587.32,310.13,52.33,101.75,1,-1,-1,-1
575,18,498.62,249.69,53.42,105.30,1,-1,-1,-1
576,38,1128.04,614.19,43.94,130.52,1,-1,-1,-1
576,35,587.24,309.42,52.33,101.75,1,-1,-1,-1
576,18,498.31,249.65,54.39,105.10,1,-1,-1,-1
577,40,216.00,275.00,50.00,101.00,1,-1,-1,-1
577,38,1128.04,614.18,43.95,130.73,1,-1,-1,-1
577,18,498.82,248.37,54.14,105.64,1,-1,-1,-1
578,18,499.01,246.61,54.05,106.46,1,-1,-1,-1
579,40,215.95,275.09,49.16,100.81,1,-1,-1,-1
579,18,499.71,246.61,53.39,106.16,1,-1,-1,-1
580,40,215.98,275.04,48.98,100.13,1,-1,-1,-1
580,38,1128.04,615.87,43.94,130.02,1,-1,-1,-1
580,18,499.32,245.32,53.14,106.04,1,-1,-1,-1
581,40,217.46,274.31,48.96,100.61,1,-1,-1,-1
581,38,1128.03,615.38,43.96,129.94,1,-1,-1,-1
581,35,586.05,304.98,53.90,100.11,1,-1,-1,-1
581,18,499.80,244.86,52.42,105.99,1,-1,-1,-1
582,40,217.96,274.04,48.94,100.14,1,-1,-1,-1
582,38,1128.02,615.90,43.97,130.55,1,-1,-1,-1
582,35,585.97,304.17,53.91,100.12,1,-1,-1,-1
582,18,499.98,243.37,52.15,104.73,1,-1,-1,-1
583,38,1128.02,617.40,43.97,130.15,1,-1,-1,-1
583,35,585.89,303.36,53.91,100.12,1,-1,-1,-1
583,18,500.68,241.59,51.43,106.09,1,-1,-1,-1
584,40,218.15,273.12,48.94,99.94,1,-1,-1,-1
584,38,1128.06,617.85,43.91,129.99,1,-1,-1,-1
584,35,585.81,302.56,53.91,100.12,1,-1,-1,-1
584,18,500.32,240.93,52.39,107.26,1,-1,-1,-1
585,38,1127.99,618.15,43.25,132.14,1,-1,-1,-1
585,35,585.73,301.75,53.91,100.13,1,-1,-1,-1
585,18,500.18,240.72,52.76,107.70,1,-1,-1,-1
586,38,1128.66,619.58,43.09,132.66,1,-1,-1,-1
586,35,585.65,300.95,53.91,100.13,1,-1,-1,-1
586,18,500.74,240.67,51.66,107.86,1,-1,-1,-1
587,38,1128.90,619.40,43.02,132.22,1,-1,-1,-1
587,35,585.57,300.15,53.91,100.13,1,-1,-1,-1
587,18,501.61,239.39,51.87,109.16,1,-1,-1,-1
588,38,1128.33,619.34,43.00,132.68,1,-1,-1,-1
588,35,585.49,299.34,53.91,100.13,1,-1,-1,-1
588,18,502.59,238.29,51.94,110.28,1,-1,-1,-1
589,38,1128.11,618.62,42.99,132.23,1,-1,-1,-1
589,35,585.41,298.54,53.91,100.13,1,-1,-1,-1
589,18,502.32,237.21,52.59,109.47,1,-1,-1,-1
590,38,1128.03,619.01,42.99,132.69,1,-1,-1,-1
590,35,585.33,297.73,53.91,100.13,1,-1,-1,-1
590,18,501.56,235.53,52.84,109.79,1,-1,-1,-1
591,38,1128.00,620.44,42.99,132.23,1,-1,-1,-1
591,35,585.25,296.93,53.91,100.13,1,-1,-1,-1
591,18,500.64,235.53,54.17,108.02,1,-1,-1,-1
592,38,1127.97,620.90,42.97,132.17,1,-1,-1,-1
592,35,585.17,296.13,53.91,100.13,1,-1,-1,-1
592,18,500.27,234.88,54.06,106.75,1,-1,-1,-1
593,38,1127.94,621.36,42.96,132.14,1,-1,-1,-1
593,35,585.09,295.32,53.91,100.13,1,-1,-1,-1
593,18,500.76,233.99,53.40,105.65,1,-1,-1,-1
594,38,1127.91,621.80,42.95,132.12,1,-1,-1,-1
594,35,585.01,294.52,53.91,100.13,1,-1,-1,-1
594,18,501.60,232.37,53.14,105.23,1,-1,-1,-1
595,18,501.28,231.14,53.66,105.07,1,-1,-1,-1
596,18,500.52,230.69,54.48,104.39,1,-1,-1,-1
597,38,1128.01,623.84,43.86,128.50,1,-1,-1,-1
597,18,500.22,231.19,54.80,103.51,1,-1,-1,-1
598,38,1128.01,623.40,43.95,129.49,1,-1,-1,-1
598,18,500.76,231.40,54.91,103.18,1,-1,-1,-1
599,38,1128.02,623.73,43.95,129.49,1,-1,-1,-1
599,18,501.60,230.86,54.34,103.05,1,-1,-1,-1
600,38,1128.01,624.00,43.99,129.13,1,-1,-1,-1
600,18,502.57,231.34,54.12,103.00,1,-1,-1,-1
601,38,1128.03,624.32,43.98,129.13,1,-1,-1,-1
601,18,503.58,231.54,54.04,102.98,1,-1,-1,-1
602,38,1128.04,624.63,43.98,129.12,1,-1,-1,-1
602,18,503.94,230.32,53.38,102.35,1,-1,-1,-1
603,38,1128.05,624.94,43.98,129.12,1,-1,-1,-1
603,18,504.67,229.86,51.27,101.50,1,-1,-1,-1
604,38,1128.07,625.25,43.98,129.12,1,-1,-1,-1
604,18,505.60,229.10,50.47,102.38,1,-1,-1,-1
605,18,505.29,226.87,50.16,102.73,1,-1,-1,-1
606,18,505.79,225.42,48.81,103.46,1,-1,-1,-1
609,38,1127.07,626.00,44.91,128.12,1,-1,-1,-1
609,18,506.29,223.11,48.66,103.15,1,-1,-1,-1
610,38,1126.34,626.06,45.63,128.07,1,-1,-1,-1
610,18,506.44,222.32,48.64,103.10,1,-1,-1,-1
611,38,1126.74,626.09,45.24,128.03,1,-1,-1,-1
611,18,506.59,221.51,48.62,103.07,1,-1,-1,-1
613,38,1126.67,626.44,45.26,128.10,1,-1,-1,-1
613,18,507.84,222.73,45.40,100.33,1,-1,-1,-1
615,38,1126.61,626.81,45.28,128.13,1,-1,-1,-1
615,18,508.06,221.36,45.35,100.21,1,-1,-1,-1
616,38,1126.58,627.00,45.28,128.14,1,-1,-1,-1
616,18,508.17,220.66,45.33,100.18,1,-1,-1,-1
617,41,331.00,748.00,66.00,130.00,1,-1,-1,-1
617,38,1126.96,627.01,45.03,128.01,1,-1,-1,-1
617,18,508.27,219.95,45.33,100.16,1,-1,-1,-1
618,41,330.78,746.43,65.28,131.21,1,-1,-1,-1
618,38,1126.98,627.75,45.01,128.00,1,-1,-1,-1
618,18,508.37,219.24,45.32,100.15,1,-1,-1,-1
619,41,330.01,745.13,65.89,132.65,1,-1,-1,-1
619,38,1126.99,628.00,45.01,128.62,1,-1,-1,-1
619,18,508.47,218.53,45.32,100.15,1,-1,-1,-1
620,41,329.06,744.03,66.04,133.03,1,-1,-1,-1
620,38,1126.99,628.26,45.01,128.62,1,-1,-1,-1
620,18,508.56,217.81,45.32,100.15,1,-1,-1,-1
621,41,328.76,743.84,65.42,133.68,1,-1,-1,-1
621,38,1126.98,628.51,45.01,128.63,1,-1,-1,-1
621,18,508.66,217.10,45.32,100.15,1,-1,-1,-1
622,41,328.71,743.08,65.18,133.92,1,-1,-1,-1
622,38,1126.98,628.76,45.01,128.63,1,-1,-1,-1
622,18,508.76,216.38,45.32,100.15,1,-1,-1,-1
623,41,328.69,742.23,64.47,135.23,1,-1,-1,-1
623,38,1126.97,629.01,45.01,128.63,1,-1,-1,-1
623,18,508.86,215.67,45.32,100.14,1,-1,-1,-1
640,42,1013.00,742.00,73.00,136.00,1,-1,-1,-1
641,42,1011.85,741.14,72.23,135.80,1,-1,-1,-1
642,42,1010.80,740.29,71.35,136.32,1,-1,-1,-1
656,43,990.00,525.00,59.00,124.00,1,-1,-1,-1
657,44,568.00,233.00,45.00,95.00,1,-1,-1,-1
657,43,989.09,524.74,58.82,121.61,1,-1,-1,-1
658,43,988.05,523.99,58.04,120.06,1,-1,-1,-1
660,45,616.00,405.00,54.00,112.00,1,-1,-1,-1
661,45,615.90,403.05,53.28,111.89,1,-1,-1,-1
662,45,615.12,400.10,53.80,112.09,1,-1,-1,-1
663,45,614.91,397.92,53.99,112.81,1,-1,-1,-1
664,45,615.62,396.60,53.28,110.86,1,-1,-1,-1
665,45,615.88,395.56,53.04,110.19,1,-1,-1,-1
666,45,615.95,393.92,52.98,110.62,1,-1,-1,-1
667,45,616.67,392.73,52.96,110.79,1,-1,-1,-1
668,45,616.94,392.36,52.95,110.22,1,-1,-1,-1
669,45,617.01,391.66,52.32,110.60,1,-1,-1,-1
670,45,617.04,390.77,52.07,110.12,1,-1,-1,-1
674,45,616.16,383.30,51.95,109.88,1,-1,-1,-1
675,45,615.38,381.22,52.60,109.26,1,-1,-1,-1
676,45,616.42,379.88,52.19,109.02,1,-1,-1,-1
677,45,617.45,377.48,51.41,109.53,1,-1,-1,-1
678,46,565.00,206.00,45.00,95.00,1,-1,-1,-1
678,45,618.49,375.97,50.48,109.09,1,-1,-1,-1
679,46,564.99,206.02,44.94,94.88,1,-1,-1,-1
679,45,618.65,374.40,50.36,108.81,1,-1,-1,-1
680,46,565.02,205.96,44.91,94.19,1,-1,-1,-1
680,45,618.18,372.22,50.84,111.15,1,-1,-1,-1
681,45,618.09,371.53,50.94,111.04,1,-1,-1,-1
682,45,618.06,371.31,50.97,111.00,1,-1,-1,-1
683,45,617.40,370.60,51.61,111.01,1,-1,-1,-1
684,47,1127.00,622.00,45.00,130.00,1,-1,-1,-1
684,45,617.14,369.07,51.22,110.37,1,-1,-1,-1
685,47,1127.07,622.09,44.93,129.81,1,-1,-1,-1
685,45,617.04,368.51,51.07,108.86,1,-1,-1,-1
686,45,617.02,366.38,51.64,108.31,1,-1,-1,-1
687,45,616.36,364.97,51.86,108.73,1,-1,-1,-1
688,45,616.11,362.53,51.94,108.89,1,-1,-1,-1
689,45,616.00,360.35,51.35,108.93,1,-1,-1,-1
690,48,565.00,195.00,44.00,93.00,1,-1,-1,-1
690,45,615.91,358.77,51.33,108.88,1,-1,-1,-1
693,45,615.61,353.99,51.29,108.81,1,-1,-1,-1
694,45,615.51,352.38,51.28,108.80,1,-1,-1,-1
695,49,82.00,438.00,56.00,116.00,1,-1,-1,-1
695,45,613.24,354.68,53.69,110.81,1,-1,-1,-1
696,49,83.04,437.07,55.23,115.77,1,-1,-1,-1
696,45,613.67,353.14,52.59,110.94,1,-1,-1,-1
697,49,83.92,435.42,54.34,116.27,1,-1,-1,-1
697,45,613.16,351.28,52.23,110.37,1,-1,-1,-1
698,49,84.98,434.03,54.72,116.05,1,-1,-1,-1
698,45,613.63,349.33,52.10,110.78,1,-1,-1,-1
699,45,613.81,347.96,52.04,110.31,1,-1,-1,-1
700,45,613.88,346.20,52.02,110.75,1,-1,-1,-1
703,45,613.94,342.79,52.81,110.19,1,-1,-1,-1
704,45,613.97,343.14,52.94,109.44,1,-1,-1,-1
705,45,613.97,341.96,52.99,109.81,1,-1,-1,-1
706,45,613.98,340.90,53.00,109.94,1,-1,-1,-1
707,50,565.00,181.00,44.00,90.00,1,-1,-1,-1
707,45,613.98,339.89,53.01,110.00,1,-1,-1,-1
708,50,565.95,179.86,43.94,89.20,1,-1,-1,-1
708,45,613.33,339.53,53.01,109.39,1,-1,-1,-1
709,50,565.25,178.96,44.00,89.75,1,-1,-1,-1
709,45,613.08,338.11,53.01,108.54,1,-1,-1,-1
710,50,565.05,177.98,44.01,89.93,1,-1,-1,-1
710,45,612.98,336.89,53.02,108.57,1,-1,-1,-1
711,45,612.88,335.68,53.03,108.58,1,-1,-1,-1
712,51,506.00,422.00,56.00,122.00,1,-1,-1,-1
712,45,612.79,334.47,53.03,108.59,1,-1,-1,-1
713,51,506.03,420.78,56.72,121.44,1,-1,-1,-1
713,45,612.69,333.27,53.04,108.59,1,-1,-1,-1
714,52,1126.00,617.00,46.00,135.00,1,-1,-1,-1
714,51,506.04,420.66,56.93,121.23,1,-1,-1,-1
714,50,564.98,174.93,44.01,90.00,1,-1,-1,-1
714,45,612.59,332.07,53.04,108.60,1,-1,-1,-1
715,51,505.91,419.42,55.66,122.15,1,-1,-1,-1
715,45,612.50,330.86,53.04,108.60,1,-1,-1,-1
716,52,1126.92,617.22,45.14,134.66,1,-1,-1,-1
716,51,505.89,418.29,55.24,123.26,1,-1,-1,-1
716,45,612.40,329.66,53.04,108.60,1,-1,-1,-1
717,52,1127.04,617.16,45.00,134.73,1,-1,-1,-1
718,52,1127.79,617.22,44.28,134.60,1,-1,-1,-1
718,51,506.74,417.86,54.23,122.09,1,-1,-1,-1
719,52,1128.04,617.87,44.00,133.29,1,-1,-1,-1
719,51,506.25,417.07,54.67,121.30,1,-1,-1,-1
720,51,506.06,417.54,54.19,120.96,1,-1,-1,-1
721,52,1127.34,617.21,44.66,132.14,1,-1,-1,-1
721,51,506.00,417.13,54.02,120.59,1,-1,-1,-1
722,53,1073.00,762.00,63.00,117.00,1,-1,-1,-1
722,52,1127.16,617.05,44.82,131.27,1,-1,-1,-1
723,53,1071.10,760.96,63.88,118.07,1,-1,-1,-1
723,52,1126.43,616.97,45.54,131.69,1,-1,-1,-1
724,52,1126.15,616.97,45.82,132.49,1,-1,-1,-1
725,53,1066.96,758.19,64.23,120.67,1,-1,-1,-1
725,52,1126.71,616.98,45.28,132.09,1,-1,-1,-1
726,52,1126.26,616.97,45.71,132.00,1,-1,-1,-1
727,52,1126.74,616.99,45.25,131.92,1,-1,-1,-1
728,53,1060.80,750.78,63.59,127.78,1,-1,-1,-1
728,52,1126.28,617.62,45.70,131.31,1,-1,-1,-1
729,53,1058.57,749.30,64.06,128.73,1,-1,-1,-1
729,52,1126.10,617.88,45.88,131.71,1,-1,-1,-1
730,52,1126.03,617.97,45.94,131.86,1,-1,-1,-1
731,55,623.00,21.00,44.00,92.00,1,-1,-1,-1
731,54,119.00,389.00,56.00,115.00,1,-1,-1,-1
731,52,1126.01,617.36,45.98,132.55,1,-1,-1,-1
732,54,119.98,386.88,57.65,116.32,1,-1,-1,-1
732,52,1125.99,617.37,45.96,132.51,1,-1,-1,-1
733,52,1125.24,617.08,46.73,133.65,1,-1,-1,-1
734,52,1125.06,616.98,46.91,131.97,1,-1,-1,-1
736,52,1124.99,618.43,46.97,129.05,1,-1,-1,-1
737,52,1124.98,618.80,46.98,129.01,1,-1,-1,-1
738,52,1124.98,618.94,46.99,129.62,1,-1,-1,-1
739,52,1124.98,618.99,47.00,129.85,1,-1,-1,-1
740,52,1125.62,619.02,46.37,129.92,1,-1,-1,-1
743,52,1125.93,619.86,46.06,129.15,1,-1,-1,-1
744,52,1125.98,620.67,46.02,129.68,1,-1,-1,-1
750,52,1126.12,621.76,45.89,129.31,1,-1,-1,-1
753,52,1126.01,621.01,45.98,127.19,1,-1,-1,-1
754,52,1126.01,620.34,45.99,127.71,1,-1,-1,-1
755,52,1126.65,619.49,45.36,128.48,1,-1,-1,-1
756,52,1127.53,619.83,44.51,128.76,1,-1,-1,-1
757,52,1127.22,619.31,44.81,129.51,1,-1,-1,-1
758,52,1127.74,619.12,44.30,129.78,1,-1,-1,-1
759,52,1127.93,619.05,44.10,129.88,1,-1,-1,-1
760,56,911.00,375.00,57.00,109.00,1,-1,-1,-1
760,52,1128.02,619.06,44.08,129.80,1,-1,-1,-1
761,56,910.85,374.00,57.00,109.00,1,-1,-1,-1
761,52,1127.27,619.78,44.75,129.95,1,-1,-1,-1
762,52,1127.10,619.94,44.91,129.98,1,-1,-1,-1
763,56,910.00,373.87,56.06,107.13,1,-1,-1,-1
763,52,1127.05,619.98,44.96,129.37,1,-1,-1,-1
764,52,1127.02,619.38,44.99,130.38,1,-1,-1,-1
765,52,1127.65,619.15,44.37,130.75,1,-1,-1,-1
766,52,1127.89,620.34,44.14,129.65,1,-1,-1,-1
767,56,908.03,367.29,55.89,105.97,1,-1,-1,-1
767,52,1127.98,620.15,44.05,129.85,1,-1,-1,-1
768,56,907.19,365.29,56.58,105.95,1,-1,-1,-1
768,52,1128.01,620.10,44.02,130.55,1,-1,-1,-1
769,57,142.00,345.00,54.00,110.00,1,-1,-1,-1
769,56,906.24,363.96,57.47,106.62,1,-1,-1,-1
769,52,1127.38,619.43,44.63,131.46,1,-1,-1,-1
770,57,144.53,342.58,52.55,111.07,1,-1,-1,-1
770,56,905.25,362.19,58.46,107.55,1,-1,-1,-1
770,52,1127.14,619.81,44.86,131.18,1,-1,-1,-1
772,56,904.15,359.33,58.55,107.72,1,-1,-1,-1
772,52,1127.78,620.76,44.23,131.04,1,-1,-1,-1
773,52,1127.94,620.30,44.08,131.01,1,-1,-1,-1
774,52,1127.99,620.13,44.03,130.99,1,-1,-1,-1
775,52,1127.37,620.69,44.63,129.74,1,-1,-1,-1
776,52,1127.14,620.91,44.86,129.90,1,-1,-1,-1
777,59,148.00,336.00,53.00,111.00,1,-1,-1,-1
777,58,289.00,386.00,59.00,123.00,1,-1,-1,-1
777,52,1126.41,621.64,45.57,129.97,1,-1,-1,-1
778,59,148.17,334.74,54.43,109.83,1,-1,-1,-1
778,58,289.17,384.65,59.73,122.46,1,-1,-1,-1
778,52,1126.77,621.91,45.22,129.37,1,-1,-1,-1
779,59,149.01,333.73,54.84,109.43,1,-1,-1,-1
779,52,1126.91,622.00,45.08,129.14,1,-1,-1,-1
780,59,148.42,332.75,55.72,110.10,1,-1,-1,-1
780,52,1126.33,622.03,45.65,129.06,1,-1,-1,-1
781,59,148.96,331.78,55.96,109.56,1,-1,-1,-1
781,52,1127.38,622.70,44.63,129.01,1,-1,-1,-1
782,60,900.00,347.00,59.00,107.00,1,-1,-1,-1
782,59,149.09,330.15,56.09,110.66,1,-1,-1,-1
782,52,1127.14,622.33,44.86,130.24,1,-1,-1,-1
783,60,899.98,347.02,58.19,106.73,1,-1,-1,-1
783,59,149.11,328.96,56.14,111.69,1,-1,-1,-1
783,52,1127.05,622.80,44.95,129.47,1,-1,-1,-1
784,60,899.12,347.90,58.00,106.77,1,-1,-1,-1
784,52,1127.02,622.98,44.98,129.17,1,-1,-1,-1
785,60,899.64,347.43,56.51,105.82,1,-1,-1,-1
785,52,1127.01,623.69,44.99,129.06,1,-1,-1,-1
786,60,899.83,347.24,56.03,105.62,1,-1,-1,-1
786,52,1127.00,622.67,45.00,129.64,1,-1,-1,-1
787,60,899.90,345.74,55.19,104.86,1,-1,-1,-1
787,52,1127.00,622.26,45.00,129.24,1,-1,-1,-1
788,60,899.29,345.81,55.51,102.73,1,-1,-1,-1
788,52,1127.00,622.10,45.00,129.09,1,-1,-1,-1
789,52,1127.00,622.06,45.00,129.65,1,-1,-1,-1
790,61,1.00,674.00,6.00,133.00,1,-1,-1,-1
790,52,1127.00,622.05,45.00,130.48,1,-1,-1,-1
791,61,1.09,672.24,6.83,135.45,1,-1,-1,-1
791,52,1127.00,622.05,45.00,130.81,1,-1,-1,-1
792,61,1.18,667.64,8.49,139.42,1,-1,-1,-1
792,60,897.16,339.61,55.79,104.36,1,-1,-1,-1
792,52,1127.00,622.70,45.00,130.93,1,-1,-1,-1
793,61,1.20,666.20,9.67,138.67,1,-1,-1,-1
793,60,896.28,337.54,57.21,105.42,1,-1,-1,-1
793,52,1127.00,622.27,45.00,130.35,1,-1,-1,-1
794,61,1.20,666.82,10.71,135.00,1,-1,-1,-1
794,60,895.33,336.16,58.32,105.14,1,-1,-1,-1
794,52,1127.00,621.46,45.00,130.13,1,-1,-1,-1
795,61,1.22,664.96,12.39,134.50,1,-1,-1,-1
795,60,894.96,335.12,58.26,105.05,1,-1,-1,-1
795,52,1127.00,621.16,45.00,130.67,1,-1,-1,-1
796,61,1.21,663.16,13.63,133.98,1,-1,-1,-1
796,60,894.13,333.23,58.82,105.77,1,-1,-1,-1
796,52,1127.00,621.13,45.00,130.67,1,-1,-1,-1
797,61,1.23,661.98,15.36,131.59,1,-1,-1,-1
797,60,893.71,332.09,58.83,105.79,1,-1,-1,-1
797,52,1126.25,620.25,45.73,130.92,1,-1,-1,-1
798,61,1.24,660.96,17.27,132.04,1,-1,-1,-1
798,60,893.29,330.94,58.83,105.80,1,-1,-1,-1
798,52,1126.07,620.05,45.90,130.98,1,-1,-1,-1
799,61,1.25,660.07,19.25,132.06,1,-1,-1,-1
799,52,1126.65,620.64,45.34,130.99,1,-1,-1,-1
800,52,1126.22,622.15,45.13,130.38,1,-1,-1,-1
801,52,1126.07,624.00,45.67,128.89,1,-1,-1,-1
802,60,891.97,326.96,58.99,105.99,1,-1,-1,-1
802,52,1126.02,624.03,45.87,127.71,1,-1,-1,-1
803,60,891.59,325.86,58.99,106.00,1,-1,-1,-1
803,52,1126.63,624.73,45.33,128.50,1,-1,-1,-1
804,60,891.06,323.37,59.75,106.03,1,-1,-1,-1
804,52,1126.63,624.92,45.33,128.49,1,-1,-1,-1
805,60,890.21,321.40,59.28,106.65,1,-1,-1,-1
805,52,1126.16,625.01,45.82,128.14,1,-1,-1,-1
806,60,889.78,320.13,59.30,106.68,1,-1,-1,-1
806,52,1126.05,625.71,45.93,127.41,1,-1,-1,-1
807,60,889.34,318.88,59.31,106.70,1,-1,-1,-1
807,52,1126.01,625.97,45.98,127.78,1,-1,-1,-1
808,62,158.00,300.00,54.00,111.00,1,-1,-1,-1
808,60,888.91,317.63,59.31,106.71,1,-1,-1,-1
808,52,1126.00,626.06,45.99,127.92,1,-1,-1,-1
809,62,158.89,298.99,54.06,111.79,1,-1,-1,-1
809,52,1125.99,626.09,46.00,127.97,1,-1,-1,-1
810,62,159.07,298.01,54.06,111.99,1,-1,-1,-1
810,52,1125.99,626.10,46.00,127.99,1,-1,-1,-1
811,52,1125.99,626.09,46.00,128.00,1,-1,-1,-1
812,52,1125.35,625.43,46.62,128.01,1,-1,-1,-1
813,63,1.00,638.00,40.00,131.00,1,-1,-1,-1
813,52,1125.11,626.46,46.86,127.39,1,-1,-1,-1
814,60,885.02,311.91,57.17,105.09,1,-1,-1,-1
814,52,1125.02,624.93,46.95,128.39,1,-1,-1,-1
815,63,1.25,634.17,43.45,131.58,1,-1,-1,-1
815,60,884.46,310.77,57.13,105.00,1,-1,-1,-1
815,52,1125.63,623.69,46.36,128.77,1,-1,-1,-1
816,63,1.24,633.95,44.70,131.34,1,-1,-1,-1
816,60,881.63,309.90,57.77,104.25,1,-1,-1,-1
816,52,1125.84,622.57,45.52,128.91,1,-1,-1,-1
817,63,1.30,632.29,47.84,133.08,1,-1,-1,-1
817,60,880.32,308.23,58.55,104.09,1,-1,-1,-1
817,52,1125.30,622.14,46.44,128.98,1,-1,-1,-1
818,60,879.22,306.99,59.46,104.04,1,-1,-1,-1
818,52,1125.10,621.97,46.79,128.38,1,-1,-1,-1
819,60,878.18,305.28,60.43,105.29,1,-1,-1,-1
819,52,1125.66,621.91,46.30,128.15,1,-1,-1,-1
820,60,878.44,305.32,59.55,105.11,1,-1,-1,-1
820,52,1125.24,622.55,46.74,128.06,1,-1,-1,-1
821,60,878.54,304.72,58.59,105.04,1,-1,-1,-1
821,52,1125.71,624.10,46.28,128.03,1,-1,-1,-1
822,60,877.95,303.90,58.22,105.63,1,-1,-1,-1
822,52,1125.90,624.04,46.11,128.01,1,-1,-1,-1
823,60,877.29,302.87,58.22,105.63,1,-1,-1,-1
823,52,1125.33,624.03,46.66,128.64,1,-1,-1,-1
824,60,876.63,301.85,58.22,105.63,1,-1,-1,-1
824,52,1125.75,624.01,46.25,128.25,1,-1,-1,-1
825,60,875.96,300.82,58.22,105.63,1,-1,-1,-1
825,52,1125.91,624.01,46.10,128.10,1,-1,-1,-1
826,60,875.30,299.80,58.22,105.63,1,-1,-1,-1
826,52,1125.33,624.00,46.66,128.04,1,-1,-1,-1
827,60,874.64,298.78,58.22,105.63,1,-1,-1,-1
827,52,1124.48,623.34,47.49,128.03,1,-1,-1,-1
828,60,872.19,293.36,59.78,105.98,1,-1,-1,-1
828,52,1124.79,623.75,47.19,128.02,1,-1,-1,-1
829,60,871.13,292.68,59.27,105.35,1,-1,-1,-1
829,52,1124.91,623.27,47.08,128.63,1,-1,-1,-1
830,60,870.11,291.78,59.11,105.13,1,-1,-1,-1
830,52,1124.96,623.07,47.03,128.25,1,-1,-1,-1
831,60,869.30,290.49,59.11,105.15,1,-1,-1,-1
831,52,1124.34,622.98,47.63,127.48,1,-1,-1,-1
832,60,868.48,289.20,59.12,105.15,1,-1,-1,-1
832,52,1124.74,622.95,47.24,127.19,1,-1,-1,-1
833,64,11.00,613.00,60.00,126.00,1,-1,-1,-1
833,60,868.69,289.65,55.86,104.20,1,-1,-1,-1
833,52,1124.90,622.94,47.10,127.08,1,-1,-1,-1
834,64,12.81,610.16,59.30,126.60,1,-1,-1,-1
834,60,867.85,288.51,55.82,104.13,1,-1,-1,-1
834,52,1124.96,623.59,47.04,127.03,1,-1,-1,-1
835,64,13.92,608.19,58.40,127.27,1,-1,-1,-1
835,60,866.99,287.35,55.80,104.10,1,-1,-1,-1
835,52,1125.60,623.87,45.78,127.61,1,-1,-1,-1
836,64,14.97,606.14,58.10,127.61,1,-1,-1,-1
836,60,866.13,286.18,55.79,104.08,1,-1,-1,-1
836,52,1125.59,623.89,45.78,127.61,1,-1,-1,-1
837,64,16.67,604.24,56.64,127.49,1,-1,-1,-1
837,60,865.27,285.01,55.79,104.07,1,-1,-1,-1
837,52,1125.91,623.20,45.94,127.17,1,-1,-1,-1
838,64,17.92,602.94,56.13,127.55,1,-1,-1,-1
838,60,864.41,283.84,55.78,104.06,1,-1,-1,-1
838,52,1126.63,623.08,45.34,128.31,1,-1,-1,-1
839,64,19.03,601.80,56.62,127.72,1,-1,-1,-1
839,60,863.55,282.66,55.78,104.06,1,-1,-1,-1
839,52,1126.25,623.02,45.75,128.12,1,-1,-1,-1
840,64,20.17,600.34,56.42,127.27,1,-1,-1,-1
840,60,862.68,281.49,55.78,104.06,1,-1,-1,-1
840,52,1126.73,623.00,44.66,128.04,1,-1,-1,-1
841,52,1126.92,623.64,44.87,128.01,1,-1,-1,-1
842,52,1127.63,623.89,44.33,127.99,1,-1,-1,-1
843,52,1127.90,624.00,44.12,128.60,1,-1,-1,-1
846,52,1127.22,624.89,44.81,128.91,1,-1,-1,-1
847,52,1127.09,625.00,44.93,128.32,1,-1,-1,-1
848,52,1126.40,625.05,45.60,128.75,1,-1,-1,-1
849,52,1126.15,625.03,45.85,127.66,1,-1,-1,-1
850,52,1126.05,625.03,45.94,127.25,1,-1,-1,-1
851,52,1126.01,625.67,45.98,127.10,1,-1,-1,-1
852,52,1126.64,625.92,45.37,127.03,1,-1,-1,-1
853,52,1126.87,626.01,45.14,127.01,1,-1,-1,-1
854,52,1126.95,625.41,44.43,127.60,1,-1,-1,-1
855,52,1126.35,625.17,45.40,127.85,1,-1,-1,-1
856,52,1126.77,625.72,45.15,127.32,1,-1,-1,-1
857,52,1126.92,625.92,45.06,127.12,1,-1,-1,-1
858,52,1126.98,626.64,45.02,126.42,1,-1,-1,-1
859,52,1126.37,626.28,45.63,127.40,1,-1,-1,-1
860,52,1126.13,626.79,45.86,127.78,1,-1,-1,-1
861,52,1126.04,626.99,45.95,127.92,1,-1,-1,-1
862,52,1126.01,627.07,45.98,128.59,1,-1,-1,-1
863,52,1126.00,627.09,45.99,128.85,1,-1,-1,-1
864,52,1125.99,627.08,46.00,128.33,1,-1,-1,-1
865,52,1125.99,627.72,46.00,128.13,1,-1,-1,-1
866,52,1125.99,627.95,46.00,127.43,1,-1,-1,-1
868,52,1125.99,627.30,46.00,127.84,1,-1,-1,-1
869,52,1125.99,627.17,46.00,129.21,1,-1,-1,-1
870,52,1125.99,626.44,46.00,129.08,1,-1,-1,-1
871,52,1125.99,626.18,46.00,129.66,1,-1,-1,-1
872,52,1125.99,626.73,46.00,129.87,1,-1,-1,-1
873,52,1125.99,626.93,46.00,129.34,1,-1,-1,-1
874,52,1126.00,627.00,46.00,129.13,1,-1,-1,-1
875,52,1126.63,627.02,45.38,129.05,1,-1,-1,-1
876,52,1126.87,626.40,45.15,129.63,1,-1,-1,-1
877,52,1126.33,626.79,45.68,129.24,1,-1,-1,-1
878,52,1126.12,626.30,45.88,129.72,1,-1,-1,-1
879,52,1126.04,626.73,45.96,128.65,1,-1,-1,-1
880,52,1126.01,626.91,45.98,128.87,1,-1,-1,-1
881,52,1126.00,626.98,46.00,128.95,1,-1,-1,-1
882,52,1126.63,626.99,45.38,128.36,1,-1,-1,-1
883,52,1126.87,625.71,45.14,128.75,1,-1,-1,-1
885,52,1125.49,625.89,46.49,128.95,1,-1,-1,-1
886,52,1125.81,625.93,46.18,128.35,1,-1,-1,-1
887,52,1125.92,625.96,46.07,128.76,1,-1,-1,-1
888,52,1125.97,626.61,46.03,128.29,1,-1,-1,-1
889,52,1125.99,626.21,46.01,128.11,1,-1,-1,-1
890,52,1125.99,625.44,46.01,129.28,1,-1,-1,-1
891,52,1125.99,625.14,46.00,129.73,1,-1,-1,-1
892,52,1125.36,623.72,46.62,129.91,1,-1,-1,-1
893,52,1125.12,622.55,46.86,130.60,1,-1,-1,-1
894,52,1125.66,623.38,46.33,129.62,1,-1,-1,-1
895,52,1125.87,625.00,46.13,128.62,1,-1,-1,-1
896,52,1125.95,624.35,46.05,129.47,1,-1,-1,-1
897,52,1125.98,624.75,46.02,129.80,1,-1,-1,-1
898,52,1125.99,624.24,46.01,129.31,1,-1,-1,-1
899,52,1126.00,624.06,46.01,129.74,1,-1,-1,-1
900,52,1124.73,623.97,47.24,128.66,1,-1,-1,-1
901,52,1124.88,623.25,47.10,127.01,1,-1,-1,-1
902,52,1124.94,623.60,47.04,125.14,1,-1,-1,-1
903,52,1124.33,623.76,47.64,125.06,1,-1,-1,-1
904,52,1124.10,623.84,47.86,125.65,1,-1,-1,-1
905,52,1123.38,624.51,48.57,124.63,1,-1,-1,-1
906,52,1123.10,624.12,48.84,124.87,1,-1,-1,-1
907,52,1123.64,625.27,48.32,124.34,1,-1,-1,-1
908,52,1123.85,625.08,48.13,124.75,1,-1,-1,-1
909,52,1124.56,626.36,47.43,126.13,1,-1,-1,-1
910,52,1125.47,626.18,46.55,126.66,1,-1,-1,-1
911,52,1124.55,625.44,47.45,126.25,1,-1,-1,-1
912,52,1124.83,625.15,47.17,126.10,1,-1,-1,-1
913,52,1124.30,625.70,47.69,126.04,1,-1,-1,-1
914,52,1123.46,625.25,48.50,126.03,1,-1,-1,-1
915,52,1123.78,625.10,48.20,126.63,1,-1,-1,-1
916,52,1124.54,625.67,47.46,126.25,1,-1,-1,-1
917,52,1124.20,625.24,47.80,126.10,1,-1,-1,-1
918,52,1124.70,625.08,47.30,126.04,1,-1,-1,-1
919,52,1124.26,624.99,47.74,124.77,1,-1,-1,-1
920,52,1123.45,624.32,48.52,125.55,1,-1,-1,-1
921,52,1123.14,624.13,48.83,127.70,1,-1,-1,-1
927,52,1123.88,627.61,48.11,125.36,1,-1,-1,-1
928,52,1123.96,627.91,48.04,124.48,1,-1,-1,-1
929,52,1123.98,628.01,48.02,124.18,1,-1,-1,-1
930,52,1123.36,628.02,48.63,123.45,1,-1,-1,-1
931,65,377.00,729.00,59.00,138.00,1,-1,-1,-1
931,52,1123.12,627.37,48.86,123.17,1,-1,-1,-1
932,52,1123.66,626.53,48.33,124.91,1,-1,-1,-1
934,52,1124.66,626.13,47.37,124.97,1,-1,-1,-1
935,52,1124.24,626.00,47.77,123.71,1,-1,-1,-1
938,52,1124.29,625.71,47.77,123.71,1,-1,-1,-1
940,52,1124.03,624.20,47.97,125.66,1,-1,-1,-1
941,52,1124.68,624.03,47.34,125.88,1,-1,-1,-1
942,52,1124.89,623.97,47.13,125.95,1,-1,-1,-1
943,52,1124.97,623.95,47.05,125.98,1,-1,-1,-1
944,52,1124.37,623.28,47.64,125.37,1,-1,-1,-1
945,52,1124.13,623.68,47.86,125.15,1,-1,-1,-1
946,66,376.00,703.00,58.00,145.00,1,-1,-1,-1
946,52,1124.13,623.54,47.87,125.15,1,-1,-1,-1
947,66,375.05,701.15,58.06,145.15,1,-1,-1,-1
947,52,1124.12,623.40,47.87,125.16,1,-1,-1,-1
948,52,1124.83,624.69,47.18,124.24,1,-1,-1,-1
949,66,373.06,697.90,57.94,143.40,1,-1,-1,-1
949,52,1124.29,624.20,47.71,124.09,1,-1,-1,-1
950,52,1124.11,624.03,47.89,124.03,1,-1,-1,-1
951,52,1123.40,623.33,48.58,124.64,1,-1,-1,-1
952,52,1123.76,622.46,48.22,126.09,1,-1,-1,-1
953,52,1123.27,622.75,48.71,125.42,1,-1,-1,-1
954,52,1123.08,622.87,48.89,125.79,1,-1,-1,-1
955,52,1123.01,622.94,48.96,126.55,1,-1,-1,-1
956,52,1122.99,622.32,48.99,126.84,1,-1,-1,-1
957,67,468.00,323.00,56.00,102.00,1,-1,-1,-1
957,52,1123.62,624.01,48.38,125.71,1,-1,-1,-1
959,52,1124.65,624.00,47.38,125.19,1,-1,-1,-1
960,52,1124.24,624.66,47.77,125.07,1,-1,-1,-1
961,67,467.94,319.11,55.15,102.80,1,-1,-1,-1
961,52,1124.09,623.59,47.91,125.03,1,-1,-1,-1
962,67,467.98,318.04,55.74,103.00,1,-1,-1,-1
962,52,1124.10,623.54,47.91,125.03,1,-1,-1,-1
964,67,468.00,313.54,56.75,103.91,1,-1,-1,-1
964,52,1124.02,623.10,47.98,125.79,1,-1,-1,-1
965,67,468.01,312.14,56.91,104.19,1,-1,-1,-1
965,52,1124.01,623.02,47.99,125.93,1,-1,-1,-1
966,52,1124.00,623.65,48.00,125.98,1,-1,-1,-1
967,52,1124.00,623.88,48.00,125.99,1,-1,-1,-1
968,52,1124.00,623.94,48.00,124.76,1,-1,-1,-1
969,52,1124.00,623.93,48.00,124.76,1,-1,-1,-1
970,68,196.00,449.00,53.00,112.00,1,-1,-1,-1
970,52,1124.00,623.91,48.00,124.76,1,-1,-1,-1
971,68,197.08,447.23,52.92,111.84,1,-1,-1,-1
971,52,1124.00,623.90,48.00,124.76,1,-1,-1,-1
976,52,1124.00,622.03,48.00,122.27,1,-1,-1,-1
977,52,1124.00,621.82,47.99,122.26,1,-1,-1,-1
978,69,181.00,316.00,49.00,105.00,1,-1,-1,-1
978,52,1124.01,621.60,47.99,122.25,1,-1,-1,-1
979,69,181.12,314.99,48.92,104.17,1,-1,-1,-1
979,52,1124.00,621.88,48.00,121.25,1,-1,-1,-1
980,52,1124.00,621.90,48.00,121.73,1,-1,-1,-1
982,52,1124.00,621.55,47.99,121.72,1,-1,-1,-1
983,52,1124.81,621.91,47.21,121.93,1,-1,-1,-1
985,52,1123.45,621.89,48.53,120.49,1,-1,-1,-1
988,52,1123.07,622.66,48.90,117.72,1,-1,-1,-1
989,52,1123.01,622.86,48.96,118.54,1,-1,-1,-1
990,52,1122.99,622.27,48.99,118.82,1,-1,-1,-1
991,52,1122.98,622.72,49.00,119.55,1,-1,-1,-1
992,70,221.00,423.00,54.00,113.00,1,-1,-1,-1
992,52,1122.98,622.24,49.00,119.83,1,-1,-1,-1
993,70,221.98,422.05,54.04,113.76,1,-1,-1,-1
993,52,1123.62,622.08,48.38,120.54,1,-1,-1,-1
994,52,1123.62,622.03,48.38,120.54,1,-1,-1,-1
995,70,224.92,420.04,54.04,113.98,1,-1,-1,-1
995,52,1123.63,621.98,48.38,120.54,1,-1,-1,-1
996,70,226.04,419.82,53.30,113.19,1,-1,-1,-1
996,52,1123.63,621.92,48.38,120.54,1,-1,-1,-1
997,52,1123.63,621.87,48.38,120.54,1,-1,-1,-1
998,52,1123.63,621.82,48.38,120.54,1,-1,-1,-1
999,71,194.00,288.00,50.00,99.00,1,-1,-1,-1
999,52,1123.64,621.76,48.38,120.54,1,-1,-1,-1
1000,71,193.18,288.72,49.95,98.24,1,-1,-1,-1
1000,70,228.31,414.97,54.65,109.61,1,-1,-1,-1
1000,52,1123.64,621.71,48.38,120.54,1,-1,-1,-1
1001,70,229.28,413.77,54.57,109.45,1,-1,-1,-1
1001,52,1123.64,621.66,48.38,120.54,1,-1,-1,-1
1002,71,195.70,285.39,48.24,96.76,1,-1,-1,-1
1002,70,230.84,412.11,54.12,109.05,1,-1,-1,-1
1002,52,1123.65,621.60,48.38,120.54,1,-1,-1,-1
1003,71,196.85,282.58,48.69,97.49,1,-1,-1,-1
1003,70,231.86,410.83,54.05,108.91,1,-1,-1,-1
1003,52,1123.65,621.55,48.38,120.54,1,-1,-1,-1
1004,71,197.20,279.56,49.54,98.50,1,-1,-1,-1
1004,52,1123.65,621.50,48.38,120.54,1,-1,-1,-1
1005,71,197.30,278.56,49.80,97.52,1,-1,-1,-1
1005,70,232.29,407.16,55.66,110.70,1,-1,-1,-1
1005,52,1123.65,621.44,48.38,120.54,1,-1,-1,-1
1006,71,197.98,277.63,49.92,97.82,1,-1,-1,-1
1006,70,233.16,405.73,55.73,110.85,1,-1,-1,-1
1006,52,1123.66,621.39,48.38,120.54,1,-1,-1,-1
1007,71,198.21,275.99,49.96,97.28,1,-1,-1,-1
1007,70,234.05,404.34,55.76,110.92,1,-1,-1,-1
1007,52,1123.66,621.34,48.38,120.54,1,-1,-1,-1
1008,71,199.60,274.80,49.33,97.03,1,-1,-1,-1
1008,70,235.83,403.86,55.15,110.96,1,-1,-1,-1
1008,52,1123.66,621.28,48.38,120.54,1,-1,-1,-1
1010,71,200.99,271.95,49.83,98.48,1,-1,-1,-1
1010,70,237.74,401.31,55.14,110.95,1,-1,-1,-1
1010,52,1123.67,621.18,48.38,120.54,1,-1,-1,-1
1011,71,201.24,270.80,50.59,98.21,1,-1,-1,-1
1011,70,238.70,400.04,55.14,110.94,1,-1,-1,-1
1011,52,1123.67,621.12,48.38,120.54,1,-1,-1,-1
1012,71,201.91,269.29,50.61,98.26,1,-1,-1,-1
1012,70,242.59,398.09,54.17,110.10,1,-1,-1,-1
1012,52,1123.67,621.07,48.38,120.54,1,-1,-1,-1
1013,72,1.00,370.00,34.00,108.00,1,-1,-1,-1
1013,71,202.12,267.18,50.16,98.05,1,-1,-1,-1
1013,70,243.77,396.76,54.13,110.03,1,-1,-1,-1
1013,52,1123.68,621.02,48.38,120.54,1,-1,-1,-1
1014,72,1.07,367.78,34.78,108.36,1,-1,-1,-1
1014,71,202.73,265.64,50.15,98.03,1,-1,-1,-1
1014,70,246.52,395.90,52.52,109.94,1,-1,-1,-1
1014,52,1123.68,620.96,48.38,120.54,1,-1,-1,-1
1015,71,203.07,263.24,50.04,98.00,1,-1,-1,-1
1015,70,247.78,394.64,52.47,109.82,1,-1,-1,-1
1015,52,1123.68,620.91,48.38,120.54,1,-1,-1,-1
1016,73,345.00,587.00,61.00,123.00,1,-1,-1,-1
1016,71,204.55,261.23,50.03,99.28,1,-1,-1,-1
1016,70,249.02,393.34,52.44,109.76,1,-1,-1,-1
1016,52,1123.68,620.86,48.38,120.54,1,-1,-1,-1
1017,73,345.79,584.27,60.27,123.53,1,-1,-1,-1
1017,71,205.21,259.61,50.04,99.31,1,-1,-1,-1
1017,70,250.26,392.03,52.42,109.73,1,-1,-1,-1
1017,52,1123.69,620.80,48.38,120.54,1,-1,-1,-1
1018,73,345.09,583.04,59.33,123.51,1,-1,-1,-1
1018,71,205.18,257.29,50.04,102.03,1,-1,-1,-1
1018,52,1123.69,620.75,48.38,120.54,1,-1,-1,-1
1019,73,344.10,580.49,59.13,125.04,1,-1,-1,-1
1019,71,205.76,255.70,50.09,102.11,1,-1,-1,-1
1019,52,1123.69,620.70,48.38,120.54,1,-1,-1,-1
1020,73,343.82,577.54,59.07,126.29,1,-1,-1,-1
1020,71,206.35,254.13,50.11,102.15,1,-1,-1,-1
1020,70,253.96,386.21,51.17,110.80,1,-1,-1,-1
1020,52,1123.70,620.64,48.38,120.54,1,-1,-1,-1
1021,71,206.16,255.39,50.00,98.80,1,-1,-1,-1
1021,70,255.70,384.98,49.74,111.53,1,-1,-1,-1
1021,52,1123.70,620.59,48.38,120.54,1,-1,-1,-1
1022,71,206.71,253.96,49.97,98.74,1,-1,-1,-1
1022,70,256.96,383.24,49.89,112.43,1,-1,-1,-1
1022,52,1123.70,620.54,48.38,120.54,1,-1,-1,-1
1023,71,207.24,252.53,49.95,98.71,1,-1,-1,-1
1023,70,258.05,381.97,49.32,112.12,1,-1,-1,-1
1023,52,1123.70,620.48,48.38,120.54,1,-1,-1,-1
1024,70,258.43,380.85,49.73,110.76,1,-1,-1,-1
1024,52,1123.71,620.43,48.38,120.54,1,-1,-1,-1
1025,70,259.21,379.79,50.50,109.63,1,-1,-1,-1
1025,52,1123.71,620.38,48.38,120.54,1,-1,-1,-1
1026,70,259.49,378.76,51.42,107.95,1,-1,-1,-1
1026,52,1123.71,620.32,48.38,120.54,1,-1,-1,-1
1027,70,260.85,377.77,51.15,107.95,1,-1,-1,-1
1027,52,1123.71,620.27,48.38,120.54,1,-1,-1,-1
1029,70,261.49,373.47,51.76,108.69,1,-1,-1,-1
1029,52,1123.72,620.16,48.38,120.54,1,-1,-1,-1
1030,70,262.16,371.98,51.90,108.24,1,-1,-1,-1
1030,52,1123.72,620.11,48.38,120.54,1,-1,-1,-1
1032,70,263.26,368.28,52.71,110.99,1,-1,-1,-1
1032,52,1123.73,620.00,48.38,120.54,1,-1,-1,-1
1033,70,264.03,366.96,51.63,111.61,1,-1,-1,-1
1033,52,1123.73,619.95,48.38,120.54,1,-1,-1,-1
1034,70,264.89,365.53,51.62,111.61,1,-1,-1,-1
1034,52,1123.73,619.89,48.38,120.54,1,-1,-1,-1
1035,70,265.95,364.75,51.89,109.70,1,-1,-1,-1
1035,52,1123.74,619.84,48.38,120.54,1,-1,-1,-1
1036,74,544.00,731.00,65.00,133.00,1,-1,-1,-1
1036,70,266.85,363.30,51.88,109.68,1,-1,-1,-1
1036,52,1123.74,619.79,48.38,120.54,1,-1,-1,-1
1037,74,542.14,729.04,65.04,133.08,1,-1,-1,-1
1037,70,267.74,361.84,51.88,109.67,1,-1,-1,-1
1038,74,540.99,727.76,65.76,133.28,1,-1,-1,-1
1038,70,268.63,360.38,51.88,109.66,1,-1,-1,-1
1039,70,269.52,358.93,51.88,109.66,1,-1,-1,-1
1040,70,270.41,357.47,51.88,109.66,1,-1,-1,-1
1041,75,219.00,225.00,48.00,95.00,1,-1,-1,-1
1042,74,539.86,720.93,64.06,128.43,1,-1,-1,-1
1043,75,220.07,224.90,47.90,93.29,1,-1,-1,-1
1043,74,539.79,718.38,63.27,128.57,1,-1,-1,-1
1043,70,276.80,354.89,51.99,109.06,1,-1,-1,-1
1044,75,220.89,222.66,47.24,93.57,1,-1,-1,-1
1044,74,539.29,716.54,62.97,127.96,1,-1,-1,-1
1044,70,277.98,353.84,51.99,108.36,1,-1,-1,-1
1045,75,220.43,221.16,47.68,93.15,1,-1,-1,-1
1045,74,538.11,714.99,62.24,129.37,1,-1,-1,-1
1045,70,278.39,352.80,51.99,107.50,1,-1,-1,-1
1046,75,221.63,219.36,47.93,95.00,1,-1,-1,-1
1046,74,537.41,713.16,62.10,129.09,1,-1,-1,-1
1046,70,279.79,351.81,50.75,107.17,1,-1,-1,-1
1047,70,280.94,351.47,50.27,107.04,1,-1,-1,-1
1048,70,282.63,350.72,49.47,106.36,1,-1,-1,-1
1049,75,223.06,214.15,47.93,92.53,1,-1,-1,-1
1049,70,283.72,349.52,49.43,106.28,1,-1,-1,-1
1050,75,223.86,212.23,46.62,92.04,1,-1,-1,-1
1050,70,284.94,348.86,49.11,106.79,1,-1,-1,-1
1051,75,224.80,212.26,46.16,91.24,1,-1,-1,-1
1051,70,286.00,347.22,49.03,106.27,1,-1,-1,-1
1052,75,225.12,210.33,46.00,91.59,1,-1,-1,-1
1052,70,287.03,346.02,49.01,106.71,1,-1,-1,-1
1053,75,225.90,209.64,45.93,90.46,1,-1,-1,-1
1053,70,288.05,344.93,49.62,106.25,1,-1,-1,-1
1054,75,226.82,209.45,45.93,91.31,1,-1,-1,-1
1054,70,289.05,343.88,49.85,105.46,1,-1,-1,-1
1055,75,226.50,208.75,46.56,91.68,1,-1,-1,-1
1055,70,290.05,342.25,49.94,106.40,1,-1,-1,-1
1056,75,227.02,206.56,46.80,91.82,1,-1,-1,-1
1056,70,291.05,341.02,49.97,106.76,1,-1,-1,-1
1057,75,227.56,205.33,46.72,91.65,1,-1,-1,-1
1057,70,291.39,339.32,49.99,108.14,1,-1,-1,-1
1058,75,228.78,203.28,46.19,92.60,1,-1,-1,-1
1058,70,292.40,338.12,49.99,108.13,1,-1,-1,-1
1060,75,229.90,200.68,46.10,92.43,1,-1,-1,-1
1060,70,294.09,335.13,50.79,108.83,1,-1,-1,-1
1061,75,230.46,199.37,46.08,92.39,1,-1,-1,-1
1061,70,294.36,334.63,50.93,108.30,1,-1,-1,-1
1062,75,231.84,198.99,45.20,95.37,1,-1,-1,-1
1062,70,295.11,333.80,50.97,108.12,1,-1,-1,-1
1063,75,232.13,197.95,45.07,95.13,1,-1,-1,-1
1063,70,297.32,334.14,50.99,106.17,1,-1,-1,-1
1064,75,232.68,196.81,45.07,95.12,1,-1,-1,-1
1064,70,298.77,334.30,50.37,105.44,1,-1,-1,-1
1065,75,233.05,195.91,45.01,94.29,1,-1,-1,-1
1065,70,299.84,333.28,50.37,105.42,1,-1,-1,-1
1066,75,233.86,194.26,45.00,94.74,1,-1,-1,-1
1066,70,300.90,332.25,50.36,105.41,1,-1,-1,-1
1067,75,233.50,192.34,45.62,93.01,1,-1,-1,-1
1067,70,301.97,331.23,50.36,105.41,1,-1,-1,-1
1068,75,234.65,190.35,45.23,92.36,1,-1,-1,-1
1068,70,303.03,330.20,50.36,105.40,1,-1,-1,-1
1071,75,236.05,186.03,45.03,92.04,1,-1,-1,-1
1071,70,306.22,327.11,50.36,105.40,1,-1,-1,-1
1073,75,237.10,183.21,44.98,91.93,1,-1,-1,-1
1073,70,310.90,322.10,50.94,104.13,1,-1,-1,-1
1075,75,238.14,180.37,44.95,91.87,1,-1,-1,-1
1075,70,313.83,319.94,49.49,104.76,1,-1,-1,-1
1076,75,238.65,178.94,44.94,91.86,1,-1,-1,-1
1076,70,315.01,318.90,49.17,104.26,1,-1,-1,-1
1077,75,239.17,177.51,44.94,91.85,1,-1,-1,-1
1077,70,316.08,317.88,49.06,103.46,1,-1,-1,-1
1078,70,316.46,316.23,49.64,103.79,1,-1,-1,-1
1079,70,317.22,314.98,49.86,103.29,1,-1,-1,-1
1080,70,318.10,313.88,49.32,102.48,1,-1,-1,-1
1081,70,319.70,312.22,48.50,102.78,1,-1,-1,-1
1082,70,321.59,309.70,48.81,104.14,1,-1,-1,-1
1083,70,322.76,308.35,48.79,104.11,1,-1,-1,-1
1085,75,243.02,168.95,45.95,92.96,1,-1,-1,-1
1085,70,325.11,305.64,48.78,104.08,1,-1,-1,-1
1088,75,244.57,165.15,46.00,93.07,1,-1,-1,-1
1088,70,328.62,301.55,48.77,104.06,1,-1,-1,-1
1089,75,245.10,163.90,46.01,93.08,1,-1,-1,-1
1089,70,329.79,300.19,48.76,104.05,1,-1,-1,-1
1091,75,246.14,161.40,46.02,93.10,1,-1,-1,-1
1091,70,332.13,297.46,48.76,104.05,1,-1,-1,-1
1092,75,246.67,160.15,46.02,93.10,1,-1,-1,-1
1092,70,333.30,296.09,48.76,104.05,1,-1,-1,-1
1093,76,865.00,461.00,56.00,111.00,1,-1,-1,-1
1093,75,247.96,158.97,46.00,92.10,1,-1,-1,-1
1093,70,334.47,294.73,48.76,104.05,1,-1,-1,-1
1094,75,248.17,157.22,46.00,92.03,1,-1,-1,-1
1094,70,335.63,293.36,48.76,104.05,1,-1,-1,-1
1095,77,521.00,620.00,66.00,129.00,1,-1,-1,-1
1095,75,248.25,156.61,46.00,91.38,1,-1,-1,-1
1095,70,336.80,291.99,48.76,104.05,1,-1,-1,-1
1096,77,520.12,618.14,66.07,129.79,1,-1,-1,-1
1096,75,248.26,156.42,45.99,91.14,1,-1,-1,-1
1096,70,337.97,290.63,48.76,104.05,1,-1,-1,-1
1097,75,248.25,155.08,45.99,91.05,1,-1,-1,-1
1097,70,335.14,291.93,51.82,104.04,1,-1,-1,-1
1098,75,248.22,153.31,45.37,91.00,1,-1,-1,-1
1098,70,334.69,290.90,52.61,104.03,1,-1,-1,-1
1100,75,248.23,150.93,45.82,90.26,1,-1,-1,-1
1100,70,336.58,288.43,52.65,104.12,1,-1,-1,-1
1101,75,248.20,149.89,46.57,90.73,1,-1,-1,-1
1101,70,336.26,289.54,52.93,104.03,1,-1,-1,-1
1102,75,248.51,148.66,46.56,90.72,1,-1,-1,-1
1102,70,337.02,288.83,52.34,103.38,1,-1,-1,-1
1103,75,248.82,147.42,46.56,90.72,1,-1,-1,-1
1103,70,337.96,287.91,52.75,102.52,1,-1,-1,-1
1104,75,249.13,146.18,46.56,90.72,1,-1,-1,-1
1104,70,338.28,285.62,52.91,101.58,1,-1,-1,-1
1105,75,249.91,145.90,46.10,91.77,1,-1,-1,-1
1105,70,339.05,284.16,53.59,102.47,1,-1,-1,-1
1106,75,250.24,144.78,46.10,91.77,1,-1,-1,-1
1106,70,339.33,282.96,54.47,101.56,1,-1,-1,-1
1107,75,250.57,143.66,46.10,91.77,1,-1,-1,-1
1107,70,340.04,281.26,54.18,101.84,1,-1,-1,-1
1109,75,251.23,141.42,46.10,91.77,1,-1,-1,-1
1109,70,341.16,279.75,54.79,103.43,1,-1,-1,-1
1110,75,251.03,140.02,45.15,91.10,1,-1,-1,-1
1110,70,341.33,279.53,55.57,103.17,1,-1,-1,-1
1111,75,251.77,139.65,45.05,91.68,1,-1,-1,-1
1111,70,342.02,278.83,55.22,103.70,1,-1,-1,-1
1112,75,252.02,138.85,45.02,91.25,1,-1,-1,-1
1112,70,342.93,277.94,55.72,103.91,1,-1,-1,-1
1113,75,252.76,138.59,45.00,91.71,1,-1,-1,-1
1113,70,343.24,277.62,55.90,103.36,1,-1,-1,-1
1115,75,253.87,136.93,45.00,91.91,1,-1,-1,-1
1115,70,344.71,275.71,55.95,103.46,1,-1,-1,-1
1116,75,254.73,135.98,44.36,91.32,1,-1,-1,-1
1116,70,345.45,274.77,55.97,103.48,1,-1,-1,-1
1117,75,255.04,135.66,44.13,91.11,1,-1,-1,-1
1117,70,346.20,273.84,55.97,103.50,1,-1,-1,-1
1118,75,255.14,134.89,44.04,89.78,1,-1,-1,-1
1118,70,347.87,272.98,55.14,103.07,1,-1,-1,-1
1119,75,255.19,134.61,44.63,88.65,1,-1,-1,-1
1119,70,348.88,272.00,54.40,102.37,1,-1,-1,-1
1120,75,255.84,133.22,44.85,88.23,1,-1,-1,-1
1120,70,349.65,271.03,54.39,102.35,1,-1,-1,-1
1121,75,256.08,131.46,44.94,89.31,1,-1,-1,-1
1121,70,350.84,270.74,53.37,100.63,1,-1,-1,-1
1122,75,256.80,129.52,44.35,89.72,1,-1,-1,-1
1122,70,351.61,269.76,53.36,100.60,1,-1,-1,-1
1124,75,257.56,127.36,44.31,89.64,1,-1,-1,-1
1124,70,353.15,267.80,53.34,100.57,1,-1,-1,-1
1125,75,257.94,126.28,44.30,89.62,1,-1,-1,-1
1125,70,353.92,266.81,53.34,100.57,1,-1,-1,-1
1126,75,258.31,125.18,44.30,89.61,1,-1,-1,-1
1126,70,354.69,265.83,53.34,100.56,1,-1,-1,-1
1127,78,1126.00,590.00,46.00,127.00,1,-1,-1,-1
1127,75,259.86,124.98,44.05,91.64,1,-1,-1,-1
1127,70,355.45,264.84,53.34,100.56,1,-1,-1,-1
1128,78,1126.03,589.91,45.94,125.48,1,-1,-1,-1
1128,75,260.31,124.02,44.05,91.65,1,-1,-1,-1
1128,70,356.22,263.85,53.33,100.56,1,-1,-1,-1
1129,78,1126.03,589.91,45.93,125.07,1,-1,-1,-1
1129,75,260.77,123.07,44.06,91.65,1,-1,-1,-1
1129,70,356.98,262.86,53.33,100.56,1,-1,-1,-1
1130,78,1125.98,589.28,46.04,127.06,1,-1,-1,-1
1130,75,261.22,122.12,44.06,91.65,1,-1,-1,-1
1130,70,357.75,261.87,53.33,100.56,1,-1,-1,-1
1131,75,261.67,121.17,44.06,91.65,1,-1,-1,-1
1131,70,358.95,260.03,52.11,100.03,1,-1,-1,-1
1132,78,1125.99,588.99,46.03,127.06,1,-1,-1,-1
1132,75,262.12,120.22,44.06,91.65,1,-1,-1,-1
1132,70,359.89,258.29,51.37,99.35,1,-1,-1,-1
1137,75,264.39,115.46,44.06,91.65,1,-1,-1,-1
1137,70,363.63,252.66,51.30,99.21,1,-1,-1,-1
1138,75,264.84,114.51,44.06,91.65,1,-1,-1,-1
1138,70,364.38,251.53,51.30,99.19,1,-1,-1,-1
1139,79,837.00,404.00,49.00,112.00,1,-1,-1,-1
1139,75,265.29,113.56,44.06,91.65,1,-1,-1,-1
1139,70,365.12,250.39,51.29,99.19,1,-1,-1,-1
1140,79,836.82,403.14,48.28,111.88,1,-1,-1,-1
1140,75,265.02,110.03,44.00,90.10,1,-1,-1,-1
1140,70,368.85,250.02,51.94,101.73,1,-1,-1,-1
1141,80,1127.00,587.00,45.00,128.00,1,-1,-1,-1
1141,79,835.89,401.59,47.47,113.75,1,-1,-1,-1
1141,75,265.43,108.90,43.99,90.09,1,-1,-1,-1
1141,70,369.94,249.67,51.98,100.59,1,-1,-1,-1
1142,80,1127.01,586.98,44.99,127.96,1,-1,-1,-1
1142,75,265.84,107.76,43.99,90.09,1,-1,-1,-1
1142,70,370.97,248.27,52.00,102.10,1,-1,-1,-1
1143,75,266.25,106.62,43.99,90.08,1,-1,-1,-1
1143,70,371.34,247.10,52.62,102.05,1,-1,-1,-1
1144,75,266.67,105.49,43.99,90.08,1,-1,-1,-1
1144,70,372.09,246.05,52.24,102.64,1,-1,-1,-1
1145,75,267.08,104.35,43.99,90.08,1,-1,-1,-1
1145,70,372.34,244.40,52.10,103.49,1,-1,-1,-1
1146,75,267.49,103.21,43.99,90.08,1,-1,-1,-1
1146,70,372.41,243.13,52.04,103.20,1,-1,-1,-1
1147,75,267.90,102.07,43.99,90.08,1,-1,-1,-1
1147,70,373.06,242.62,52.03,100.58,1,-1,-1,-1
1148,75,268.31,100.93,43.99,90.08,1,-1,-1,-1
1148,70,373.92,242.48,51.39,100.22,1,-1,-1,-1
1149,81,1125.00,589.00,47.00,124.00,1,-1,-1,-1
1149,75,268.72,99.79,43.99,90.08,1,-1,-1,-1
1149,70,374.24,242.49,51.77,101.33,1,-1,-1,-1
1150,81,1124.17,589.70,47.75,123.53,1,-1,-1,-1
1150,75,269.13,98.66,43.99,90.08,1,-1,-1,-1
1150,70,374.35,241.83,52.54,99.87,1,-1,-1,-1
1151,82,499.00,263.00,45.00,107.00,1,-1,-1,-1
1151,81,1124.77,590.05,47.21,123.01,1,-1,-1,-1
1151,75,269.54,97.52,43.99,90.08,1,-1,-1,-1
1151,70,375.01,241.60,52.21,99.34,1,-1,-1,-1
1152,81,1124.95,589.32,47.04,122.91,1,-1,-1,-1
1152,70,375.87,240.88,51.46,98.51,1,-1,-1,-1
1153,81,1124.99,589.11,47.02,123.58,1,-1,-1,-1
1153,70,376.18,239.33,51.17,98.19,1,-1,-1,-1
1154,70,376.29,238.77,51.68,98.07,1,-1,-1,-1
1155,70,376.33,237.31,52.50,99.28,1,-1,-1,-1
1156,70,377.60,235.49,51.57,99.72,1,-1,-1,-1
1157,70,378.71,233.54,51.22,100.50,1,-1,-1,-1
1158,70,379.13,232.16,51.70,100.19,1,-1,-1,-1
1159,70,379.29,231.67,52.51,100.08,1,-1,-1,-1
1160,70,380.63,230.88,52.82,100.66,1,-1,-1,-1
1161,70,381.12,229.96,52.93,100.88,1,-1,-1,-1
1162,70,381.92,228.99,52.36,100.96,1,-1,-1,-1
1163,70,382.85,228.01,52.14,100.99,1,-1,-1,-1
1164,83,1124.00,590.00,48.00,125.00,1,-1,-1,-1
1164,70,383.84,227.65,52.05,100.38,1,-1,-1,-1
1165,83,1124.05,589.87,47.90,123.41,1,-1,-1,-1
1165,70,384.83,228.19,51.40,100.14,1,-1,-1,-1
1166,83,1124.04,589.89,47.91,123.02,1,-1,-1,-1
1166,70,385.83,227.78,51.15,100.05,1,-1,-1,-1
1167,83,1124.74,589.33,47.30,124.10,1,-1,-1,-1
1167,70,386.81,226.98,49.82,99.40,1,-1,-1,-1
1168,83,1124.97,589.86,47.08,124.56,1,-1,-1,-1
1168,70,387.85,226.08,50.55,100.39,1,-1,-1,-1
1169,84,1018.00,760.00,63.00,119.00,1,-1,-1,-1
1169,83,1125.05,589.99,46.98,124.09,1,-1,-1,-1
1169,70,388.85,224.48,50.21,101.38,1,-1,-1,-1
1170,84,1017.75,759.34,61.50,119.33,1,-1,-1,-1
1170,83,1125.07,590.74,46.96,123.94,1,-1,-1,-1
1170,70,389.61,223.67,50.21,101.37,1,-1,-1,-1
1171,83,1125.06,590.33,46.97,124.54,1,-1,-1,-1
1171,70,390.37,222.86,50.21,101.37,1,-1,-1,-1
1172,83,1125.05,590.18,46.98,125.43,1,-1,-1,-1
1172,70,390.18,221.19,50.05,101.86,1,-1,-1,-1
1174,84,1012.86,754.47,60.34,124.09,1,-1,-1,-1
1174,83,1125.22,590.50,46.91,125.23,1,-1,-1,-1
1174,70,391.53,219.46,50.04,101.86,1,-1,-1,-1
1175,84,1011.85,751.82,60.88,126.85,1,-1,-1,-1
1175,83,1125.04,589.25,46.99,125.86,1,-1,-1,-1
1175,70,392.03,218.96,50.01,102.76,1,-1,-1,-1
1176,84,1010.54,750.89,61.08,127.26,1,-1,-1,-1
1176,83,1125.03,589.74,46.98,124.63,1,-1,-1,-1
1176,70,392.91,218.72,50.65,102.27,1,-1,-1,-1
1177,83,1125.03,589.24,46.98,124.21,1,-1,-1,-1
1177,70,393.62,217.94,50.65,102.28,1,-1,-1,-1
1178,83,1125.67,589.75,46.36,124.64,1,-1,-1,-1
1178,70,394.32,217.17,50.65,102.29,1,-1,-1,-1
1179,84,1005.13,746.32,61.11,130.53,1,-1,-1,-1
1179,83,1125.75,589.80,46.31,124.53,1,-1,-1,-1
1179,70,394.15,217.66,50.14,99.69,1,-1,-1,-1
1180,84,1004.56,743.77,61.12,132.93,1,-1,-1,-1
1180,83,1125.95,590.00,46.09,125.59,1,-1,-1,-1
1180,70,394.77,216.90,50.13,99.68,1,-1,-1,-1
1181,84,1003.16,742.70,61.31,133.33,1,-1,-1,-1
1181,83,1125.35,590.00,46.67,125.22,1,-1,-1,-1
1181,70,395.06,215.21,49.29,98.43,1,-1,-1,-1
1182,84,1001.80,741.72,61.40,133.53,1,-1,-1,-1
1182,83,1125.38,590.04,46.67,125.22,1,-1,-1,-1
1182,70,395.87,214.07,49.10,96.87,1,-1,-1,-1
1184,83,1125.89,590.07,46.15,126.61,1,-1,-1,-1
1184,70,397.02,212.82,49.75,97.68,1,-1,-1,-1
1185,83,1125.98,590.06,46.05,126.86,1,-1,-1,-1
1185,70,397.23,211.98,50.54,97.88,1,-1,-1,-1
1186,83,1126.01,590.06,46.02,126.95,1,-1,-1,-1
1186,70,397.91,211.68,49.58,97.33,1,-1,-1,-1
1187,83,1126.02,590.05,46.01,126.98,1,-1,-1,-1
1187,70,398.17,210.94,49.84,97.12,1,-1,-1,-1
1188,83,1126.06,590.14,46.01,126.98,1,-1,-1,-1
1188,70,398.25,210.68,49.93,97.04,1,-1,-1,-1
1192,83,1126.02,590.03,46.00,126.13,1,-1,-1,-1
1192,70,400.30,207.52,49.89,96.95,1,-1,-1,-1
1193,83,1126.02,590.01,46.00,126.04,1,-1,-1,-1
1193,70,400.81,206.72,49.88,96.94,1,-1,-1,-1
1195,83,1126.02,589.99,45.99,125.27,1,-1,-1,-1
1195,70,401.83,205.13,49.88,96.92,1,-1,-1,-1
1197,83,1126.77,590.02,45.25,125.77,1,-1,-1,-1
1197,70,402.84,203.52,49.87,96.92,1,-1,-1,-1
1198,83,1126.94,590.06,45.09,127.17,1,-1,-1,-1
1198,70,403.35,202.72,49.87,96.92,1,-1,-1,-1
1199,83,1126.36,589.38,45.66,127.06,1,-1,-1,-1
1199,70,403.85,201.92,49.87,96.92,1,-1,-1,-1
1200,83,1126.13,589.16,45.87,128.27,1,-1,-1,-1
1200,70,404.36,201.12,49.87,96.92,1,-1,-1,-1
1203,83,1126.03,589.87,45.98,128.07,1,-1,-1,-1
1203,70,405.88,198.71,49.87,96.92,1,-1,-1,-1
1206,83,1125.99,589.28,46.02,132.00,1,-1,-1,-1
1206,70,407.40,196.31,49.87,96.92,1,-1,-1,-1
1207,83,1125.99,589.17,46.02,133.31,1,-1,-1,-1
1207,70,407.90,195.51,49.87,96.92,1,-1,-1,-1
1208,83,1125.99,589.14,46.02,134.40,1,-1,-1,-1
1208,70,408.41,194.70,49.87,96.92,1,-1,-1,-1
1209,83,1125.99,589.81,46.03,136.05,1,-1,-1,-1
1209,70,408.91,193.90,49.87,96.92,1,-1,-1,-1
1210,83,1125.35,590.02,46.65,136.07,1,-1,-1,-1
1210,70,409.42,193.10,49.87,96.92,1,-1,-1,-1
1211,83,1125.75,589.47,46.26,136.68,1,-1,-1,-1
1211,70,409.93,192.30,49.87,96.92,1,-1,-1,-1
1212,83,1125.26,589.22,46.74,136.31,1,-1,-1,-1
1212,70,410.43,191.50,49.87,96.92,1,-1,-1,-1
1213,83,1125.71,589.80,46.29,136.77,1,-1,-1,-1
1213,70,410.94,190.69,49.87,96.92,1,-1,-1,-1
1214,83,1125.89,590.01,46.13,136.95,1,-1,-1,-1
1214,70,411.45,189.89,49.87,96.92,1,-1,-1,-1
1215,83,1125.31,589.45,46.69,138.28,1,-1,-1,-1
1215,70,411.95,189.09,49.87,96.92,1,-1,-1,-1
1217,83,1125.05,589.95,46.94,138.15,1,-1,-1,-1
1217,70,412.96,187.49,49.87,96.92,1,-1,-1,-1
1219,83,1125.74,588.51,46.27,138.10,1,-1,-1,-1
1219,70,413.98,185.88,49.87,96.92,1,-1,-1,-1
1226,83,1125.96,589.01,46.06,139.87,1,-1,-1,-1
1226,70,417.52,180.27,49.87,96.92,1,-1,-1,-1
1228,83,1125.99,589.79,46.03,138.52,1,-1,-1,-1
1228,70,418.53,178.66,49.87,96.92,1,-1,-1,-1
1229,83,1125.99,589.93,46.02,137.58,1,-1,-1,-1
1229,70,419.04,177.86,49.87,96.92,1,-1,-1,-1
1263,85,1052.00,528.00,51.00,118.00,1,-1,-1,-1
1264,85,1050.94,526.12,50.97,117.92,1,-1,-1,-1
1320,86,321.00,741.00,65.00,137.00,1,-1,-1,-1
1321,86,320.86,739.05,65.20,138.74,1,-1,-1,-1
1322,86,319.26,736.94,66.73,141.03,1,-1,-1,-1
1323,86,319.58,735.07,66.46,142.01,1,-1,-1,-1
1324,86,319.70,733.89,65.63,142.16,1,-1,-1,-1
1328,86,317.98,727.70,67.02,145.16,1,-1,-1,-1
1330,87,12.00,315.00,53.00,116.00,1,-1,-1,-1
1331,87,12.03,312.92,53.85,117.08,1,-1,-1,-1
1332,87,11.27,311.60,55.57,118.46,1,-1,-1,-1
1333,87,12.57,310.72,55.34,118.44,1,-1,-1,-1
1334,87,13.02,309.70,55.88,117.82,1,-1,-1,-1
1335,87,13.83,308.79,55.39,117.43,1,-1,-1,-1
1336,87,14.79,307.83,55.20,117.27,1,-1,-1,-1
1345,88,673.00,759.00,72.00,120.00,1,-1,-1,-1
1346,88,672.70,758.02,71.37,120.73,1,-1,-1,-1
1347,88,671.81,756.43,70.53,122.15,1,-1,-1,-1
1348,88,670.10,754.41,71.01,124.24,1,-1,-1,-1
1349,88,669.55,752.52,69.83,126.02,1,-1,-1,-1
1353,88,664.29,748.01,70.70,127.59,1,-1,-1,-1
1409,89,528.00,295.00,49.00,111.00,1,-1,-1,-1
1410,89,528.04,293.99,48.93,110.17,1,-1,-1,-1
1412,90,1126.00,558.00,46.00,135.00,1,-1,-1,-1
1414,90,1125.96,557.98,46.03,135.09,1,-1,-1,-1
1438,91,811.00,332.00,55.00,112.00,1,-1,-1,-1
1440,91,809.92,330.36,54.27,114.27,1,-1,-1,-1
1472,93,123.00,774.00,59.00,105.00,1,-1,-1,-1
1472,92,1128.00,558.00,44.00,140.00,1,-1,-1,-1
1473,93,122.19,773.81,60.55,105.38,1,-1,-1,-1
1473,92,1128.07,557.25,43.93,139.12,1,-1,-1,-1
1474,93,122.80,773.92,60.22,105.16,1,-1,-1,-1
1474,92,1127.23,556.00,44.72,140.06,1,-1,-1,-1
1476,93,122.99,773.97,60.07,105.07,1,-1,-1,-1
1498,94,121.00,776.00,60.00,103.00,1,-1,-1,-1
1499,94,120.99,775.94,60.02,103.04,1,-1,-1,-1
1500,94,120.17,776.76,59.95,102.28,1,-1,-1,-1
1501,94,120.70,775.50,60.05,103.45,1,-1,-1,-1
1502,94,120.88,775.10,60.05,103.85,1,-1,-1,-1
1503,94,121.68,775.66,60.02,103.32,1,-1,-1,-1
1504,94,121.26,775.87,60.01,103.13,1,-1,-1,-1
1507,94,121.07,775.08,60.85,103.93,1,-1,-1,-1
1509,94,121.00,774.20,60.26,104.76,1,-1,-1,-1
1510,94,120.99,774.02,60.11,104.95,1,-1,-1,-1
1513,94,121.81,772.29,60.08,106.65,1,-1,-1,-1
1518,94,122.90,771.93,60.06,107.03,1,-1,-1,-1
1519,94,122.99,771.26,59.38,107.68,1,-1,-1,-1
1521,94,123.04,770.98,59.87,107.98,1,-1,-1,-1
1571,95,9.00,311.00,52.00,106.00,1,-1,-1,-1
1572,95,9.08,309.77,52.08,106.15,1,-1,-1,-1
1574,95,11.85,307.90,52.03,106.07,1,-1,-1,-1
1575,95,12.94,307.76,51.32,105.91,1,-1,-1,-1
1663,96,133.00,750.00,59.00,129.00,1,-1,-1,-1
1665,96,133.91,750.06,58.16,128.79,1,-1,-1,-1
1666,96,134.79,750.15,57.30,128.65,1,-1,-1,-1
1667,96,135.03,749.43,57.06,129.36,1,-1,-1,-1
1668,96,134.38,749.16,56.98,129.65,1,-1,-1,-1
1669,96,134.17,749.02,57.61,129.88,1,-1,-1,-1
1670,96,134.08,748.98,57.85,129.95,1,-1,-1,-1
1671,96,134.05,748.97,57.94,129.98,1,-1,-1,-1
1672,96,134.04,749.62,57.96,129.34,1,-1,-1,-1
1673,96,134.02,749.90,57.34,129.06,1,-1,-1,-1
1674,96,134.68,750.65,57.09,128.32,1,-1,-1,-1
1676,96,136.50,751.03,55.49,127.88,1,-1,-1,-1
1677,96,136.92,751.74,55.77,127.22,1,-1,-1,-1
1678,96,137.71,752.00,55.23,126.95,1,-1,-1,-1
1698,97,141.00,756.00,55.00,123.00,1,-1,-1,-1
1699,97,141.98,755.96,55.74,123.16,1,-1,-1,-1
1838,98,752.00,742.00,75.00,137.00,1,-1,-1,-1
1839,98,750.86,740.04,75.28,138.84,1,-1,-1,-1
1840,98,748.25,737.97,76.80,141.02,1,-1,-1,-1
1841,98,746.06,734.40,77.97,143.02,1,-1,-1,-1
1843,98,744.57,730.74,79.17,145.28,1,-1,-1,-1
1844,98,743.77,729.52,79.95,144.93,1,-1,-1,-1
1845,98,744.21,729.17,79.54,144.06,1,-1,-1,-1
1846,98,743.08,727.75,80.01,143.74,1,-1,-1,-1
1847,98,743.30,726.77,78.30,145.98,1,-1,-1,-1
1848,98,742.78,727.06,78.24,145.61,1,-1,-1,-1
1849,98,741.97,725.88,78.85,145.48,1,-1,-1,-1
1851,98,740.84,722.99,79.11,144.69,1,-1,-1,-1
1852,98,740.67,720.51,77.83,143.73,1,-1,-1,-1
1853,98,739.97,718.31,78.01,143.41,1,-1,-1,-1
1854,98,739.72,715.61,78.09,145.17,1,-1,-1,-1
1855,98,738.95,713.38,76.23,146.38,1,-1,-1,-1
1856,98,737.39,709.99,76.81,149.41,1,-1,-1,-1
1857,98,736.15,707.48,76.39,151.16,1,-1,-1,-1
1858,98,734.43,706.54,76.85,150.59,1,-1,-1,-1
1859,98,733.14,705.61,77.02,151.62,1,-1,-1,-1
1860,98,731.39,704.64,77.71,152.03,1,-1,-1,-1
1861,98,729.45,703.65,77.34,150.90,1,-1,-1,-1
1862,98,728.10,702.03,77.82,151.11,1,-1,-1,-1
1863,98,726.32,700.12,78.00,149.93,1,-1,-1,-1
1864,98,724.39,698.78,78.69,148.85,1,-1,-1,-1
1865,98,723.03,697.02,78.32,148.43,1,-1,-1,-1
1866,98,720.64,695.08,80.05,148.30,1,-1,-1,-1
1867,98,719.10,692.46,80.09,148.86,1,-1,-1,-1
1868,98,717.26,690.87,80.10,149.07,1,-1,-1,-1
1869,98,715.94,689.67,80.10,149.15,1,-1,-1,-1
1870,98,715.46,688.60,78.85,148.53,1,-1,-1,-1
1871,98,715.30,686.31,77.12,148.27,1,-1,-1,-1
1872,98,714.62,685.51,76.46,148.79,1,-1,-1,-1
1873,98,713.77,685.24,76.83,148.37,1,-1,-1,-1
1877,98,712.41,677.25,74.54,148.14,1,-1,-1,-1
1878,98,710.46,674.46,75.51,146.79,1,-1,-1,-1
1879,98,708.51,672.17,77.09,145.08,1,-1,-1,-1
1880,98,707.78,670.70,76.43,144.44,1,-1,-1,-1
1886,98,700.15,660.82,78.72,145.04,1,-1,-1,-1
1894,98,690.01,642.32,77.23,149.59,1,-1,-1,-1
1895,98,688.96,640.79,79.08,149.93,1,-1,-1,-1
1896,98,687.31,638.27,80.94,149.42,1,-1,-1,-1
1897,98,686.74,636.70,82.26,147.98,1,-1,-1,-1
1898,98,686.54,635.52,82.14,148.06,1,-1,-1,-1
1899,98,686.48,635.16,81.47,148.70,1,-1,-1,-1
1900,98,685.20,634.41,81.84,148.33,1,-1,-1,-1
1901,98,684.74,633.51,81.97,147.57,1,-1,-1,-1
1902,98,683.96,631.91,82.64,146.66,1,-1,-1,-1
1903,98,683.02,630.03,82.28,145.69,1,-1,-1,-1
1904,98,682.65,628.67,80.27,143.46,1,-1,-1,-1
1910,98,676.92,617.99,77.45,143.97,1,-1,-1,-1
1911,98,676.61,615.38,75.86,143.99,1,-1,-1,-1
1912,98,675.20,614.48,75.95,143.38,1,-1,-1,-1
1913,98,673.43,612.87,77.23,142.53,1,-1,-1,-1
1914,98,672.12,612.31,77.09,142.22,1,-1,-1,-1
1915,98,671.62,611.49,75.80,141.47,1,-1,-1,-1
1916,98,670.15,609.92,74.68,140.56,1,-1,-1,-1
1917,98,668.33,608.11,74.26,141.44,1,-1,-1,-1
1918,98,667.00,606.81,73.47,141.16,1,-1,-1,-1
1919,98,665.24,605.09,73.18,142.28,1,-1,-1,-1
1920,98,663.32,603.82,73.68,142.10,1,-1,-1,-1
1921,98,661.98,602.71,73.88,140.79,1,-1,-1,-1
1922,98,660.89,601.04,74.57,140.92,1,-1,-1,-1
1923,98,660.51,599.83,74.84,141.59,1,-1,-1,-1
1924,98,659.12,599.40,75.56,141.23,1,-1,-1,-1
1925,98,659.92,598.00,75.21,141.70,1,-1,-1,-1
1926,98,659.61,598.13,75.08,140.65,1,-1,-1,-1
1940,99,648.00,582.00,78.00,142.00,1,-1,-1,-1
1950,100,592.00,741.00,60.00,133.00,1,-1,-1,-1
1954,100,587.17,741.68,63.70,134.61,1,-1,-1,-1
1955,100,586.78,741.13,63.34,134.42,1,-1,-1,-1
1956,100,585.95,741.68,62.55,133.62,1,-1,-1,-1
1979,101,576.00,746.00,64.00,131.00,1,-1,-1,-1
1980,101,575.96,747.09,63.08,129.82,1,-1,-1,-1
2016,102,1.00,713.00,51.00,133.00,1,-1,-1,-1
2102,103,190.00,646.00,56.00,125.00,1,-1,-1,-1
2103,103,189.92,646.10,54.39,123.71,1,-1,-1,-1
2104,103,189.10,646.06,54.78,124.55,1,-1,-1,-1
