1,414,663.76,162.35,159.32,479.97,1,-1,-1,-1
1,409,1086.55,210.82,128.88,388.73,1,-1,-1,-1
1,368,814.28,139.22,170.48,513.46,1,-1,-1,-1
1,403,261.86,149.74,217.83,655.47,1,-1,-1,-1
2,414,657.97,163.29,159.47,480.42,1,-1,-1,-1
2,409,1082.77,211.15,129.55,390.75,1,-1,-1,-1
2,368,807.59,139.35,170.74,514.24,1,-1,-1,-1
2,403,249.56,150.37,219.60,660.79,1,-1,-1,-1
2,424,1620.95,550.18,41.45,126.47,1,-1,-1,-1
2,426,501.46,535.21,31.84,97.40,1,-1,-1,-1
2,427,181.85,561.87,51.78,157.34,1,-1,-1,-1
3,414,652.18,164.22,159.62,480.87,1,-1,-1,-1
3,409,1078.98,211.47,130.22,392.76,1,-1,-1,-1
3,368,800.90,139.49,170.99,515.01,1,-1,-1,-1
3,403,237.26,151.00,221.37,666.12,1,-1,-1,-1
3,424,1630.33,552.16,39.73,121.23,1,-1,-1,-1
3,426,503.55,548.77,29.79,91.15,1,-1,-1,-1
3,427,172.72,573.96,54.70,166.20,1,-1,-1,-1
4,414,646.39,165.16,159.77,481.32,1,-1,-1,-1
4,409,1075.20,211.79,130.89,394.78,1,-1,-1,-1
4,368,794.21,139.62,171.25,515.78,1,-1,-1,-1
4,403,224.96,151.63,223.14,671.44,1,-1,-1,-1
4,424,1637.81,550.39,41.27,125.92,1,-1,-1,-1
4,426,501.92,548.15,30.94,94.68,1,-1,-1,-1
4,427,161.56,577.92,55.62,169.01,1,-1,-1,-1
5,414,640.61,166.09,159.92,481.77,1,-1,-1,-1
5,409,1071.41,212.12,131.55,396.80,1,-1,-1,-1
5,368,787.52,139.75,171.51,516.56,1,-1,-1,-1
5,403,212.66,152.26,224.91,676.76,1,-1,-1,-1
5,424,1647.40,563.77,39.71,121.17,1,-1,-1,-1
5,426,496.65,543.08,31.30,95.78,1,-1,-1,-1
5,427,149.88,570.85,55.86,169.73,1,-1,-1,-1
6,414,634.82,167.02,160.06,482.22,1,-1,-1,-1
6,409,1067.63,212.44,132.22,398.82,1,-1,-1,-1
6,368,780.83,139.88,171.76,517.33,1,-1,-1,-1
6,403,200.36,152.88,226.68,682.09,1,-1,-1,-1
6,424,1656.15,574.28,39.14,119.43,1,-1,-1,-1
6,426,495.34,548.99,33.08,101.21,1,-1,-1,-1
6,427,146.66,578.70,53.24,161.76,1,-1,-1,-1
7,414,629.03,167.96,160.21,482.67,1,-1,-1,-1
7,409,1063.85,212.76,132.89,400.83,1,-1,-1,-1
7,368,774.14,140.01,172.02,518.10,1,-1,-1,-1
7,403,188.05,153.51,228.45,687.41,1,-1,-1,-1
7,424,1657.99,560.37,45.40,138.50,1,-1,-1,-1
7,426,494.94,546.25,33.69,103.09,1,-1,-1,-1
7,427,137.57,578.91,54.90,166.80,1,-1,-1,-1
7,416,55.49,708.77,44.87,135.41,1,-1,-1,-1
8,414,623.24,168.89,160.36,483.12,1,-1,-1,-1
8,409,1060.06,213.08,133.56,402.85,1,-1,-1,-1
8,368,767.45,140.14,172.28,518.88,1,-1,-1,-1
8,403,175.75,154.14,230.22,692.73,1,-1,-1,-1
8,424,1665.05,568.48,47.52,144.93,1,-1,-1,-1
8,426,494.87,549.86,33.91,103.74,1,-1,-1,-1
8,427,126.92,586.63,55.46,168.51,1,-1,-1,-1
8,416,31.99,737.74,39.16,118.40,1,-1,-1,-1
9,424,1671.21,570.76,48.71,148.55,1,-1,-1,-1
9,426,492.58,552.20,30.99,94.83,1,-1,-1,-1
9,427,115.69,581.77,55.66,169.08,1,-1,-1,-1
9,400,217.70,596.80,54.08,163.14,1,-1,-1,-1
10,424,1677.37,573.03,49.90,152.18,1,-1,-1,-1
10,426,489.21,548.89,31.32,95.87,1,-1,-1,-1
10,427,104.25,572.22,55.71,169.24,1,-1,-1,-1
10,429,3.16,723.32,41.45,126.47,1,-1,-1,-1
10,423,1588.52,602.18,41.80,127.50,1,-1,-1,-1
11,424,1689.02,578.32,47.05,143.48,1,-1,-1,-1
11,426,488.09,552.13,31.44,96.23,1,-1,-1,-1
11,427,92.78,583.72,55.71,169.24,1,-1,-1,-1
11,400,194.60,583.76,59.66,180.14,1,-1,-1,-1
12,424,1697.75,588.76,43.81,133.60,1,-1,-1,-1
12,426,486.54,553.21,31.42,96.17,1,-1,-1,-1
12,427,83.47,585.40,56.02,170.18,1,-1,-1,-1
12,400,180.23,580.78,60.73,183.51,1,-1,-1,-1
13,424,1702.31,590.13,44.63,136.08,1,-1,-1,-1
13,426,482.69,542.89,33.01,101.04,1,-1,-1,-1
13,427,74.17,587.09,56.33,171.11,1,-1,-1,-1
13,400,168.67,571.79,60.58,183.14,1,-1,-1,-1
14,424,1709.90,584.48,44.92,136.94,1,-1,-1,-1
14,426,481.31,543.63,33.60,102.83,1,-1,-1,-1
14,427,64.87,588.78,56.64,172.05,1,-1,-1,-1
15,424,1718.59,588.28,45.02,137.23,1,-1,-1,-1
15,426,479.52,543.37,33.83,103.55,1,-1,-1,-1
15,427,55.57,590.47,56.95,172.99,1,-1,-1,-1
15,431,1620.36,592.62,41.87,127.61,1,-1,-1,-1
16,424,1725.01,584.98,47.20,143.84,1,-1,-1,-1
16,426,479.16,545.45,30.99,94.86,1,-1,-1,-1
16,427,46.26,592.16,57.25,173.92,1,-1,-1,-1
16,431,1628.35,599.30,41.87,127.61,1,-1,-1,-1
17,424,1733.67,583.70,48.01,146.29,1,-1,-1,-1
17,426,475.53,544.61,32.88,100.63,1,-1,-1,-1
17,427,36.96,593.84,57.56,174.86,1,-1,-1,-1
17,400,117.41,584.02,63.99,193.55,1,-1,-1,-1
18,424,1743.14,589.55,48.31,147.18,1,-1,-1,-1
18,426,473.30,539.61,36.84,112.75,1,-1,-1,-1
18,427,27.66,595.53,57.87,175.79,1,-1,-1,-1
18,432,516.28,544.44,34.19,104.46,1,-1,-1,-1
19,424,1754.26,595.92,46.28,140.98,1,-1,-1,-1
19,426,472.47,537.72,38.35,117.33,1,-1,-1,-1
19,427,18.35,597.22,58.18,176.73,1,-1,-1,-1
19,423,1427.42,531.28,39.12,119.35,1,-1,-1,-1
20,424,1764.30,598.29,45.46,138.48,1,-1,-1,-1
20,426,470.66,536.95,39.01,119.35,1,-1,-1,-1
21,424,1773.35,601.40,47.32,144.13,1,-1,-1,-1
21,426,468.06,541.35,35.91,109.85,1,-1,-1,-1
21,423,1419.37,527.11,38.99,118.94,1,-1,-1,-1
22,424,1782.97,596.08,48.00,146.19,1,-1,-1,-1
22,426,464.82,535.39,39.92,122.07,1,-1,-1,-1
22,423,1424.39,526.64,39.00,118.99,1,-1,-1,-1
23,424,1787.24,594.04,50.54,153.87,1,-1,-1,-1
23,426,462.81,534.51,40.61,124.18,1,-1,-1,-1
24,424,1795.42,593.24,51.50,156.76,1,-1,-1,-1
24,426,460.80,533.63,41.30,126.30,1,-1,-1,-1
24,423,1426.33,526.38,39.01,119.00,1,-1,-1,-1
25,424,1809.75,599.13,49.59,150.96,1,-1,-1,-1
25,426,457.68,545.81,40.01,122.34,1,-1,-1,-1
25,423,1433.58,532.37,39.00,119.00,1,-1,-1,-1
26,424,1817.22,601.99,51.12,155.58,1,-1,-1,-1
26,426,455.55,548.52,41.33,126.34,1,-1,-1,-1
26,423,1436.65,531.63,40.89,124.73,1,-1,-1,-1
27,424,1823.68,601.67,54.11,164.65,1,-1,-1,-1
27,426,454.79,549.52,41.82,127.79,1,-1,-1,-1
27,423,1442.75,539.47,39.74,121.23,1,-1,-1,-1
28,424,1833.19,601.51,55.25,168.08,1,-1,-1,-1
28,426,452.81,550.14,42.39,129.55,1,-1,-1,-1
28,423,1445.48,537.38,39.27,119.82,1,-1,-1,-1
29,424,1843.90,608.68,55.68,169.35,1,-1,-1,-1
29,426,449.67,552.21,40.36,123.31,1,-1,-1,-1
29,423,1451.96,541.97,39.10,119.28,1,-1,-1,-1
30,424,1856.67,619.14,53.39,162.37,1,-1,-1,-1
30,426,447.58,552.98,40.67,124.28,1,-1,-1,-1
30,423,1454.51,543.73,39.03,119.08,1,-1,-1,-1
31,424,1865.66,621.78,53.86,163.79,1,-1,-1,-1
31,426,440.81,568.02,41.51,126.80,1,-1,-1,-1
31,423,1455.55,549.72,39.01,119.01,1,-1,-1,-1
31,409,1541.13,503.48,39.94,120.81,1,-1,-1,-1
32,424,1874.65,624.43,54.32,165.21,1,-1,-1,-1
32,426,438.21,570.32,41.88,127.93,1,-1,-1,-1
32,423,1461.30,557.28,39.00,118.98,1,-1,-1,-1
33,424,1883.63,627.08,54.79,166.62,1,-1,-1,-1
33,426,439.16,565.02,40.10,122.48,1,-1,-1,-1
33,423,1463.52,549.52,39.00,118.98,1,-1,-1,-1
33,409,1553.68,497.67,39.15,118.63,1,-1,-1,-1
34,424,1892.62,629.72,55.26,168.04,1,-1,-1,-1
34,426,437.89,561.04,41.28,126.05,1,-1,-1,-1
34,423,1469.68,546.56,39.00,118.98,1,-1,-1,-1
34,409,1555.96,496.34,39.35,119.40,1,-1,-1,-1
35,424,1901.61,632.37,55.72,169.46,1,-1,-1,-1
35,426,433.98,556.09,39.86,121.71,1,-1,-1,-1
35,423,1472.00,545.45,39.00,118.98,1,-1,-1,-1
35,414,1562.78,525.71,28.25,85.58,1,-1,-1,-1
36,424,1910.59,635.01,56.19,170.88,1,-1,-1,-1
36,426,432.57,554.11,39.29,119.98,1,-1,-1,-1
36,423,1478.16,545.04,39.00,118.98,1,-1,-1,-1
36,414,1574.01,523.79,25.67,78.03,1,-1,-1,-1
37,424,1919.58,637.66,56.66,172.30,1,-1,-1,-1
37,426,429.97,545.49,40.97,125.06,1,-1,-1,-1
37,423,1480.45,544.89,39.00,118.98,1,-1,-1,-1
37,431,1807.72,619.50,59.37,180.77,1,-1,-1,-1
37,409,1573.94,519.23,28.48,86.60,1,-1,-1,-1
38,424,1928.57,640.31,57.12,173.72,1,-1,-1,-1
38,426,425.96,550.04,39.74,121.31,1,-1,-1,-1
38,423,1481.79,544.57,38.99,118.95,1,-1,-1,-1
38,431,1820.14,622.18,57.29,174.35,1,-1,-1,-1
38,403,1563.78,480.62,42.91,129.59,1,-1,-1,-1
39,426,424.51,546.56,39.25,119.81,1,-1,-1,-1
39,423,1487.01,544.74,38.99,118.97,1,-1,-1,-1
39,403,1577.43,489.06,39.25,118.80,1,-1,-1,-1
40,426,424.06,545.28,39.07,119.25,1,-1,-1,-1
40,423,1494.21,539.53,39.00,118.98,1,-1,-1,-1
41,426,423.98,544.83,39.00,119.04,1,-1,-1,-1
41,423,1502.14,542.87,39.00,118.99,1,-1,-1,-1
42,426,421.50,547.84,40.85,124.68,1,-1,-1,-1
42,423,1505.04,544.16,39.00,118.99,1,-1,-1,-1
43,426,417.89,551.08,39.70,121.17,1,-1,-1,-1
43,423,1509.42,542.12,40.87,124.68,1,-1,-1,-1
43,403,1593.92,504.77,39.19,118.85,1,-1,-1,-1
44,426,413.66,550.22,41.12,125.48,1,-1,-1,-1
44,423,1512.84,549.04,39.73,121.21,1,-1,-1,-1
44,403,1596.47,494.10,41.61,126.30,1,-1,-1,-1
45,426,411.30,550.18,41.30,126.03,1,-1,-1,-1
45,423,1517.75,549.64,41.15,125.52,1,-1,-1,-1
45,403,1600.07,489.03,44.47,135.04,1,-1,-1,-1
46,426,408.98,552.02,39.85,121.61,1,-1,-1,-1
46,423,1519.49,549.85,41.67,127.10,1,-1,-1,-1
47,426,406.62,552.18,39.86,121.63,1,-1,-1,-1
47,423,1526.80,557.27,40.02,122.06,1,-1,-1,-1
47,403,1615.28,501.21,40.75,123.83,1,-1,-1,-1
48,426,405.03,552.37,43.17,131.71,1,-1,-1,-1
48,423,1534.80,560.13,39.36,120.06,1,-1,-1,-1
48,409,1624.31,532.44,27.50,83.81,1,-1,-1,-1
49,426,406.75,557.96,40.64,123.98,1,-1,-1,-1
49,423,1536.85,559.36,41.00,125.05,1,-1,-1,-1
49,409,1626.44,533.44,30.34,92.57,1,-1,-1,-1
50,426,402.28,554.88,39.57,120.73,1,-1,-1,-1
50,423,1537.53,559.05,41.60,126.88,1,-1,-1,-1
50,409,1631.43,529.64,31.28,95.49,1,-1,-1,-1
51,426,400.71,559.07,39.18,119.53,1,-1,-1,-1
51,423,1543.62,565.88,39.98,121.94,1,-1,-1,-1
52,426,396.51,558.82,40.92,124.82,1,-1,-1,-1
52,423,1551.13,568.48,39.34,119.99,1,-1,-1,-1
52,409,1643.07,533.63,29.97,91.56,1,-1,-1,-1
53,426,395.01,558.72,41.56,126.77,1,-1,-1,-1
53,423,1553.73,567.98,40.99,125.00,1,-1,-1,-1
54,426,392.92,560.40,39.95,121.88,1,-1,-1,-1
54,423,1560.21,567.77,41.59,126.84,1,-1,-1,-1
55,426,388.14,559.23,41.21,125.70,1,-1,-1,-1
55,423,1563.69,564.13,43.81,133.58,1,-1,-1,-1
55,409,1656.32,534.91,29.47,90.11,1,-1,-1,-1
56,426,385.21,560.55,39.82,121.45,1,-1,-1,-1
56,423,1565.03,555.23,48.99,149.32,1,-1,-1,-1
56,433,322.06,553.00,39.00,119.00,1,-1,-1,-1
56,409,1658.90,534.42,30.88,94.45,1,-1,-1,-1
57,426,379.74,559.25,41.16,125.53,1,-1,-1,-1
57,423,1568.94,554.99,49.86,151.99,1,-1,-1,-1
57,433,320.87,553.00,39.00,119.00,1,-1,-1,-1
57,409,1662.55,530.76,29.95,91.64,1,-1,-1,-1
58,426,376.95,555.28,39.80,121.38,1,-1,-1,-1
58,423,1572.86,554.74,50.74,154.67,1,-1,-1,-1
59,426,376.89,551.55,41.15,125.50,1,-1,-1,-1
59,423,1581.76,551.56,51.63,157.34,1,-1,-1,-1
59,433,310.71,550.14,41.48,126.57,1,-1,-1,-1
60,426,371.32,550.19,41.64,127.00,1,-1,-1,-1
60,423,1586.11,551.06,52.51,160.01,1,-1,-1,-1
60,433,309.02,549.64,41.92,127.89,1,-1,-1,-1
61,426,363.66,549.69,41.83,127.56,1,-1,-1,-1
61,423,1590.46,550.55,53.39,162.69,1,-1,-1,-1
61,433,305.31,551.74,40.10,122.34,1,-1,-1,-1
62,426,365.99,551.66,40.04,122.10,1,-1,-1,-1
62,423,1595.01,549.97,52.58,160.19,1,-1,-1,-1
62,433,304.13,546.99,39.39,120.17,1,-1,-1,-1
63,426,361.83,561.76,41.23,125.74,1,-1,-1,-1
63,423,1605.81,551.37,47.83,145.70,1,-1,-1,-1
63,433,301.32,546.03,39.41,120.24,1,-1,-1,-1
64,426,359.26,549.88,43.66,133.11,1,-1,-1,-1
64,423,1610.80,551.04,48.02,146.29,1,-1,-1,-1
64,433,296.23,543.80,43.11,131.51,1,-1,-1,-1
64,409,1689.31,514.07,38.42,117.49,1,-1,-1,-1
65,426,353.91,555.12,42.62,129.94,1,-1,-1,-1
65,423,1615.79,550.71,48.22,146.89,1,-1,-1,-1
65,433,288.47,548.96,44.45,135.57,1,-1,-1,-1
65,434,404.69,557.62,41.45,126.47,1,-1,-1,-1
65,409,1690.66,507.90,39.00,119.22,1,-1,-1,-1
66,426,352.22,564.30,40.32,122.93,1,-1,-1,-1
66,423,1620.77,550.39,48.41,147.48,1,-1,-1,-1
66,433,284.73,548.61,45.11,137.59,1,-1,-1,-1
66,434,403.95,564.93,41.87,127.76,1,-1,-1,-1
66,409,1696.14,505.46,39.21,119.83,1,-1,-1,-1
67,426,343.74,550.42,43.37,132.23,1,-1,-1,-1
67,423,1626.99,569.78,46.18,140.66,1,-1,-1,-1
67,433,282.94,549.23,43.21,131.77,1,-1,-1,-1
67,409,1698.15,514.84,39.27,120.00,1,-1,-1,-1
68,426,337.45,545.20,46.56,141.90,1,-1,-1,-1
68,423,1628.11,565.43,47.50,144.68,1,-1,-1,-1
68,433,279.42,548.99,43.58,132.92,1,-1,-1,-1
68,409,1702.92,522.63,34.50,105.45,1,-1,-1,-1
69,426,332.48,543.50,45.72,139.33,1,-1,-1,-1
69,423,1628.77,569.51,50.28,153.10,1,-1,-1,-1
69,433,275.90,548.75,43.96,134.08,1,-1,-1,-1
69,409,1707.13,527.84,34.09,104.22,1,-1,-1,-1
69,434,388.07,559.91,41.87,127.74,1,-1,-1,-1
70,426,328.41,540.37,49.76,151.60,1,-1,-1,-1
70,423,1634.96,571.81,49.07,149.41,1,-1,-1,-1
70,433,272.38,548.51,44.34,135.24,1,-1,-1,-1
70,409,1711.06,528.34,34.17,104.45,1,-1,-1,-1
71,426,325.48,541.34,49.05,149.42,1,-1,-1,-1
71,423,1637.99,571.83,50.88,154.89,1,-1,-1,-1
71,433,268.86,548.27,44.72,136.39,1,-1,-1,-1
71,409,1715.00,528.84,34.24,104.68,1,-1,-1,-1
71,434,378.45,554.02,44.34,135.25,1,-1,-1,-1
72,426,322.28,548.11,46.60,141.94,1,-1,-1,-1
72,423,1641.85,568.99,53.98,164.29,1,-1,-1,-1
72,433,265.34,548.03,45.10,137.55,1,-1,-1,-1
72,409,1709.76,518.53,37.37,114.23,1,-1,-1,-1
73,426,316.97,544.37,47.78,145.51,1,-1,-1,-1
73,423,1643.21,567.87,55.17,167.86,1,-1,-1,-1
73,433,261.82,547.79,45.48,138.70,1,-1,-1,-1
73,409,1712.64,517.80,37.80,115.52,1,-1,-1,-1
74,426,309.24,540.84,50.48,153.70,1,-1,-1,-1
74,423,1647.55,570.18,53.20,161.85,1,-1,-1,-1
74,433,258.30,547.54,45.86,139.86,1,-1,-1,-1
74,409,1713.92,519.62,38.69,118.23,1,-1,-1,-1
74,434,369.43,557.92,42.24,128.85,1,-1,-1,-1
75,426,304.48,547.86,47.17,143.64,1,-1,-1,-1
75,423,1654.29,578.36,50.08,152.35,1,-1,-1,-1
75,433,254.78,547.30,46.24,141.02,1,-1,-1,-1
75,409,1714.32,520.34,39.02,119.24,1,-1,-1,-1
75,434,361.43,554.35,44.01,134.23,1,-1,-1,-1
76,426,297.70,544.32,47.96,146.01,1,-1,-1,-1
76,423,1658.42,581.06,51.22,155.81,1,-1,-1,-1
76,409,1716.81,519.98,39.48,120.63,1,-1,-1,-1
76,434,356.33,553.36,46.73,142.48,1,-1,-1,-1
77,426,288.49,540.86,50.52,153.80,1,-1,-1,-1
77,423,1659.83,582.01,51.63,157.04,1,-1,-1,-1
77,409,1719.31,519.62,39.94,122.02,1,-1,-1,-1
77,434,350.99,552.87,45.64,139.14,1,-1,-1,-1
78,426,284.98,547.96,47.14,143.50,1,-1,-1,-1
78,423,1664.90,582.64,49.49,150.52,1,-1,-1,-1
78,409,1716.11,520.39,39.46,120.54,1,-1,-1,-1
78,434,343.01,552.65,45.19,137.75,1,-1,-1,-1
79,426,277.86,544.40,47.92,145.85,1,-1,-1,-1
79,423,1668.95,582.44,50.99,155.07,1,-1,-1,-1
79,409,1718.04,520.14,39.82,121.65,1,-1,-1,-1
79,434,338.43,552.89,45.26,137.97,1,-1,-1,-1
80,426,272.65,543.92,48.16,146.59,1,-1,-1,-1
80,423,1670.34,582.34,51.53,156.72,1,-1,-1,-1
80,409,1719.97,519.89,40.18,122.76,1,-1,-1,-1
80,434,333.86,553.14,45.34,138.19,1,-1,-1,-1
81,426,267.44,543.45,48.40,147.33,1,-1,-1,-1
81,423,1670.71,582.25,51.74,157.33,1,-1,-1,-1
81,409,1721.90,519.65,40.55,123.87,1,-1,-1,-1
81,434,324.93,552.72,45.07,137.37,1,-1,-1,-1
82,426,262.24,542.98,48.64,148.07,1,-1,-1,-1
82,423,1675.00,579.81,54.28,165.02,1,-1,-1,-1
82,409,1723.83,519.40,40.91,124.98,1,-1,-1,-1
82,434,319.87,552.89,45.11,137.47,1,-1,-1,-1
83,426,257.03,542.50,48.89,148.80,1,-1,-1,-1
83,423,1676.53,578.88,55.23,167.89,1,-1,-1,-1
83,409,1725.77,519.15,41.27,126.09,1,-1,-1,-1
83,434,314.82,553.07,45.14,137.58,1,-1,-1,-1
83,433,133.85,552.59,48.06,146.53,1,-1,-1,-1
84,426,250.04,548.83,46.39,141.19,1,-1,-1,-1
84,423,1676.99,578.49,55.59,168.95,1,-1,-1,-1
84,409,1727.70,518.90,41.63,127.19,1,-1,-1,-1
84,434,309.76,553.24,45.17,137.68,1,-1,-1,-1
84,433,127.65,556.78,43.86,133.70,1,-1,-1,-1
85,426,239.78,551.42,47.60,144.87,1,-1,-1,-1
85,423,1676.41,581.60,58.33,177.26,1,-1,-1,-1
85,409,1729.63,518.65,42.00,128.30,1,-1,-1,-1
85,434,304.70,553.41,45.21,137.78,1,-1,-1,-1
85,433,119.59,560.42,44.48,135.57,1,-1,-1,-1
86,426,233.48,550.61,50.33,153.16,1,-1,-1,-1
86,423,1683.99,579.53,56.78,172.54,1,-1,-1,-1
86,409,1731.56,518.40,42.36,129.41,1,-1,-1,-1
86,434,294.94,562.38,43.01,131.10,1,-1,-1,-1
86,433,110.80,561.66,44.70,136.22,1,-1,-1,-1
87,426,227.53,552.00,49.11,149.43,1,-1,-1,-1
87,423,1686.77,581.99,58.77,178.54,1,-1,-1,-1
87,434,287.04,562.20,44.22,134.76,1,-1,-1,-1
87,433,106.62,556.09,46.95,143.05,1,-1,-1,-1
88,426,221.54,558.49,46.44,141.33,1,-1,-1,-1
88,423,1687.84,586.95,56.90,172.87,1,-1,-1,-1
88,434,278.25,562.12,44.66,136.08,1,-1,-1,-1
88,433,100.53,559.86,45.68,139.15,1,-1,-1,-1
88,437,1676.46,534.48,82.52,249.14,1,-1,-1,-1
89,426,217.00,561.49,47.61,144.89,1,-1,-1,-1
89,423,1687.98,592.74,58.79,178.58,1,-1,-1,-1
89,434,268.73,562.60,46.97,143.11,1,-1,-1,-1
89,433,92.55,561.31,45.17,137.59,1,-1,-1,-1
90,426,215.47,562.55,48.03,146.16,1,-1,-1,-1
90,423,1690.60,588.79,62.28,189.14,1,-1,-1,-1
90,434,265.64,568.17,45.74,139.33,1,-1,-1,-1
90,433,83.79,567.92,44.98,137.01,1,-1,-1,-1
90,438,424.76,557.43,39.86,121.36,1,-1,-1,-1
91,426,208.63,562.89,48.19,146.64,1,-1,-1,-1
91,423,1688.95,593.22,60.85,184.78,1,-1,-1,-1
91,434,257.93,571.32,47.39,144.35,1,-1,-1,-1
91,433,74.74,570.35,44.91,136.81,1,-1,-1,-1
91,437,1673.88,534.63,90.50,273.25,1,-1,-1,-1
92,426,199.74,569.47,48.25,146.81,1,-1,-1,-1
92,423,1691.15,594.54,61.48,186.68,1,-1,-1,-1
92,434,248.79,572.46,48.00,146.19,1,-1,-1,-1
92,433,68.67,572.19,47.06,143.31,1,-1,-1,-1
92,437,1678.54,543.86,87.66,264.71,1,-1,-1,-1
92,438,406.88,553.41,44.43,135.26,1,-1,-1,-1
93,426,190.09,571.91,48.27,146.86,1,-1,-1,-1
93,423,1691.55,597.79,63.26,192.08,1,-1,-1,-1
93,434,240.71,577.85,46.11,140.41,1,-1,-1,-1
93,433,60.27,573.93,47.22,143.81,1,-1,-1,-1
93,437,1674.87,549.50,90.60,273.59,1,-1,-1,-1
93,438,402.86,562.38,43.21,131.57,1,-1,-1,-1
94,426,180.17,572.77,48.28,146.87,1,-1,-1,-1
94,423,1696.85,604.47,61.15,185.63,1,-1,-1,-1
94,434,233.92,579.73,46.18,140.65,1,-1,-1,-1
94,433,51.87,575.67,47.39,144.32,1,-1,-1,-1
94,437,1673.59,551.52,91.57,276.54,1,-1,-1,-1
94,438,395.81,565.88,42.59,129.69,1,-1,-1,-1
95,426,176.66,573.02,48.27,146.87,1,-1,-1,-1
95,423,1700.01,602.16,66.17,200.86,1,-1,-1,-1
95,434,224.26,574.62,49.84,151.75,1,-1,-1,-1
95,433,43.47,577.41,47.55,144.82,1,-1,-1,-1
95,437,1672.56,552.06,93.61,282.70,1,-1,-1,-1
95,438,391.93,574.13,40.34,122.85,1,-1,-1,-1
96,426,163.11,572.25,50.58,153.85,1,-1,-1,-1
96,423,1703.16,608.88,65.07,197.47,1,-1,-1,-1
96,434,217.52,579.81,48.96,149.06,1,-1,-1,-1
96,433,35.06,579.15,47.72,145.32,1,-1,-1,-1
96,437,1685.00,552.45,92.54,279.46,1,-1,-1,-1
96,438,385.30,576.99,39.48,120.25,1,-1,-1,-1
97,426,158.19,571.93,51.44,156.45,1,-1,-1,-1
97,423,1704.29,611.52,64.57,195.93,1,-1,-1,-1
97,434,215.23,581.84,48.58,147.88,1,-1,-1,-1
97,433,26.66,580.89,47.88,145.83,1,-1,-1,-1
97,437,1689.84,552.58,92.01,277.90,1,-1,-1,-1
97,438,369.74,560.91,45.51,138.58,1,-1,-1,-1
97,409,1698.60,546.27,31.87,97.43,1,-1,-1,-1
98,426,149.14,577.55,47.36,144.07,1,-1,-1,-1
98,423,1713.15,612.44,64.35,195.26,1,-1,-1,-1
98,434,208.14,582.55,48.42,147.40,1,-1,-1,-1
98,433,18.26,582.63,48.05,146.33,1,-1,-1,-1
98,437,1691.19,553.04,93.35,281.93,1,-1,-1,-1
98,438,366.52,571.09,41.73,127.10,1,-1,-1,-1
98,409,1690.86,539.60,37.17,113.59,1,-1,-1,-1
99,426,139.91,581.15,47.93,145.80,1,-1,-1,-1
99,423,1716.43,612.72,64.25,194.94,1,-1,-1,-1
99,434,199.21,582.76,48.36,147.19,1,-1,-1,-1
99,433,9.86,584.37,48.22,146.84,1,-1,-1,-1
99,437,1692.54,553.51,94.68,285.95,1,-1,-1,-1
99,438,359.56,572.16,42.06,128.12,1,-1,-1,-1
99,409,1688.87,543.51,38.32,117.08,1,-1,-1,-1
100,426,130.23,582.40,48.13,146.41,1,-1,-1,-1
100,423,1716.07,614.10,67.23,203.95,1,-1,-1,-1
100,434,191.51,582.44,50.63,154.07,1,-1,-1,-1
100,433,1.46,586.11,48.38,147.34,1,-1,-1,-1
100,437,1693.88,553.97,96.01,289.98,1,-1,-1,-1
100,438,343.45,557.66,48.59,147.97,1,-1,-1,-1
100,409,1688.20,545.00,38.79,118.48,1,-1,-1,-1
101,426,120.36,582.80,48.21,146.64,1,-1,-1,-1
101,423,1715.87,614.58,68.35,207.30,1,-1,-1,-1
101,434,184.55,583.62,51.04,155.31,1,-1,-1,-1
101,437,1695.23,554.44,97.35,294.01,1,-1,-1,-1
101,438,335.30,556.70,49.73,151.45,1,-1,-1,-1
101,409,1688.05,545.51,38.96,119.00,1,-1,-1,-1
102,426,117.74,587.53,46.08,140.18,1,-1,-1,-1
102,423,1718.04,614.18,71.97,218.26,1,-1,-1,-1
102,434,177.59,584.79,51.44,156.55,1,-1,-1,-1
102,437,1696.58,554.90,98.68,298.04,1,-1,-1,-1
102,438,327.15,555.73,50.87,154.92,1,-1,-1,-1
102,409,1682.78,545.64,39.02,119.18,1,-1,-1,-1
103,426,109.71,584.51,47.46,144.38,1,-1,-1,-1
103,423,1725.45,614.50,70.18,212.79,1,-1,-1,-1
103,434,170.63,585.97,51.85,157.79,1,-1,-1,-1
103,437,1697.92,555.37,100.01,302.07,1,-1,-1,-1
103,438,319.00,554.77,52.02,158.40,1,-1,-1,-1
103,409,1680.86,545.63,39.04,119.22,1,-1,-1,-1
104,426,100.47,583.40,47.96,145.90,1,-1,-1,-1
104,423,1728.27,614.54,69.40,210.41,1,-1,-1,-1
104,434,163.67,587.14,52.26,159.03,1,-1,-1,-1
104,437,1699.27,555.83,101.35,306.09,1,-1,-1,-1
104,438,315.59,567.75,45.91,139.81,1,-1,-1,-1
104,409,1680.22,545.58,39.05,119.22,1,-1,-1,-1
104,439,1541.83,514.60,31.16,95.61,1,-1,-1,-1
104,440,379.37,574.85,42.32,128.83,1,-1,-1,-1
105,426,88.02,582.58,50.45,153.46,1,-1,-1,-1
105,423,1732.23,613.99,72.34,219.29,1,-1,-1,-1
105,434,156.71,588.31,52.67,160.28,1,-1,-1,-1
105,437,1700.62,556.30,102.68,310.12,1,-1,-1,-1
105,438,307.89,568.13,46.36,141.17,1,-1,-1,-1
105,409,1680.06,545.52,39.04,119.21,1,-1,-1,-1
105,439,1540.94,514.30,31.48,96.59,1,-1,-1,-1
106,426,76.69,582.24,51.39,156.30,1,-1,-1,-1
106,423,1730.71,623.27,70.23,212.88,1,-1,-1,-1
106,434,149.74,589.49,53.07,161.52,1,-1,-1,-1
106,438,300.20,568.50,46.80,142.54,1,-1,-1,-1
106,409,1674.79,545.46,39.04,119.18,1,-1,-1,-1
107,426,72.59,575.21,51.75,157.37,1,-1,-1,-1
107,423,1732.93,617.16,72.62,220.09,1,-1,-1,-1
107,434,142.78,590.66,53.48,162.76,1,-1,-1,-1
107,438,292.50,568.88,47.25,143.90,1,-1,-1,-1
107,409,1672.87,545.41,39.03,119.16,1,-1,-1,-1
108,426,60.05,569.63,54.32,165.16,1,-1,-1,-1
108,423,1739.78,624.43,70.28,213.00,1,-1,-1,-1
108,434,135.82,591.83,53.89,164.00,1,-1,-1,-1
108,438,284.80,569.25,47.70,145.26,1,-1,-1,-1
108,409,1670.70,546.07,39.12,119.43,1,-1,-1,-1
108,441,210.63,583.32,37.13,113.16,1,-1,-1,-1
108,440,339.88,550.65,51.37,156.38,1,-1,-1,-1
109,426,53.01,570.32,52.88,160.77,1,-1,-1,-1
109,423,1742.33,627.22,69.32,210.08,1,-1,-1,-1
109,438,277.11,569.62,48.14,146.62,1,-1,-1,-1
109,409,1668.53,546.72,39.21,119.69,1,-1,-1,-1
109,441,200.27,583.88,40.80,124.35,1,-1,-1,-1
109,440,329.94,544.45,54.72,166.55,1,-1,-1,-1
110,426,43.74,570.63,52.27,158.92,1,-1,-1,-1
110,423,1745.15,626.35,75.75,229.54,1,-1,-1,-1
110,438,267.68,579.20,44.20,134.63,1,-1,-1,-1
110,409,1666.35,547.38,39.29,119.95,1,-1,-1,-1
110,441,193.51,584.75,39.76,121.18,1,-1,-1,-1
110,440,322.11,559.54,49.16,149.62,1,-1,-1,-1
111,426,33.58,570.76,52.03,158.18,1,-1,-1,-1
111,423,1746.17,626.03,78.10,236.62,1,-1,-1,-1
111,438,259.80,580.58,44.17,134.54,1,-1,-1,-1
111,409,1664.18,548.03,39.38,120.22,1,-1,-1,-1
111,441,182.03,589.26,37.33,113.78,1,-1,-1,-1
111,440,315.34,560.62,48.87,148.74,1,-1,-1,-1
112,426,24.13,575.42,54.40,165.36,1,-1,-1,-1
112,423,1746.44,625.84,79.01,239.34,1,-1,-1,-1
112,438,251.91,581.95,44.14,134.45,1,-1,-1,-1
112,409,1662.01,548.69,39.46,120.48,1,-1,-1,-1
112,441,174.66,590.84,36.82,112.25,1,-1,-1,-1
112,440,306.54,567.65,48.75,148.36,1,-1,-1,-1
113,426,12.93,579.47,52.86,160.67,1,-1,-1,-1
113,423,1746.43,625.70,79.33,240.27,1,-1,-1,-1
113,438,242.05,583.80,42.64,129.87,1,-1,-1,-1
113,409,1659.84,549.35,39.55,120.74,1,-1,-1,-1
113,441,165.75,591.17,36.37,110.89,1,-1,-1,-1
113,440,298.08,566.61,49.56,150.82,1,-1,-1,-1
114,426,8.51,581.41,49.91,151.71,1,-1,-1,-1
114,423,1746.33,625.61,79.42,240.51,1,-1,-1,-1
114,438,233.26,590.47,40.16,122.34,1,-1,-1,-1
114,409,1657.66,550.00,39.64,121.00,1,-1,-1,-1
114,441,154.48,592.85,38.09,116.14,1,-1,-1,-1
114,440,289.62,565.56,50.37,153.28,1,-1,-1,-1
114,434,66.68,583.27,51.90,157.91,1,-1,-1,-1
115,426,0.70,581.76,51.13,155.42,1,-1,-1,-1
115,423,1746.20,625.54,79.42,240.49,1,-1,-1,-1
115,438,225.06,592.54,39.68,120.87,1,-1,-1,-1
115,409,1655.49,550.66,39.72,121.27,1,-1,-1,-1
115,441,143.84,596.87,36.92,112.57,1,-1,-1,-1
115,440,281.16,564.51,51.17,155.74,1,-1,-1,-1
115,434,52.04,574.77,57.16,173.86,1,-1,-1,-1
116,426,-7.70,582.46,51.20,155.62,1,-1,-1,-1
116,423,1749.44,621.12,83.11,251.65,1,-1,-1,-1
116,438,216.86,594.61,39.20,119.40,1,-1,-1,-1
116,441,135.10,598.68,36.67,111.80,1,-1,-1,-1
116,440,269.29,574.25,47.38,144.21,1,-1,-1,-1
116,434,44.95,576.73,56.21,170.94,1,-1,-1,-1
117,426,-16.10,583.15,51.26,155.82,1,-1,-1,-1
117,423,1757.61,634.02,80.83,244.71,1,-1,-1,-1
117,438,201.60,593.94,40.86,124.46,1,-1,-1,-1
117,441,126.36,600.48,36.41,111.04,1,-1,-1,-1
117,440,256.36,572.13,50.41,153.40,1,-1,-1,-1
118,426,-24.50,583.84,51.33,156.02,1,-1,-1,-1
118,423,1760.75,639.14,79.86,241.75,1,-1,-1,-1
118,438,192.48,595.66,40.65,123.84,1,-1,-1,-1
118,441,117.62,602.29,36.16,110.27,1,-1,-1,-1
118,440,248.37,577.17,47.09,143.30,1,-1,-1,-1
119,426,-32.90,584.53,51.39,156.21,1,-1,-1,-1
119,423,1761.83,641.02,79.47,240.56,1,-1,-1,-1
119,438,183.37,597.37,40.44,123.21,1,-1,-1,-1
119,441,108.88,604.09,35.91,109.51,1,-1,-1,-1
119,440,235.21,573.18,50.27,152.95,1,-1,-1,-1
119,434,13.91,582.21,59.02,179.42,1,-1,-1,-1
120,426,-41.29,585.22,51.46,156.41,1,-1,-1,-1
120,423,1762.15,641.65,79.30,240.04,1,-1,-1,-1
120,438,174.26,599.09,40.24,122.58,1,-1,-1,-1
120,441,100.14,605.90,35.66,108.74,1,-1,-1,-1
120,440,226.84,578.94,49.13,149.49,1,-1,-1,-1
120,442,112.61,598.70,44.50,135.62,1,-1,-1,-1
121,426,-49.69,585.91,51.52,156.61,1,-1,-1,-1
121,423,1762.17,641.82,79.22,239.79,1,-1,-1,-1
121,438,165.15,600.81,40.03,121.95,1,-1,-1,-1
121,441,91.39,607.71,35.41,107.98,1,-1,-1,-1
121,440,213.91,580.90,50.96,155.04,1,-1,-1,-1
121,442,104.17,598.27,44.96,137.01,1,-1,-1,-1
122,426,-58.09,586.60,51.59,156.81,1,-1,-1,-1
122,423,1766.28,638.19,82.94,251.01,1,-1,-1,-1
122,438,156.04,602.53,39.82,121.32,1,-1,-1,-1
122,441,82.65,609.51,35.16,107.22,1,-1,-1,-1
122,440,202.46,581.61,51.64,157.07,1,-1,-1,-1
122,442,94.60,598.18,45.06,137.30,1,-1,-1,-1
123,426,-66.49,587.29,51.65,157.00,1,-1,-1,-1
123,423,1767.77,636.80,84.32,255.18,1,-1,-1,-1
123,438,146.93,604.24,39.62,120.69,1,-1,-1,-1
123,441,73.91,611.32,34.91,106.45,1,-1,-1,-1
123,440,191.52,581.85,51.88,157.80,1,-1,-1,-1
123,442,80.92,606.54,42.84,130.56,1,-1,-1,-1
123,443,266.33,567.59,39.42,120.14,1,-1,-1,-1
124,423,1779.38,647.37,84.84,256.71,1,-1,-1,-1
124,438,137.82,605.96,39.41,120.06,1,-1,-1,-1
124,440,180.79,581.92,51.96,158.02,1,-1,-1,-1
124,442,70.44,609.42,42.06,128.17,1,-1,-1,-1
124,443,259.43,567.48,41.26,125.75,1,-1,-1,-1
125,423,1783.41,645.96,89.00,269.26,1,-1,-1,-1
125,438,128.71,607.68,39.20,119.44,1,-1,-1,-1
125,440,170.58,582.55,52.41,159.38,1,-1,-1,-1
125,442,57.78,608.69,43.96,133.97,1,-1,-1,-1
125,443,250.67,563.33,44.11,134.44,1,-1,-1,-1
125,437,1768.52,547.67,128.59,388.22,1,-1,-1,-1
126,423,1784.86,645.39,90.56,273.96,1,-1,-1,-1
126,440,159.72,582.13,52.12,158.52,1,-1,-1,-1
126,442,47.39,608.39,44.63,135.98,1,-1,-1,-1
126,443,241.39,561.88,45.05,137.29,1,-1,-1,-1
127,423,1797.21,645.10,91.13,275.67,1,-1,-1,-1
127,440,148.97,588.77,49.70,151.15,1,-1,-1,-1
127,442,32.93,611.00,47.07,143.41,1,-1,-1,-1
127,443,234.67,560.99,46.25,140.95,1,-1,-1,-1
128,423,1801.46,650.39,87.34,264.20,1,-1,-1,-1
128,440,137.43,589.52,53.61,163.00,1,-1,-1,-1
128,442,22.53,612.46,47.58,144.97,1,-1,-1,-1
128,443,227.96,560.11,47.45,144.61,1,-1,-1,-1
129,423,1797.59,651.33,94.21,284.93,1,-1,-1,-1
129,440,126.04,589.79,55.00,167.22,1,-1,-1,-1
129,442,10.87,615.76,45.99,140.12,1,-1,-1,-1
129,443,221.24,559.23,48.66,148.28,1,-1,-1,-1
130,423,1801.71,659.08,92.51,279.78,1,-1,-1,-1
130,440,117.87,597.93,50.85,154.59,1,-1,-1,-1
130,442,0.31,617.44,46.25,140.89,1,-1,-1,-1
130,443,214.52,558.35,49.86,151.94,1,-1,-1,-1
130,409,1727.43,561.05,39.00,119.04,1,-1,-1,-1
131,423,1803.19,662.13,91.75,277.46,1,-1,-1,-1
131,440,104.40,592.69,54.02,164.23,1,-1,-1,-1
131,442,-10.25,619.13,46.50,141.66,1,-1,-1,-1
131,443,207.80,557.47,51.06,155.60,1,-1,-1,-1
131,409,1729.73,561.24,38.98,118.97,1,-1,-1,-1
132,423,1810.88,655.59,95.74,289.47,1,-1,-1,-1
132,440,92.34,598.18,55.14,167.61,1,-1,-1,-1
132,442,-20.80,620.81,46.75,142.43,1,-1,-1,-1
132,443,193.60,568.91,45.48,138.60,1,-1,-1,-1
132,409,1725.18,561.31,38.97,118.94,1,-1,-1,-1
133,423,1818.38,660.60,92.99,281.14,1,-1,-1,-1
133,440,84.08,601.63,53.13,161.49,1,-1,-1,-1
133,442,-31.36,622.50,47.00,143.19,1,-1,-1,-1
133,443,186.01,569.48,45.88,139.83,1,-1,-1,-1
133,409,1723.36,561.31,38.97,118.94,1,-1,-1,-1
134,423,1821.14,662.51,91.83,277.64,1,-1,-1,-1
134,440,73.53,603.30,53.39,162.28,1,-1,-1,-1
134,442,-41.91,624.18,47.25,143.96,1,-1,-1,-1
134,443,174.45,579.38,43.35,132.10,1,-1,-1,-1
134,409,1722.56,561.28,38.97,118.94,1,-1,-1,-1
135,423,1824.97,664.18,92.38,279.28,1,-1,-1,-1
135,440,56.93,610.42,52.41,159.30,1,-1,-1,-1
135,442,-52.47,625.87,47.51,144.73,1,-1,-1,-1
135,443,166.35,581.13,43.37,132.18,1,-1,-1,-1
135,409,1716.86,561.25,38.97,118.95,1,-1,-1,-1
136,423,1828.79,665.85,92.92,280.92,1,-1,-1,-1
136,440,46.11,612.19,54.51,165.67,1,-1,-1,-1
136,442,-63.03,627.55,47.76,145.50,1,-1,-1,-1
136,443,158.25,582.89,43.40,132.27,1,-1,-1,-1
136,409,1714.64,561.22,38.98,118.95,1,-1,-1,-1
137,423,1832.62,667.53,93.46,282.56,1,-1,-1,-1
137,440,34.97,612.80,55.29,168.02,1,-1,-1,-1
137,442,-73.58,629.24,48.01,146.26,1,-1,-1,-1
137,443,150.15,584.65,43.43,132.36,1,-1,-1,-1
137,409,1715.28,561.59,38.95,118.88,1,-1,-1,-1
138,423,1836.45,669.20,94.00,284.21,1,-1,-1,-1
138,440,16.89,609.91,58.20,176.84,1,-1,-1,-1
138,443,142.05,586.41,43.46,132.45,1,-1,-1,-1
138,409,1715.92,561.95,38.93,118.80,1,-1,-1,-1
139,423,1840.27,670.87,94.55,285.85,1,-1,-1,-1
139,440,2.45,611.76,56.72,172.32,1,-1,-1,-1
139,443,133.94,588.16,43.49,132.54,1,-1,-1,-1
139,409,1716.56,562.31,38.90,118.73,1,-1,-1,-1
140,423,1844.10,672.54,95.09,287.49,1,-1,-1,-1
140,440,-9.69,613.31,57.16,173.66,1,-1,-1,-1
140,443,125.84,589.92,43.52,132.63,1,-1,-1,-1
140,409,1717.19,562.67,38.88,118.66,1,-1,-1,-1
141,423,1847.92,674.21,95.63,289.13,1,-1,-1,-1
141,440,-21.83,614.86,57.60,175.00,1,-1,-1,-1
141,443,117.74,591.68,43.55,132.72,1,-1,-1,-1
141,409,1709.34,556.39,38.95,118.86,1,-1,-1,-1
141,444,1561.00,545.00,39.00,119.00,1,-1,-1,-1
142,423,1851.75,675.88,96.18,290.77,1,-1,-1,-1
142,440,-33.97,616.41,58.04,176.34,1,-1,-1,-1
142,443,109.64,593.44,43.58,132.81,1,-1,-1,-1
142,409,1706.37,554.02,38.97,118.94,1,-1,-1,-1
142,444,1561.00,545.00,39.00,119.00,1,-1,-1,-1
143,440,-46.11,617.96,58.48,177.68,1,-1,-1,-1
143,409,1705.76,553.41,38.96,118.91,1,-1,-1,-1
143,444,1554.89,545.00,39.00,119.00,1,-1,-1,-1
144,440,-58.25,619.51,58.93,179.02,1,-1,-1,-1
144,409,1699.76,558.22,38.98,118.96,1,-1,-1,-1
144,444,1552.94,545.00,39.00,119.00,1,-1,-1,-1
145,440,-70.39,621.06,59.37,180.36,1,-1,-1,-1
145,409,1697.53,560.06,38.99,118.98,1,-1,-1,-1
145,444,1546.27,542.26,41.02,125.16,1,-1,-1,-1
146,440,-82.53,622.61,59.81,181.70,1,-1,-1,-1
146,409,1696.73,560.75,38.99,118.99,1,-1,-1,-1
146,444,1544.41,543.93,39.79,121.40,1,-1,-1,-1
147,440,-94.67,624.16,60.25,183.04,1,-1,-1,-1
147,409,1695.47,561.00,38.99,118.97,1,-1,-1,-1
147,444,1537.59,547.90,41.24,125.83,1,-1,-1,-1
148,409,1694.21,561.25,38.98,118.96,1,-1,-1,-1
148,444,1536.02,551.48,39.86,121.62,1,-1,-1,-1
149,409,1692.94,561.51,38.98,118.95,1,-1,-1,-1
149,444,1530.20,547.38,39.31,119.94,1,-1,-1,-1
150,409,1691.68,561.76,38.97,118.93,1,-1,-1,-1
150,444,1528.21,551.26,39.11,119.32,1,-1,-1,-1
151,409,1690.42,562.01,38.97,118.92,1,-1,-1,-1
151,444,1522.25,552.67,39.03,119.09,1,-1,-1,-1
152,409,1689.15,562.26,38.96,118.91,1,-1,-1,-1
152,444,1512.91,545.25,40.90,124.77,1,-1,-1,-1
153,409,1687.89,562.52,38.96,118.89,1,-1,-1,-1
153,444,1506.19,545.01,39.73,121.22,1,-1,-1,-1
154,409,1686.62,562.77,38.96,118.88,1,-1,-1,-1
154,444,1501.51,542.36,41.16,125.55,1,-1,-1,-1
155,444,1496.92,543.91,39.82,121.49,1,-1,-1,-1
156,444,1490.06,544.55,39.29,119.87,1,-1,-1,-1
157,444,1482.36,544.79,39.09,119.26,1,-1,-1,-1
158,444,1476.26,542.34,40.90,124.77,1,-1,-1,-1
159,444,1472.26,538.72,39.73,121.19,1,-1,-1,-1
160,444,1465.68,542.65,39.26,119.75,1,-1,-1,-1
161,444,1463.42,538.81,39.08,119.22,1,-1,-1,-1
162,444,1458.56,540.16,40.89,124.74,1,-1,-1,-1
163,444,1455.79,543.17,39.72,121.18,1,-1,-1,-1
164,444,1449.68,544.37,39.25,119.75,1,-1,-1,-1
165,444,1442.26,544.82,39.08,119.21,1,-1,-1,-1
166,444,1439.67,544.99,39.01,119.02,1,-1,-1,-1
167,444,1433.60,539.74,38.99,118.95,1,-1,-1,-1
168,444,1426.20,537.77,38.98,118.93,1,-1,-1,-1
169,444,1423.61,537.04,38.98,118.93,1,-1,-1,-1
170,444,1416.71,533.88,40.86,124.64,1,-1,-1,-1
171,444,1414.25,532.72,41.55,126.75,1,-1,-1,-1
172,444,1407.96,532.31,41.82,127.56,1,-1,-1,-1
173,444,1405.74,532.19,41.92,127.84,1,-1,-1,-1
174,444,1406.23,535.06,40.09,122.27,1,-1,-1,-1
175,444,1402.00,534.62,40.10,122.29,1,-1,-1,-1
176,444,1399.90,541.35,39.38,120.12,1,-1,-1,-1
177,444,1399.30,543.90,39.11,119.30,1,-1,-1,-1
178,444,1393.89,544.84,39.01,119.00,1,-1,-1,-1
179,444,1390.05,542.62,40.86,124.62,1,-1,-1,-1
180,444,1386.24,542.94,40.99,125.01,1,-1,-1,-1
181,444,1384.11,544.40,39.73,121.19,1,-1,-1,-1
182,444,1379.81,537.61,43.16,131.61,1,-1,-1,-1
183,444,1376.67,542.22,40.63,123.92,1,-1,-1,-1
184,444,1372.96,541.57,41.47,126.45,1,-1,-1,-1
185,444,1371.68,535.71,41.77,127.37,1,-1,-1,-1
186,444,1368.74,541.61,40.02,122.04,1,-1,-1,-1
187,444,1368.65,536.55,43.26,131.91,1,-1,-1,-1
187,446,1617.00,554.06,39.00,119.00,1,-1,-1,-1
188,444,1364.80,539.36,42.47,129.50,1,-1,-1,-1
188,446,1617.00,552.87,39.00,119.00,1,-1,-1,-1
189,444,1363.43,540.51,42.14,128.47,1,-1,-1,-1
189,446,1617.00,552.62,39.00,119.00,1,-1,-1,-1
190,444,1357.35,540.95,42.00,128.06,1,-1,-1,-1
190,446,1614.01,550.23,41.08,125.35,1,-1,-1,-1
191,444,1355.17,541.12,41.95,127.89,1,-1,-1,-1
191,446,1615.84,551.73,39.81,121.46,1,-1,-1,-1
192,444,1352.66,543.70,40.06,122.13,1,-1,-1,-1
192,446,1613.73,550.11,41.28,125.94,1,-1,-1,-1
193,444,1353.71,542.11,41.23,125.70,1,-1,-1,-1
193,446,1615.75,551.76,39.87,121.66,1,-1,-1,-1
194,444,1352.34,544.05,39.79,121.33,1,-1,-1,-1
194,446,1616.55,552.45,39.31,119.95,1,-1,-1,-1
195,444,1348.03,542.23,41.13,125.41,1,-1,-1,-1
195,446,1622.29,552.72,39.11,119.32,1,-1,-1,-1
196,444,1346.51,541.56,41.62,126.89,1,-1,-1,-1
196,446,1618.98,552.83,39.03,119.09,1,-1,-1,-1
197,444,1346.04,541.30,41.81,127.45,1,-1,-1,-1
197,446,1623.10,552.88,39.00,119.00,1,-1,-1,-1
198,444,1343.09,536.49,43.87,133.73,1,-1,-1,-1
198,446,1624.62,552.91,38.99,118.97,1,-1,-1,-1
199,444,1342.03,534.68,44.65,136.08,1,-1,-1,-1
199,446,1625.16,552.93,38.99,118.97,1,-1,-1,-1
200,444,1341.71,534.00,44.94,136.95,1,-1,-1,-1
200,446,1628.75,550.77,40.87,124.70,1,-1,-1,-1
201,444,1338.97,538.45,43.06,131.23,1,-1,-1,-1
201,446,1630.06,549.98,41.57,126.82,1,-1,-1,-1
202,444,1340.77,535.43,44.33,135.10,1,-1,-1,-1
202,446,1632.38,551.81,39.99,121.98,1,-1,-1,-1
203,444,1338.76,539.01,42.82,130.47,1,-1,-1,-1
203,446,1631.31,550.38,41.24,125.81,1,-1,-1,-1
204,444,1338.07,540.44,42.21,128.63,1,-1,-1,-1
204,446,1635.24,545.57,43.68,133.23,1,-1,-1,-1
205,444,1337.88,540.96,41.98,127.94,1,-1,-1,-1
205,446,1637.96,547.97,42.66,130.09,1,-1,-1,-1
206,444,1336.78,543.70,40.02,121.97,1,-1,-1,-1
206,446,1640.46,551.13,40.36,123.08,1,-1,-1,-1
207,444,1334.13,543.50,43.24,131.77,1,-1,-1,-1
207,446,1645.53,550.17,41.37,126.15,1,-1,-1,-1
208,444,1330.90,547.68,42.41,129.25,1,-1,-1,-1
208,446,1648.48,557.22,39.87,121.59,1,-1,-1,-1
209,444,1330.17,538.12,46.24,140.89,1,-1,-1,-1
209,446,1647.49,554.18,43.21,131.75,1,-1,-1,-1
210,444,1329.90,534.63,47.64,145.14,1,-1,-1,-1
210,446,1653.04,553.09,44.41,135.39,1,-1,-1,-1
211,444,1331.70,539.91,46.09,140.40,1,-1,-1,-1
211,446,1655.59,556.50,42.91,130.81,1,-1,-1,-1
212,444,1332.50,542.04,45.44,138.42,1,-1,-1,-1
212,446,1662.17,557.84,42.29,128.93,1,-1,-1,-1
212,447,879.85,532.60,20.43,63.31,1,-1,-1,-1
213,444,1332.84,542.85,45.19,137.64,1,-1,-1,-1
213,446,1664.55,558.32,42.06,128.21,1,-1,-1,-1
213,447,878.92,530.11,21.60,66.90,1,-1,-1,-1
214,444,1333.00,543.14,45.09,137.32,1,-1,-1,-1
214,446,1671.03,558.49,41.96,127.92,1,-1,-1,-1
215,444,1333.09,543.25,45.04,137.18,1,-1,-1,-1
215,446,1673.73,554.60,43.93,133.90,1,-1,-1,-1
216,444,1333.15,549.34,45.02,137.11,1,-1,-1,-1
216,446,1680.63,553.15,44.66,136.12,1,-1,-1,-1
217,444,1336.54,555.55,43.00,130.97,1,-1,-1,-1
217,446,1683.20,552.59,44.94,136.95,1,-1,-1,-1
218,444,1337.86,557.88,42.22,128.60,1,-1,-1,-1
218,446,1686.53,552.37,45.27,137.95,1,-1,-1,-1
219,444,1341.13,554.70,43.97,133.94,1,-1,-1,-1
219,446,1689.85,552.15,45.60,138.96,1,-1,-1,-1
220,444,1342.31,553.52,44.62,135.88,1,-1,-1,-1
220,446,1693.18,551.94,45.93,139.97,1,-1,-1,-1
221,444,1341.33,546.67,47.00,143.13,1,-1,-1,-1
221,446,1696.51,551.72,46.26,140.97,1,-1,-1,-1
222,444,1345.16,548.62,43.83,133.50,1,-1,-1,-1
222,446,1699.84,551.50,46.59,141.98,1,-1,-1,-1
223,444,1348.88,544.68,46.77,142.41,1,-1,-1,-1
223,446,1703.17,551.29,46.92,142.99,1,-1,-1,-1
224,444,1350.19,543.28,47.80,145.55,1,-1,-1,-1
224,446,1706.50,551.07,47.25,143.99,1,-1,-1,-1
225,444,1351.68,543.07,46.08,140.31,1,-1,-1,-1
225,446,1709.83,550.85,47.58,145.00,1,-1,-1,-1
226,444,1351.16,542.68,47.55,144.76,1,-1,-1,-1
227,444,1350.95,542.55,48.09,146.38,1,-1,-1,-1
227,446,1745.76,544.67,48.11,146.57,1,-1,-1,-1
228,444,1357.30,542.51,48.28,146.97,1,-1,-1,-1
228,446,1754.95,543.71,45.97,140.05,1,-1,-1,-1
229,444,1359.70,542.52,48.35,147.16,1,-1,-1,-1
229,446,1763.31,543.03,47.39,144.35,1,-1,-1,-1
230,444,1360.56,542.53,48.36,147.19,1,-1,-1,-1
230,446,1772.64,542.79,47.90,145.89,1,-1,-1,-1
231,444,1362.50,540.35,50.65,154.14,1,-1,-1,-1
231,446,1782.43,542.70,48.10,146.48,1,-1,-1,-1
232,444,1367.99,547.95,47.15,143.48,1,-1,-1,-1
232,446,1792.32,542.67,48.18,146.70,1,-1,-1,-1
233,444,1370.08,551.04,45.70,139.09,1,-1,-1,-1
233,446,1802.30,542.66,48.21,146.78,1,-1,-1,-1
234,444,1370.67,545.66,47.36,144.13,1,-1,-1,-1
234,446,1810.31,542.59,48.26,146.93,1,-1,-1,-1
235,444,1370.96,550.04,45.83,139.47,1,-1,-1,-1
235,446,1821.50,542.64,48.24,146.86,1,-1,-1,-1
236,444,1373.10,543.04,49.74,151.35,1,-1,-1,-1
236,446,1829.85,542.58,48.28,146.98,1,-1,-1,-1
237,444,1373.86,540.53,51.15,155.61,1,-1,-1,-1
237,446,1838.21,542.51,48.32,147.11,1,-1,-1,-1
238,444,1380.88,539.55,51.70,157.26,1,-1,-1,-1
238,446,1845.68,536.04,53.03,161.40,1,-1,-1,-1
239,444,1383.55,539.19,51.89,157.84,1,-1,-1,-1
239,446,1853.94,535.29,53.58,163.07,1,-1,-1,-1
240,444,1390.27,534.76,54.40,165.43,1,-1,-1,-1
240,446,1862.20,534.53,54.13,164.74,1,-1,-1,-1
241,444,1393.89,537.35,52.93,160.96,1,-1,-1,-1
241,446,1870.46,533.77,54.68,166.41,1,-1,-1,-1
242,444,1395.18,538.45,52.31,159.06,1,-1,-1,-1
242,446,1878.72,533.01,55.23,168.08,1,-1,-1,-1
243,444,1403.82,541.40,47.61,144.78,1,-1,-1,-1
243,446,1886.98,532.25,55.77,169.74,1,-1,-1,-1
244,444,1406.98,542.58,45.77,139.19,1,-1,-1,-1
244,446,1895.24,531.49,56.32,171.41,1,-1,-1,-1
245,444,1413.82,540.40,49.70,151.15,1,-1,-1,-1
245,446,1903.50,530.73,56.87,173.08,1,-1,-1,-1
246,444,1418.65,541.80,48.82,148.48,1,-1,-1,-1
246,446,1911.76,529.98,57.42,174.75,1,-1,-1,-1
247,444,1424.90,540.16,50.78,154.41,1,-1,-1,-1
248,444,1429.05,541.73,49.23,149.69,1,-1,-1,-1
249,444,1435.46,540.14,50.93,154.85,1,-1,-1,-1
250,444,1438.54,535.23,53.99,164.16,1,-1,-1,-1
251,444,1446.62,539.77,50.51,153.57,1,-1,-1,-1
252,444,1455.58,539.43,51.39,156.24,1,-1,-1,-1
253,444,1458.72,539.31,51.71,157.20,1,-1,-1,-1
254,444,1466.69,528.14,56.92,173.00,1,-1,-1,-1
255,444,1476.27,534.75,53.93,163.93,1,-1,-1,-1
256,444,1486.05,539.82,50.32,152.94,1,-1,-1,-1
257,444,1493.69,535.03,53.83,163.59,1,-1,-1,-1
258,444,1503.69,533.35,55.06,167.32,1,-1,-1,-1
259,444,1507.34,532.72,55.53,168.73,1,-1,-1,-1
260,444,1513.66,532.04,56.00,170.18,1,-1,-1,-1
261,444,1519.97,531.37,56.48,171.62,1,-1,-1,-1
262,444,1526.29,530.69,56.96,173.07,1,-1,-1,-1
263,444,1532.60,530.02,57.43,174.51,1,-1,-1,-1
264,444,1538.92,529.35,57.91,175.96,1,-1,-1,-1
265,444,1545.24,528.67,58.38,177.41,1,-1,-1,-1
266,444,1551.55,528.00,58.86,178.85,1,-1,-1,-1
267,444,1557.87,527.32,59.33,180.30,1,-1,-1,-1
267,448,1216.04,527.21,39.42,120.14,1,-1,-1,-1
270,444,1567.28,584.47,59.59,181.03,1,-1,-1,-1
271,444,1582.32,587.33,62.49,189.81,1,-1,-1,-1
272,444,1595.91,596.82,63.48,192.78,1,-1,-1,-1
273,444,1612.13,591.93,66.87,203.01,1,-1,-1,-1
274,444,1625.53,588.14,71.33,216.50,1,-1,-1,-1
275,444,1640.92,588.32,69.92,212.17,1,-1,-1,-1
276,444,1655.72,597.24,69.30,210.24,1,-1,-1,-1
277,444,1665.60,601.55,69.95,212.23,1,-1,-1,-1
278,444,1675.49,605.87,70.61,214.23,1,-1,-1,-1
279,444,1685.38,610.19,71.27,216.22,1,-1,-1,-1
280,444,1717.39,610.91,76.42,231.77,1,-1,-1,-1
281,444,1729.50,614.87,77.52,235.13,1,-1,-1,-1
282,444,1741.62,618.82,78.63,238.49,1,-1,-1,-1
283,444,1753.74,622.78,79.74,241.85,1,-1,-1,-1
283,450,1741.20,535.19,62.78,190.60,1,-1,-1,-1
284,444,1793.90,615.25,79.54,241.19,1,-1,-1,-1
284,450,1755.10,543.11,60.87,184.79,1,-1,-1,-1
285,444,1819.42,612.17,79.43,240.80,1,-1,-1,-1
285,450,1769.12,546.22,59.97,182.07,1,-1,-1,-1
286,444,1835.25,614.46,80.30,243.45,1,-1,-1,-1
286,450,1780.69,537.67,62.84,190.76,1,-1,-1,-1
286,448,1256.92,552.99,39.04,119.00,1,-1,-1,-1
287,444,1851.08,616.74,81.18,246.10,1,-1,-1,-1
287,450,1794.06,543.73,60.79,184.53,1,-1,-1,-1
287,448,1263.14,553.39,39.03,119.01,1,-1,-1,-1
288,444,1866.91,619.03,82.05,248.75,1,-1,-1,-1
288,450,1806.62,537.00,63.01,191.25,1,-1,-1,-1
288,448,1268.55,551.36,40.92,124.74,1,-1,-1,-1
289,444,1882.74,621.32,82.93,251.40,1,-1,-1,-1
289,450,1819.15,543.33,60.87,184.74,1,-1,-1,-1
289,448,1272.42,552.71,39.76,121.24,1,-1,-1,-1
290,444,1898.57,623.60,83.80,254.05,1,-1,-1,-1
290,450,1827.24,534.53,66.15,200.74,1,-1,-1,-1
290,448,1279.11,553.19,39.29,119.81,1,-1,-1,-1
291,444,1914.40,625.89,84.68,256.70,1,-1,-1,-1
291,450,1839.10,531.44,68.01,206.35,1,-1,-1,-1
291,448,1282.50,554.02,39.30,119.83,1,-1,-1,-1
292,444,1930.23,628.17,85.55,259.35,1,-1,-1,-1
292,450,1856.18,541.09,65.68,199.28,1,-1,-1,-1
292,448,1285.90,554.84,39.30,119.85,1,-1,-1,-1
293,444,1946.06,630.46,86.42,262.00,1,-1,-1,-1
293,450,1870.90,544.96,64.71,196.32,1,-1,-1,-1
293,448,1289.29,555.66,39.31,119.87,1,-1,-1,-1
294,450,1882.89,545.50,65.12,197.57,1,-1,-1,-1
294,448,1292.68,556.49,39.32,119.88,1,-1,-1,-1
295,450,1894.87,546.04,65.54,198.83,1,-1,-1,-1
295,448,1296.07,557.31,39.32,119.90,1,-1,-1,-1
296,450,1906.85,546.57,65.95,200.09,1,-1,-1,-1
296,448,1299.46,558.14,39.33,119.92,1,-1,-1,-1
297,450,1918.83,547.11,66.37,201.35,1,-1,-1,-1
297,448,1302.85,558.96,39.33,119.94,1,-1,-1,-1
298,450,1930.81,547.65,66.78,202.60,1,-1,-1,-1
298,448,1306.24,559.78,39.34,119.95,1,-1,-1,-1
299,450,1942.79,548.19,67.20,203.86,1,-1,-1,-1
300,450,1954.77,548.73,67.61,205.12,1,-1,-1,-1
301,450,1966.75,549.27,68.03,206.38,1,-1,-1,-1
314,448,1379.74,591.70,48.03,146.39,1,-1,-1,-1
315,448,1387.79,592.53,48.30,147.15,1,-1,-1,-1
316,448,1390.75,592.79,48.39,147.39,1,-1,-1,-1
317,448,1391.71,592.83,48.42,147.43,1,-1,-1,-1
318,448,1395.97,594.35,48.81,148.65,1,-1,-1,-1
319,448,1400.24,595.86,49.21,149.86,1,-1,-1,-1
320,448,1404.50,597.38,49.61,151.07,1,-1,-1,-1
321,448,1408.76,598.89,50.01,152.28,1,-1,-1,-1
322,448,1413.03,600.41,50.41,153.49,1,-1,-1,-1
322,451,1534.48,589.13,44.95,136.84,1,-1,-1,-1
323,448,1417.29,601.93,50.80,154.70,1,-1,-1,-1
323,451,1535.85,589.13,44.95,136.84,1,-1,-1,-1
324,448,1421.55,603.44,51.20,155.91,1,-1,-1,-1
325,448,1425.82,604.96,51.60,157.13,1,-1,-1,-1
326,454,212.12,634.36,51.78,157.34,1,-1,-1,-1
327,454,212.24,634.92,46.52,141.36,1,-1,-1,-1
327,451,1553.47,589.13,44.95,136.84,1,-1,-1,-1
328,454,203.66,634.51,50.33,152.94,1,-1,-1,-1
328,451,1557.20,591.15,47.28,143.95,1,-1,-1,-1
329,454,200.52,634.51,50.37,153.06,1,-1,-1,-1
330,454,192.83,634.40,51.39,156.15,1,-1,-1,-1
331,454,188.64,634.37,51.65,156.96,1,-1,-1,-1
331,448,1428.56,602.03,55.18,167.96,1,-1,-1,-1
332,454,184.45,634.35,51.92,157.77,1,-1,-1,-1
333,454,180.26,634.32,52.18,158.57,1,-1,-1,-1
334,454,179.02,627.25,52.00,158.01,1,-1,-1,-1
335,454,175.24,626.23,52.20,158.62,1,-1,-1,-1
336,454,170.99,623.91,54.48,165.55,1,-1,-1,-1
337,454,167.15,622.73,54.95,166.97,1,-1,-1,-1
338,454,167.64,629.97,53.03,161.12,1,-1,-1,-1
339,454,160.98,632.83,52.26,158.79,1,-1,-1,-1
339,451,1574.35,573.59,63.39,192.84,1,-1,-1,-1
340,454,158.70,634.03,54.47,165.49,1,-1,-1,-1
341,454,150.56,634.47,55.28,167.94,1,-1,-1,-1
341,448,1362.00,568.52,55.45,168.71,1,-1,-1,-1
342,454,146.55,632.65,58.21,176.82,1,-1,-1,-1
343,454,146.53,647.37,54.31,164.99,1,-1,-1,-1
343,456,1444.00,617.81,59.63,180.89,1,-1,-1,-1
344,454,139.75,653.32,52.68,160.05,1,-1,-1,-1
344,456,1443.73,613.68,62.98,191.06,1,-1,-1,-1
345,454,134.88,655.64,57.29,174.01,1,-1,-1,-1
345,456,1443.64,621.87,64.05,194.28,1,-1,-1,-1
346,454,127.38,664.64,56.36,171.18,1,-1,-1,-1
346,456,1443.61,624.71,64.32,195.11,1,-1,-1,-1
347,454,117.15,668.14,55.95,169.94,1,-1,-1,-1
347,456,1443.61,625.56,64.35,195.18,1,-1,-1,-1
348,454,113.45,669.36,55.79,169.43,1,-1,-1,-1
348,456,1443.86,638.81,61.32,186.01,1,-1,-1,-1
349,454,108.54,672.05,56.02,170.15,1,-1,-1,-1
349,456,1443.70,639.41,63.18,191.63,1,-1,-1,-1
350,454,99.96,670.25,58.44,177.47,1,-1,-1,-1
350,456,1452.05,643.47,60.92,184.77,1,-1,-1,-1
351,454,96.86,669.51,59.34,180.19,1,-1,-1,-1
351,456,1453.32,647.20,60.90,184.71,1,-1,-1,-1
351,451,1587.43,624.11,63.82,194.01,1,-1,-1,-1
352,454,91.61,676.89,57.06,173.27,1,-1,-1,-1
352,456,1455.97,650.84,62.95,190.92,1,-1,-1,-1
353,454,86.12,679.81,58.82,178.58,1,-1,-1,-1
353,456,1456.54,655.38,60.85,184.56,1,-1,-1,-1
354,454,80.98,682.31,59.21,179.77,1,-1,-1,-1
354,456,1457.04,662.30,62.93,190.85,1,-1,-1,-1
354,451,1590.02,632.17,60.16,182.80,1,-1,-1,-1
355,454,75.84,684.81,59.61,180.97,1,-1,-1,-1
355,456,1457.19,664.73,63.68,193.13,1,-1,-1,-1
355,448,1379.04,599.02,68.20,207.27,1,-1,-1,-1
356,454,70.70,687.32,60.00,182.17,1,-1,-1,-1
356,456,1458.30,668.73,63.98,194.02,1,-1,-1,-1
356,451,1587.79,637.87,63.06,191.53,1,-1,-1,-1
357,454,63.01,683.41,59.87,181.75,1,-1,-1,-1
357,456,1459.41,672.74,64.27,194.92,1,-1,-1,-1
358,454,54.62,679.69,62.63,190.12,1,-1,-1,-1
358,456,1460.52,676.74,64.57,195.82,1,-1,-1,-1
358,448,1380.48,601.41,68.56,208.22,1,-1,-1,-1
359,454,49.31,680.36,60.88,184.79,1,-1,-1,-1
359,456,1453.75,673.39,67.31,204.10,1,-1,-1,-1
359,448,1379.63,609.54,65.39,198.51,1,-1,-1,-1
359,451,1589.65,664.78,60.16,182.68,1,-1,-1,-1
360,454,43.63,681.54,61.24,185.87,1,-1,-1,-1
360,456,1454.00,676.59,67.87,205.81,1,-1,-1,-1
360,448,1379.30,621.04,64.29,195.12,1,-1,-1,-1
361,454,37.95,682.73,61.59,186.95,1,-1,-1,-1
361,456,1450.95,675.21,71.76,217.59,1,-1,-1,-1
361,448,1376.41,617.26,70.29,213.25,1,-1,-1,-1
362,454,32.27,683.92,61.95,188.03,1,-1,-1,-1
362,456,1459.00,681.51,70.05,212.38,1,-1,-1,-1
362,448,1377.99,623.41,66.33,201.21,1,-1,-1,-1
363,454,19.02,684.06,66.39,201.46,1,-1,-1,-1
363,456,1459.71,684.58,70.70,214.35,1,-1,-1,-1
363,448,1378.53,627.34,66.19,200.79,1,-1,-1,-1
364,454,12.54,685.13,67.17,203.85,1,-1,-1,-1
364,456,1460.41,687.65,71.35,216.32,1,-1,-1,-1
364,448,1379.06,631.27,66.05,200.37,1,-1,-1,-1
365,454,6.06,686.21,67.96,206.24,1,-1,-1,-1
365,456,1461.11,690.73,72.00,218.29,1,-1,-1,-1
365,448,1379.60,635.20,65.91,199.95,1,-1,-1,-1
366,454,-0.43,687.29,68.75,208.63,1,-1,-1,-1
366,456,1461.81,693.80,72.65,220.26,1,-1,-1,-1
366,448,1380.14,639.12,65.78,199.53,1,-1,-1,-1
367,454,-6.91,688.36,69.53,211.02,1,-1,-1,-1
367,456,1462.51,696.87,73.30,222.24,1,-1,-1,-1
367,448,1380.68,643.05,65.64,199.11,1,-1,-1,-1
368,454,-13.39,689.44,70.32,213.41,1,-1,-1,-1
368,456,1463.21,699.94,73.95,224.21,1,-1,-1,-1
368,448,1381.21,646.98,65.50,198.69,1,-1,-1,-1
368,451,1575.81,684.22,68.21,207.02,1,-1,-1,-1
369,454,-19.87,690.52,71.11,215.80,1,-1,-1,-1
369,456,1463.92,703.02,74.60,226.18,1,-1,-1,-1
369,448,1381.75,650.90,65.36,198.27,1,-1,-1,-1
369,451,1570.78,677.62,71.91,218.16,1,-1,-1,-1
370,454,-26.35,691.59,71.90,218.18,1,-1,-1,-1
370,456,1464.62,706.09,75.26,228.15,1,-1,-1,-1
370,448,1367.28,646.95,70.71,214.46,1,-1,-1,-1
371,454,-32.83,692.67,72.68,220.57,1,-1,-1,-1
371,448,1361.96,645.46,72.69,220.41,1,-1,-1,-1
372,448,1360.39,648.05,73.31,222.30,1,-1,-1,-1
373,448,1358.83,650.63,73.94,224.20,1,-1,-1,-1
373,456,1458.89,720.72,78.38,237.58,1,-1,-1,-1
374,448,1357.27,653.21,74.56,226.10,1,-1,-1,-1
374,456,1457.86,722.61,78.79,238.77,1,-1,-1,-1
375,448,1355.70,655.79,75.19,227.99,1,-1,-1,-1
375,456,1458.57,723.37,82.68,250.50,1,-1,-1,-1
375,451,1554.31,690.08,78.36,237.59,1,-1,-1,-1
376,448,1354.14,658.38,75.81,229.89,1,-1,-1,-1
376,456,1458.82,723.57,84.14,254.85,1,-1,-1,-1
376,451,1553.06,690.58,78.84,238.96,1,-1,-1,-1
377,448,1352.57,660.96,76.44,231.79,1,-1,-1,-1
377,456,1458.89,723.47,84.69,256.48,1,-1,-1,-1
377,451,1542.17,690.72,79.02,239.44,1,-1,-1,-1
378,448,1351.01,663.54,77.06,233.68,1,-1,-1,-1
378,456,1457.82,733.55,81.17,245.81,1,-1,-1,-1
378,451,1538.07,690.67,79.08,239.58,1,-1,-1,-1
379,448,1349.45,666.13,77.69,235.58,1,-1,-1,-1
379,456,1454.79,724.50,87.62,265.29,1,-1,-1,-1
379,451,1535.63,693.46,79.45,240.70,1,-1,-1,-1
380,456,1453.69,721.25,89.95,272.29,1,-1,-1,-1
380,451,1535.74,691.50,79.23,239.97,1,-1,-1,-1
381,456,1453.47,723.53,91.00,275.46,1,-1,-1,-1
381,451,1535.87,690.65,79.13,239.65,1,-1,-1,-1
382,456,1453.25,725.81,92.05,278.62,1,-1,-1,-1
382,451,1536.00,690.24,79.09,239.50,1,-1,-1,-1
382,448,1311.16,642.25,83.54,253.22,1,-1,-1,-1
383,456,1445.59,734.77,87.62,265.20,1,-1,-1,-1
383,451,1525.57,690.01,79.07,239.41,1,-1,-1,-1
384,456,1444.66,737.70,88.14,266.76,1,-1,-1,-1
384,451,1532.24,689.86,79.06,239.35,1,-1,-1,-1
385,456,1443.72,740.62,88.66,268.33,1,-1,-1,-1
385,451,1528.42,688.39,82.81,250.66,1,-1,-1,-1
385,457,1388.71,561.67,45.42,138.15,1,-1,-1,-1
386,456,1442.78,743.55,89.17,269.90,1,-1,-1,-1
386,451,1526.54,689.43,83.37,252.37,1,-1,-1,-1
386,457,1389.63,565.81,42.51,129.32,1,-1,-1,-1
387,456,1437.17,739.71,90.40,273.58,1,-1,-1,-1
387,451,1524.66,690.46,83.93,254.08,1,-1,-1,-1
387,457,1381.50,562.76,44.15,134.31,1,-1,-1,-1
388,456,1435.73,741.91,91.00,275.38,1,-1,-1,-1
388,451,1522.78,691.50,84.50,255.79,1,-1,-1,-1
388,457,1378.59,562.65,43.76,133.11,1,-1,-1,-1
388,448,1231.26,642.82,69.74,211.37,1,-1,-1,-1
389,456,1434.30,744.11,91.59,277.17,1,-1,-1,-1
389,451,1520.89,692.53,85.06,257.50,1,-1,-1,-1
389,457,1375.68,562.54,43.37,131.91,1,-1,-1,-1
389,448,1224.61,643.30,72.28,219.03,1,-1,-1,-1
390,456,1432.86,746.32,92.18,278.96,1,-1,-1,-1
390,451,1488.93,711.52,81.26,245.98,1,-1,-1,-1
390,457,1372.78,562.43,42.97,130.72,1,-1,-1,-1
390,448,1216.91,642.23,76.47,231.68,1,-1,-1,-1
391,456,1421.52,752.47,91.47,276.78,1,-1,-1,-1
391,451,1476.65,718.81,79.76,241.43,1,-1,-1,-1
391,457,1369.87,562.32,42.58,129.52,1,-1,-1,-1
392,456,1419.04,755.09,91.93,278.16,1,-1,-1,-1
392,451,1461.65,721.39,79.21,239.75,1,-1,-1,-1
392,457,1366.97,562.21,42.19,128.32,1,-1,-1,-1
392,448,1201.01,641.68,78.34,237.30,1,-1,-1,-1
393,456,1416.57,757.71,92.38,279.53,1,-1,-1,-1
393,451,1454.83,724.67,79.09,239.39,1,-1,-1,-1
393,457,1364.06,562.10,41.79,127.12,1,-1,-1,-1
394,456,1414.09,760.33,92.84,280.91,1,-1,-1,-1
394,451,1448.01,727.94,78.98,239.03,1,-1,-1,-1
394,457,1361.15,561.99,41.40,125.93,1,-1,-1,-1
395,456,1390.88,767.07,95.95,290.29,1,-1,-1,-1
395,451,1441.19,731.22,78.86,238.68,1,-1,-1,-1
395,457,1343.78,566.71,39.72,120.85,1,-1,-1,-1
396,456,1386.19,770.13,96.69,292.52,1,-1,-1,-1
396,451,1417.57,725.55,78.89,238.77,1,-1,-1,-1
396,457,1338.88,567.26,39.15,119.11,1,-1,-1,-1
397,456,1381.50,773.19,97.43,294.75,1,-1,-1,-1
397,451,1408.83,727.80,78.79,238.47,1,-1,-1,-1
397,457,1325.39,561.37,40.86,124.33,1,-1,-1,-1
397,448,1153.79,656.11,78.88,238.91,1,-1,-1,-1
398,456,1376.81,776.25,98.17,296.98,1,-1,-1,-1
398,451,1400.10,730.06,78.69,238.16,1,-1,-1,-1
398,457,1319.33,561.05,40.60,123.54,1,-1,-1,-1
399,456,1372.12,779.31,98.90,299.21,1,-1,-1,-1
399,451,1391.37,732.31,78.59,237.85,1,-1,-1,-1
399,457,1313.27,560.73,40.34,122.74,1,-1,-1,-1
400,456,1367.43,782.37,99.64,301.45,1,-1,-1,-1
400,451,1382.63,734.57,78.49,237.55,1,-1,-1,-1
400,457,1307.21,560.41,40.07,121.95,1,-1,-1,-1
401,456,1362.74,785.43,100.38,303.68,1,-1,-1,-1
401,451,1373.90,736.83,78.39,237.24,1,-1,-1,-1
401,457,1301.15,560.10,39.81,121.16,1,-1,-1,-1
402,456,1358.05,788.49,101.12,305.91,1,-1,-1,-1
402,451,1365.17,739.08,78.29,236.94,1,-1,-1,-1
402,457,1295.08,559.78,39.55,120.36,1,-1,-1,-1
403,456,1319.25,789.83,98.91,299.19,1,-1,-1,-1
403,451,1356.43,741.34,78.19,236.63,1,-1,-1,-1
403,457,1289.02,559.46,39.29,119.57,1,-1,-1,-1
404,456,1311.03,792.72,99.34,300.50,1,-1,-1,-1
404,451,1347.70,743.60,78.09,236.33,1,-1,-1,-1
404,457,1265.59,560.38,39.07,118.92,1,-1,-1,-1
404,448,1049.76,653.61,84.32,255.29,1,-1,-1,-1
405,456,1302.80,795.60,99.77,301.80,1,-1,-1,-1
405,457,1248.67,558.95,40.88,124.45,1,-1,-1,-1
405,448,1056.01,652.11,93.22,282.12,1,-1,-1,-1
406,456,1294.58,798.48,100.21,303.11,1,-1,-1,-1
406,457,1235.23,560.18,39.70,120.88,1,-1,-1,-1
406,448,1045.32,651.62,96.27,291.28,1,-1,-1,-1
407,456,1286.36,801.36,100.64,304.41,1,-1,-1,-1
407,457,1219.83,560.68,39.23,119.48,1,-1,-1,-1
407,448,1031.95,658.82,93.28,282.17,1,-1,-1,-1
408,456,1278.13,804.24,101.07,305.72,1,-1,-1,-1
408,457,1209.15,560.87,39.06,118.98,1,-1,-1,-1
408,448,1015.18,661.68,92.01,278.30,1,-1,-1,-1
409,456,1269.91,807.12,101.50,307.02,1,-1,-1,-1
409,457,1194.93,560.94,39.00,118.81,1,-1,-1,-1
409,448,992.18,655.10,95.80,289.72,1,-1,-1,-1
410,456,1261.69,810.01,101.93,308.33,1,-1,-1,-1
410,457,1179.38,560.97,38.98,118.77,1,-1,-1,-1
410,448,964.93,660.12,92.98,281.18,1,-1,-1,-1
411,456,1253.47,812.89,102.36,309.63,1,-1,-1,-1
411,457,1168.09,560.94,38.84,118.33,1,-1,-1,-1
411,448,937.21,657.35,100.77,304.66,1,-1,-1,-1
412,457,1154.25,560.97,38.93,118.63,1,-1,-1,-1
412,448,912.55,666.06,99.15,299.73,1,-1,-1,-1
413,457,1138.89,560.98,38.96,118.75,1,-1,-1,-1
413,448,890.57,669.56,98.41,297.47,1,-1,-1,-1
414,457,1128.26,560.99,38.98,118.81,1,-1,-1,-1
414,448,867.93,677.60,93.79,283.51,1,-1,-1,-1
415,457,1114.13,560.99,38.99,118.85,1,-1,-1,-1
415,448,835.76,673.73,96.35,291.21,1,-1,-1,-1
416,457,1102.03,560.98,38.91,118.62,1,-1,-1,-1
416,448,811.50,672.30,97.27,293.98,1,-1,-1,-1
417,457,1089.92,560.97,38.84,118.39,1,-1,-1,-1
417,448,790.02,671.69,97.61,294.98,1,-1,-1,-1
418,457,1077.82,560.96,38.76,118.16,1,-1,-1,-1
418,448,769.62,671.41,97.71,295.28,1,-1,-1,-1
419,457,1065.71,560.94,38.69,117.93,1,-1,-1,-1
419,448,749.66,671.26,97.73,295.32,1,-1,-1,-1
420,457,1037.91,553.53,40.76,124.26,1,-1,-1,-1
420,448,716.90,684.14,97.72,295.28,1,-1,-1,-1
421,457,1016.77,550.79,41.53,126.61,1,-1,-1,-1
421,448,683.16,679.87,102.33,309.17,1,-1,-1,-1
422,457,996.17,551.87,39.99,121.90,1,-1,-1,-1
422,448,654.43,687.19,99.50,300.61,1,-1,-1,-1
423,457,977.09,545.82,43.27,131.89,1,-1,-1,-1
423,448,618.29,690.02,98.33,297.07,1,-1,-1,-1
424,457,955.87,547.84,42.51,129.58,1,-1,-1,-1
424,448,579.52,691.00,97.87,295.68,1,-1,-1,-1
425,457,937.00,543.10,42.18,128.57,1,-1,-1,-1
425,448,553.41,692.96,98.12,296.42,1,-1,-1,-1
426,457,919.16,547.00,42.05,128.16,1,-1,-1,-1
426,448,508.56,684.96,107.38,324.38,1,-1,-1,-1
427,457,898.87,550.65,40.13,122.32,1,-1,-1,-1
427,448,470.92,693.38,106.00,320.20,1,-1,-1,-1
428,457,877.65,549.92,41.28,125.82,1,-1,-1,-1
428,448,423.22,685.21,115.58,349.08,1,-1,-1,-1
429,457,858.07,551.79,39.84,121.44,1,-1,-1,-1
429,448,388.12,696.36,114.03,344.36,1,-1,-1,-1
430,457,840.37,551.62,39.76,121.21,1,-1,-1,-1
430,448,356.76,697.97,115.55,348.96,1,-1,-1,-1
431,457,822.67,551.45,39.68,120.97,1,-1,-1,-1
431,448,306.63,706.43,104.39,315.25,1,-1,-1,-1
432,457,804.97,551.28,39.60,120.73,1,-1,-1,-1
432,448,273.48,708.69,104.70,316.19,1,-1,-1,-1
432,451,961.32,561.93,39.38,119.46,1,-1,-1,-1
433,457,787.26,551.11,39.52,120.49,1,-1,-1,-1
433,448,240.32,710.95,105.01,317.14,1,-1,-1,-1
434,457,769.56,550.94,39.45,120.25,1,-1,-1,-1
434,448,207.16,713.21,105.33,318.09,1,-1,-1,-1
435,457,751.86,550.77,39.37,120.02,1,-1,-1,-1
435,448,174.01,715.48,105.64,319.03,1,-1,-1,-1
435,456,1454.26,600.61,64.30,194.61,1,-1,-1,-1
436,457,734.16,550.60,39.29,119.78,1,-1,-1,-1
436,448,140.85,717.74,105.95,319.98,1,-1,-1,-1
436,456,1439.50,584.66,71.63,216.79,1,-1,-1,-1
437,457,716.45,550.43,39.21,119.54,1,-1,-1,-1
437,448,107.69,720.00,106.27,320.92,1,-1,-1,-1
437,456,1419.78,591.79,69.47,210.28,1,-1,-1,-1
438,448,74.54,722.26,106.58,321.87,1,-1,-1,-1
439,448,41.38,724.52,106.89,322.82,1,-1,-1,-1
440,458,1161.17,662.72,64.64,195.79,1,-1,-1,-1
441,458,1139.64,659.18,71.60,216.90,1,-1,-1,-1
442,458,1118.52,666.61,70.10,212.35,1,-1,-1,-1
442,459,1286.18,599.94,68.64,207.93,1,-1,-1,-1
443,458,1087.18,656.91,81.05,245.50,1,-1,-1,-1
443,459,1260.29,599.94,68.64,207.93,1,-1,-1,-1
444,458,1060.59,667.21,80.91,245.05,1,-1,-1,-1
444,459,1231.32,599.94,68.64,207.93,1,-1,-1,-1
445,458,1039.52,668.40,83.90,254.11,1,-1,-1,-1
445,459,1199.73,598.61,72.30,218.99,1,-1,-1,-1
446,458,1007.07,671.70,78.11,236.57,1,-1,-1,-1
446,459,1171.50,594.59,77.22,233.88,1,-1,-1,-1
447,458,984.34,673.20,79.83,241.77,1,-1,-1,-1
447,459,1147.59,593.41,79.09,239.55,1,-1,-1,-1
448,458,950.64,673.57,79.81,241.68,1,-1,-1,-1
448,459,1123.68,592.24,80.96,245.23,1,-1,-1,-1
449,458,917.56,673.64,79.72,241.41,1,-1,-1,-1
449,459,1099.77,591.07,82.84,250.90,1,-1,-1,-1
450,458,884.82,684.23,79.63,241.12,1,-1,-1,-1
450,459,1075.87,589.90,84.71,256.57,1,-1,-1,-1
451,458,858.54,686.58,80.74,244.47,1,-1,-1,-1
451,459,1051.96,588.72,86.58,262.25,1,-1,-1,-1
452,458,826.98,687.62,83.68,253.35,1,-1,-1,-1
452,459,1028.05,587.55,88.46,267.92,1,-1,-1,-1
453,458,794.47,684.11,88.74,268.62,1,-1,-1,-1
453,459,1004.15,586.38,90.33,273.59,1,-1,-1,-1
454,458,755.92,688.73,94.85,287.07,1,-1,-1,-1
454,459,980.24,585.20,92.20,279.27,1,-1,-1,-1
455,458,716.52,690.50,97.22,294.18,1,-1,-1,-1
456,458,686.86,692.37,99.42,300.83,1,-1,-1,-1
457,458,642.68,682.92,103.37,312.74,1,-1,-1,-1
458,458,611.71,683.76,105.73,319.87,1,-1,-1,-1
459,458,562.77,688.34,101.22,306.17,1,-1,-1,-1
460,458,515.50,694.90,103.90,314.23,1,-1,-1,-1
461,458,476.57,705.35,100.34,303.41,1,-1,-1,-1
462,458,419.90,719.24,108.44,327.86,1,-1,-1,-1
463,458,383.13,722.97,110.44,333.92,1,-1,-1,-1
464,458,346.35,726.69,112.45,339.97,1,-1,-1,-1
464,474,1408.24,777.28,148.29,446.86,1,-1,-1,-1
465,458,309.58,730.42,114.45,346.03,1,-1,-1,-1
465,474,1373.92,801.91,140.53,423.47,1,-1,-1,-1
466,458,272.81,734.15,116.46,352.09,1,-1,-1,-1
467,458,236.03,737.87,118.46,358.15,1,-1,-1,-1
468,458,199.26,741.60,120.46,364.20,1,-1,-1,-1
469,458,162.49,745.32,122.47,370.26,1,-1,-1,-1
470,458,125.71,749.05,124.47,376.32,1,-1,-1,-1
483,474,1781.43,644.76,91.24,275.07,1,-1,-1,-1
504,474,1845.19,642.29,60.01,181.24,1,-1,-1,-1
505,474,1815.77,643.26,59.59,180.13,1,-1,-1,-1
506,474,1783.97,643.42,59.37,179.59,1,-1,-1,-1
507,474,1752.77,639.41,62.36,188.70,1,-1,-1,-1
508,474,1720.41,650.18,60.51,183.17,1,-1,-1,-1
509,474,1684.57,655.33,57.03,172.73,1,-1,-1,-1
510,474,1646.42,656.15,58.61,177.53,1,-1,-1,-1
511,474,1624.86,657.67,58.03,175.78,1,-1,-1,-1
512,474,1583.10,662.31,61.90,187.51,1,-1,-1,-1
512,479,1648.99,656.73,67.99,206.08,1,-1,-1,-1
513,474,1542.86,663.96,63.29,191.75,1,-1,-1,-1
513,479,1619.64,661.69,65.17,197.56,1,-1,-1,-1
514,474,1509.18,668.31,66.87,202.58,1,-1,-1,-1
514,479,1580.42,673.57,64.13,194.39,1,-1,-1,-1
515,474,1473.99,666.17,65.23,197.63,1,-1,-1,-1
515,479,1539.21,671.80,67.27,203.92,1,-1,-1,-1
516,474,1439.20,669.01,67.60,204.80,1,-1,-1,-1
516,479,1510.52,674.68,67.64,205.02,1,-1,-1,-1
517,474,1399.73,670.03,68.47,207.44,1,-1,-1,-1
517,479,1481.84,677.57,68.00,206.13,1,-1,-1,-1
517,481,1545.54,554.87,30.73,93.79,1,-1,-1,-1
518,474,1369.91,671.80,69.07,209.25,1,-1,-1,-1
518,479,1453.15,680.46,68.37,207.23,1,-1,-1,-1
519,474,1339.75,675.67,65.98,199.89,1,-1,-1,-1
519,479,1424.46,683.34,68.73,208.34,1,-1,-1,-1
519,484,1788.65,736.17,90.90,274.69,1,-1,-1,-1
520,474,1300.90,672.27,67.82,205.48,1,-1,-1,-1
520,479,1395.77,686.23,69.10,209.45,1,-1,-1,-1
520,484,1754.51,736.17,90.90,274.69,1,-1,-1,-1
521,474,1270.08,673.67,68.22,206.69,1,-1,-1,-1
521,479,1367.08,689.12,69.46,210.55,1,-1,-1,-1
521,484,1719.84,731.34,95.89,289.79,1,-1,-1,-1
522,474,1239.27,675.07,68.62,207.89,1,-1,-1,-1
522,479,1338.40,692.00,69.83,211.66,1,-1,-1,-1
522,484,1692.97,734.33,92.80,280.45,1,-1,-1,-1
523,474,1208.45,676.47,69.02,209.10,1,-1,-1,-1
523,479,1309.71,694.89,70.19,212.76,1,-1,-1,-1
523,484,1658.74,735.53,91.56,276.68,1,-1,-1,-1
524,474,1177.63,677.87,69.42,210.31,1,-1,-1,-1
524,479,1259.58,692.49,66.21,200.69,1,-1,-1,-1
524,484,1621.31,747.81,82.79,250.22,1,-1,-1,-1
525,474,1146.81,679.27,69.81,211.52,1,-1,-1,-1
525,479,1217.85,687.14,67.79,205.46,1,-1,-1,-1
525,484,1584.56,740.05,88.19,266.52,1,-1,-1,-1
526,474,1099.50,675.49,72.43,219.42,1,-1,-1,-1
526,479,1185.36,688.47,67.85,205.65,1,-1,-1,-1
526,484,1556.22,719.98,94.34,285.09,1,-1,-1,-1
527,474,1066.94,676.35,73.06,221.34,1,-1,-1,-1
527,479,1151.36,678.52,71.66,217.17,1,-1,-1,-1
527,484,1526.36,717.53,92.32,279.01,1,-1,-1,-1
528,474,1034.38,677.20,73.69,223.25,1,-1,-1,-1
528,479,1116.51,690.79,69.86,211.72,1,-1,-1,-1
528,484,1497.53,711.62,95.89,289.76,1,-1,-1,-1
529,474,1003.18,681.62,70.61,213.92,1,-1,-1,-1
529,479,1086.14,695.66,69.12,209.46,1,-1,-1,-1
529,484,1461.78,709.52,97.18,293.66,1,-1,-1,-1
530,474,970.76,682.83,70.87,214.69,1,-1,-1,-1
530,479,1053.53,697.39,69.26,209.89,1,-1,-1,-1
530,484,1436.33,721.82,97.65,295.06,1,-1,-1,-1
531,474,944.82,692.88,69.48,210.50,1,-1,-1,-1
531,479,1020.91,699.13,69.40,210.32,1,-1,-1,-1
531,484,1400.69,730.81,93.48,282.47,1,-1,-1,-1
531,496,1171.12,561.00,39.00,119.00,1,-1,-1,-1
532,474,913.10,695.06,69.56,210.73,1,-1,-1,-1
532,479,988.29,700.87,69.55,210.75,1,-1,-1,-1
532,484,1376.68,730.10,96.23,290.76,1,-1,-1,-1
532,496,1150.03,567.24,39.00,119.00,1,-1,-1,-1
533,474,881.39,697.24,69.64,210.96,1,-1,-1,-1
533,479,955.67,702.61,69.69,211.18,1,-1,-1,-1
533,484,1342.68,729.84,97.22,293.74,1,-1,-1,-1
533,496,1125.35,569.19,39.00,119.00,1,-1,-1,-1
534,474,849.67,699.41,69.72,211.19,1,-1,-1,-1
534,479,916.49,704.78,75.81,229.68,1,-1,-1,-1
534,484,1320.18,733.92,93.27,281.83,1,-1,-1,-1
534,496,1106.26,569.67,39.00,119.00,1,-1,-1,-1
535,474,817.96,701.59,69.79,211.43,1,-1,-1,-1
535,479,883.15,706.56,76.60,232.10,1,-1,-1,-1
535,484,1289.47,723.87,100.82,304.60,1,-1,-1,-1
535,496,1083.48,569.71,39.00,119.00,1,-1,-1,-1
536,474,786.24,703.77,69.87,211.66,1,-1,-1,-1
536,479,849.81,708.35,77.40,234.52,1,-1,-1,-1
536,484,1261.05,727.37,99.00,299.09,1,-1,-1,-1
536,496,1065.16,569.64,39.00,119.00,1,-1,-1,-1
537,474,754.52,705.95,69.95,211.89,1,-1,-1,-1
537,479,812.19,703.16,86.33,261.49,1,-1,-1,-1
537,484,1227.60,721.57,102.84,310.69,1,-1,-1,-1
537,496,1042.90,569.55,39.00,119.00,1,-1,-1,-1
538,474,722.81,708.13,70.02,212.12,1,-1,-1,-1
538,479,774.91,714.89,85.85,260.00,1,-1,-1,-1
538,484,1202.08,719.41,104.26,314.97,1,-1,-1,-1
538,496,1022.23,573.88,40.93,124.87,1,-1,-1,-1
539,474,691.09,710.30,70.10,212.36,1,-1,-1,-1
539,479,739.33,719.71,85.56,259.08,1,-1,-1,-1
539,484,1179.32,725.80,100.21,302.71,1,-1,-1,-1
539,496,1001.73,576.44,39.75,121.29,1,-1,-1,-1
540,474,636.74,718.11,75.94,230.03,1,-1,-1,-1
540,479,704.52,721.50,85.40,258.56,1,-1,-1,-1
540,484,1144.29,721.02,103.24,311.85,1,-1,-1,-1
540,496,978.78,577.34,39.28,119.84,1,-1,-1,-1
541,474,602.54,720.90,76.65,232.18,1,-1,-1,-1
541,479,670.26,723.74,86.52,261.96,1,-1,-1,-1
541,484,1111.55,723.37,109.25,329.98,1,-1,-1,-1
541,496,960.35,577.61,39.10,119.30,1,-1,-1,-1
542,474,568.33,723.70,77.36,234.33,1,-1,-1,-1
542,479,636.00,725.98,87.65,265.37,1,-1,-1,-1
542,484,1079.18,733.80,106.69,322.24,1,-1,-1,-1
542,496,938.25,577.65,39.03,119.09,1,-1,-1,-1
543,474,534.13,726.50,78.07,236.48,1,-1,-1,-1
543,479,601.75,728.23,88.77,268.77,1,-1,-1,-1
543,484,1059.37,744.35,100.97,304.95,1,-1,-1,-1
543,496,920.12,577.61,39.01,119.02,1,-1,-1,-1
544,474,499.93,729.29,78.78,238.63,1,-1,-1,-1
544,479,569.70,746.11,90.45,273.81,1,-1,-1,-1
544,484,1040.18,761.56,98.73,298.18,1,-1,-1,-1
544,496,901.03,582.24,40.88,124.72,1,-1,-1,-1
545,474,465.72,732.09,79.49,240.78,1,-1,-1,-1
545,479,544.85,753.55,87.11,263.67,1,-1,-1,-1
545,484,1013.71,762.30,102.60,309.87,1,-1,-1,-1
545,496,881.15,579.33,39.73,121.22,1,-1,-1,-1
546,474,431.52,734.89,80.20,242.93,1,-1,-1,-1
546,479,511.72,757.70,87.84,265.88,1,-1,-1,-1
546,484,985.92,767.87,99.42,300.26,1,-1,-1,-1
546,496,863.83,578.10,39.27,119.80,1,-1,-1,-1
547,474,397.31,737.68,80.91,245.08,1,-1,-1,-1
547,479,478.59,761.85,88.57,268.10,1,-1,-1,-1
547,484,958.15,771.15,99.45,300.36,1,-1,-1,-1
547,496,842.15,577.61,39.09,119.27,1,-1,-1,-1
548,474,363.11,740.48,81.62,247.23,1,-1,-1,-1
548,479,417.23,748.92,99.14,300.02,1,-1,-1,-1
548,484,930.38,774.44,99.48,300.46,1,-1,-1,-1
548,496,823.61,576.39,40.91,124.79,1,-1,-1,-1
549,479,369.92,749.02,107.80,326.14,1,-1,-1,-1
549,484,905.59,772.10,98.18,296.53,1,-1,-1,-1
549,496,805.99,575.92,41.58,126.83,1,-1,-1,-1
550,479,336.65,757.35,106.56,322.32,1,-1,-1,-1
550,484,879.98,792.22,85.45,258.13,1,-1,-1,-1
550,496,783.15,575.73,41.83,127.60,1,-1,-1,-1
551,479,297.73,765.96,101.38,306.61,1,-1,-1,-1
551,484,847.69,756.88,98.37,297.13,1,-1,-1,-1
551,496,763.90,575.64,41.92,127.86,1,-1,-1,-1
552,479,258.39,769.20,99.25,300.11,1,-1,-1,-1
552,484,819.80,756.33,98.69,298.11,1,-1,-1,-1
552,496,746.05,575.60,41.95,127.93,1,-1,-1,-1
553,479,221.15,772.38,100.37,303.52,1,-1,-1,-1
553,484,789.96,764.61,98.01,296.06,1,-1,-1,-1
553,496,728.73,575.57,41.95,127.94,1,-1,-1,-1
554,479,183.91,775.56,101.50,306.93,1,-1,-1,-1
554,484,761.86,765.02,98.23,296.70,1,-1,-1,-1
554,496,711.59,575.56,41.95,127.91,1,-1,-1,-1
555,479,146.68,778.74,102.63,310.34,1,-1,-1,-1
555,484,733.76,765.44,98.44,297.35,1,-1,-1,-1
555,496,694.53,575.55,41.94,127.88,1,-1,-1,-1
556,479,109.44,781.92,103.75,313.75,1,-1,-1,-1
556,484,714.36,762.68,102.52,309.66,1,-1,-1,-1
556,496,673.21,572.43,43.93,133.94,1,-1,-1,-1
557,479,72.21,785.10,104.88,317.15,1,-1,-1,-1
557,484,687.21,762.75,103.16,311.57,1,-1,-1,-1
557,496,658.72,574.32,42.71,130.21,1,-1,-1,-1
558,479,34.97,788.28,106.01,320.56,1,-1,-1,-1
558,484,667.04,767.01,99.67,301.05,1,-1,-1,-1
558,496,636.82,571.95,44.22,134.79,1,-1,-1,-1
559,479,-2.27,791.46,107.13,323.97,1,-1,-1,-1
559,484,647.55,768.66,98.29,296.88,1,-1,-1,-1
559,496,623.12,571.08,44.77,136.47,1,-1,-1,-1
560,479,-39.50,794.64,108.26,327.38,1,-1,-1,-1
560,484,615.08,782.34,97.77,295.32,1,-1,-1,-1
560,496,602.87,571.73,47.10,143.53,1,-1,-1,-1
561,484,589.14,760.07,107.24,323.87,1,-1,-1,-1
561,496,587.42,571.02,45.89,139.83,1,-1,-1,-1
562,484,560.30,755.19,115.84,349.83,1,-1,-1,-1
562,496,571.24,571.74,47.52,144.77,1,-1,-1,-1
563,484,534.29,753.28,119.23,360.03,1,-1,-1,-1
563,496,552.68,576.99,46.02,140.18,1,-1,-1,-1
564,484,509.42,752.55,120.53,363.91,1,-1,-1,-1
564,496,538.92,581.78,43.39,132.17,1,-1,-1,-1
565,484,478.63,763.61,115.76,349.50,1,-1,-1,-1
565,496,522.48,582.26,46.61,141.98,1,-1,-1,-1
566,484,452.99,768.03,113.79,343.53,1,-1,-1,-1
566,496,503.93,582.44,47.76,145.44,1,-1,-1,-1
567,484,433.75,774.11,118.33,357.22,1,-1,-1,-1
567,496,487.44,581.07,46.08,140.33,1,-1,-1,-1
568,484,411.39,776.36,120.01,362.25,1,-1,-1,-1
568,496,469.76,586.59,45.40,138.24,1,-1,-1,-1
569,484,385.74,787.54,115.36,348.21,1,-1,-1,-1
569,496,453.48,583.96,47.30,144.01,1,-1,-1,-1
570,484,362.09,791.85,113.47,342.49,1,-1,-1,-1
570,496,434.66,582.64,50.26,153.02,1,-1,-1,-1
571,484,336.72,794.20,113.96,343.97,1,-1,-1,-1
571,496,421.09,582.11,51.40,156.45,1,-1,-1,-1
572,484,311.34,796.56,114.45,345.45,1,-1,-1,-1
572,496,402.82,581.89,51.83,157.73,1,-1,-1,-1
573,484,285.97,798.91,114.94,346.93,1,-1,-1,-1
573,496,382.66,581.79,51.97,158.15,1,-1,-1,-1
574,484,260.60,801.26,115.43,348.41,1,-1,-1,-1
574,496,368.64,588.62,52.01,158.24,1,-1,-1,-1
575,484,235.22,803.61,115.92,349.89,1,-1,-1,-1
575,496,354.15,591.10,49.73,151.29,1,-1,-1,-1
576,484,209.85,805.97,116.41,351.37,1,-1,-1,-1
576,496,338.31,592.14,51.14,155.57,1,-1,-1,-1
577,484,184.48,808.32,116.90,352.85,1,-1,-1,-1
577,496,319.13,590.66,54.10,164.54,1,-1,-1,-1
578,484,159.11,810.67,117.39,354.34,1,-1,-1,-1
578,496,305.35,591.89,52.81,160.62,1,-1,-1,-1
579,496,285.53,590.47,54.73,166.42,1,-1,-1,-1
580,496,271.15,589.93,55.44,168.55,1,-1,-1,-1
581,496,251.51,589.69,55.69,169.30,1,-1,-1,-1
582,496,237.19,589.59,55.77,169.52,1,-1,-1,-1
583,496,224.93,596.93,55.79,169.54,1,-1,-1,-1
584,496,207.71,596.14,58.41,177.47,1,-1,-1,-1
585,496,193.74,595.82,59.39,180.42,1,-1,-1,-1
586,496,181.07,595.66,59.75,181.50,1,-1,-1,-1
587,496,168.82,606.49,57.25,173.90,1,-1,-1,-1
588,496,149.86,610.67,56.24,170.83,1,-1,-1,-1
589,496,134.30,609.08,58.52,177.73,1,-1,-1,-1
590,496,120.98,608.46,59.36,180.26,1,-1,-1,-1
590,498,1770.98,571.16,60.24,182.62,1,-1,-1,-1
591,496,105.20,602.62,62.48,189.71,1,-1,-1,-1
591,498,1761.65,570.88,59.61,180.69,1,-1,-1,-1
592,496,91.19,608.73,63.66,193.26,1,-1,-1,-1
592,498,1764.06,576.32,56.37,170.87,1,-1,-1,-1
593,496,77.90,611.12,64.10,194.56,1,-1,-1,-1
593,498,1769.32,572.59,58.50,177.36,1,-1,-1,-1
594,496,58.89,604.28,67.25,204.07,1,-1,-1,-1
594,498,1775.14,576.49,56.31,170.72,1,-1,-1,-1
595,496,43.04,610.59,68.43,207.64,1,-1,-1,-1
595,498,1772.96,581.48,58.45,177.22,1,-1,-1,-1
595,499,326.20,533.20,32.59,99.45,1,-1,-1,-1
596,496,28.42,613.06,68.87,208.92,1,-1,-1,-1
596,498,1772.18,583.13,59.19,179.46,1,-1,-1,-1
596,499,321.75,529.85,37.70,115.03,1,-1,-1,-1
597,496,22.08,621.09,66.01,200.23,1,-1,-1,-1
597,498,1775.84,587.91,56.74,172.06,1,-1,-1,-1
597,499,314.75,528.97,39.04,119.14,1,-1,-1,-1
598,496,12.46,626.14,67.90,205.94,1,-1,-1,-1
598,498,1777.16,581.79,55.83,169.31,1,-1,-1,-1
598,499,312.36,528.73,39.41,120.27,1,-1,-1,-1
599,496,0.15,628.10,71.81,217.76,1,-1,-1,-1
599,498,1780.51,576.00,61.20,185.60,1,-1,-1,-1
599,499,306.12,528.70,39.46,120.41,1,-1,-1,-1
600,496,-4.30,635.08,67.16,203.65,1,-1,-1,-1
600,498,1782.96,572.71,60.30,182.88,1,-1,-1,-1
600,499,304.06,528.72,39.42,120.28,1,-1,-1,-1
601,496,-17.31,637.66,67.66,205.16,1,-1,-1,-1
601,498,1783.85,571.39,59.92,181.72,1,-1,-1,-1
601,499,298.04,528.76,39.36,120.11,1,-1,-1,-1
602,496,-30.32,640.25,68.15,206.67,1,-1,-1,-1
602,498,1785.37,570.90,60.02,182.02,1,-1,-1,-1
602,499,296.00,534.21,39.31,119.95,1,-1,-1,-1
603,496,-43.33,642.84,68.65,208.17,1,-1,-1,-1
603,498,1786.89,570.41,60.12,182.32,1,-1,-1,-1
603,499,292.44,533.29,41.16,125.59,1,-1,-1,-1
604,496,-56.34,645.42,69.15,209.68,1,-1,-1,-1
604,498,1788.41,569.93,60.22,182.61,1,-1,-1,-1
604,499,288.88,535.82,39.98,121.99,1,-1,-1,-1
605,496,-69.35,648.01,69.64,211.19,1,-1,-1,-1
605,498,1789.94,569.44,60.31,182.91,1,-1,-1,-1
605,499,287.71,536.80,39.47,120.44,1,-1,-1,-1
606,496,-82.36,650.60,70.14,212.69,1,-1,-1,-1
606,498,1791.46,568.95,60.41,183.21,1,-1,-1,-1
606,499,282.09,537.14,39.27,119.81,1,-1,-1,-1
607,496,-95.37,653.18,70.64,214.20,1,-1,-1,-1
607,498,1792.98,568.47,60.51,183.51,1,-1,-1,-1
607,499,280.12,537.25,39.18,119.54,1,-1,-1,-1
608,496,-108.38,655.77,71.13,215.71,1,-1,-1,-1
608,498,1794.50,567.98,60.61,183.81,1,-1,-1,-1
608,499,279.53,537.26,39.13,119.41,1,-1,-1,-1
609,498,1796.02,567.49,60.71,184.10,1,-1,-1,-1
609,499,279.45,537.25,39.11,119.33,1,-1,-1,-1
610,499,274.24,531.92,39.09,119.28,1,-1,-1,-1
611,499,272.38,529.90,39.08,119.24,1,-1,-1,-1
612,499,271.80,529.15,39.07,119.21,1,-1,-1,-1
613,499,266.40,528.88,39.06,119.18,1,-1,-1,-1
614,499,264.47,528.80,39.05,119.16,1,-1,-1,-1
615,499,263.85,528.79,39.05,119.14,1,-1,-1,-1
615,498,1843.61,596.55,63.74,193.28,1,-1,-1,-1
616,499,258.44,528.80,39.04,119.12,1,-1,-1,-1
616,498,1851.92,599.63,67.10,203.46,1,-1,-1,-1
617,499,256.50,528.82,39.04,119.11,1,-1,-1,-1
618,499,250.59,528.84,39.03,119.10,1,-1,-1,-1
619,499,248.47,528.86,39.03,119.08,1,-1,-1,-1
620,499,247.79,528.87,39.02,119.07,1,-1,-1,-1
621,499,242.44,525.60,40.89,124.76,1,-1,-1,-1
622,499,240.43,527.62,39.75,121.28,1,-1,-1,-1
623,499,239.81,533.75,39.29,119.87,1,-1,-1,-1
624,499,239.69,530.74,39.11,119.33,1,-1,-1,-1
625,499,239.74,534.90,39.04,119.12,1,-1,-1,-1
626,499,234.25,533.55,40.89,124.74,1,-1,-1,-1
627,499,237.75,541.08,39.74,121.24,1,-1,-1,-1
628,499,233.96,544.04,39.27,119.82,1,-1,-1,-1
629,499,232.62,550.41,39.10,119.28,1,-1,-1,-1
630,499,231.89,550.59,40.91,124.79,1,-1,-1,-1
631,499,237.15,552.73,39.74,121.23,1,-1,-1,-1
632,499,239.34,553.48,39.27,119.79,1,-1,-1,-1
633,499,240.19,553.70,39.09,119.26,1,-1,-1,-1
634,499,240.53,553.72,39.02,119.06,1,-1,-1,-1
635,499,240.68,553.68,39.00,118.98,1,-1,-1,-1
636,499,240.76,558.91,38.99,118.96,1,-1,-1,-1
637,499,240.15,555.13,42.87,130.76,1,-1,-1,-1
638,499,245.65,559.23,40.56,123.72,1,-1,-1,-1
639,499,247.95,560.84,39.57,120.71,1,-1,-1,-1
640,499,249.25,559.61,41.09,125.32,1,-1,-1,-1
641,499,249.79,560.67,41.27,125.87,1,-1,-1,-1
642,499,250.32,561.72,41.45,126.42,1,-1,-1,-1
643,499,250.86,562.78,41.63,126.97,1,-1,-1,-1
644,499,251.39,563.83,41.81,127.52,1,-1,-1,-1
645,499,251.93,564.89,41.99,128.07,1,-1,-1,-1
646,499,252.46,565.94,42.17,128.62,1,-1,-1,-1
647,499,267.72,566.93,42.01,128.14,1,-1,-1,-1
648,499,269.82,567.98,42.16,128.58,1,-1,-1,-1
649,499,271.92,569.03,42.30,129.02,1,-1,-1,-1
650,499,274.02,570.08,42.45,129.46,1,-1,-1,-1
651,499,276.12,571.13,42.59,129.90,1,-1,-1,-1
652,499,278.22,572.18,42.74,130.34,1,-1,-1,-1
653,499,280.32,573.23,42.88,130.78,1,-1,-1,-1
654,499,282.42,574.28,43.03,131.23,1,-1,-1,-1
655,499,284.52,575.32,43.17,131.67,1,-1,-1,-1
671,499,401.37,511.31,27.66,84.50,1,-1,-1,-1
682,500,614.69,613.43,45.42,138.15,1,-1,-1,-1
683,500,624.23,602.38,44.94,136.69,1,-1,-1,-1
688,500,698.82,563.11,48.13,146.39,1,-1,-1,-1
692,500,769.60,567.90,51.43,156.42,1,-1,-1,-1
693,500,782.73,566.32,54.27,165.03,1,-1,-1,-1
700,499,540.35,501.02,31.54,96.44,1,-1,-1,-1
702,500,945.94,593.72,59.32,180.32,1,-1,-1,-1
708,499,565.77,509.13,33.73,103.16,1,-1,-1,-1
711,499,570.38,519.69,38.16,116.62,1,-1,-1,-1
713,500,1129.10,631.34,59.54,180.90,1,-1,-1,-1
713,499,577.14,521.88,38.86,118.72,1,-1,-1,-1
714,499,578.30,527.59,38.94,118.93,1,-1,-1,-1
715,499,578.66,529.60,38.97,119.01,1,-1,-1,-1
717,499,578.84,536.72,38.98,119.02,1,-1,-1,-1
718,501,1443.19,525.42,21.97,67.92,1,-1,-1,-1
718,499,583.85,537.96,38.98,119.00,1,-1,-1,-1
719,499,585.59,538.35,38.98,119.00,1,-1,-1,-1
720,499,586.15,543.67,38.98,119.00,1,-1,-1,-1
721,499,585.65,543.05,40.85,124.67,1,-1,-1,-1
722,499,586.01,545.24,39.71,121.21,1,-1,-1,-1
722,501,1472.50,527.70,23.52,72.69,1,-1,-1,-1
723,499,591.32,545.95,39.26,119.81,1,-1,-1,-1
724,499,593.67,548.34,39.26,119.82,1,-1,-1,-1
724,502,1304.30,462.88,41.87,127.61,1,-1,-1,-1
725,499,594.03,552.23,39.08,119.29,1,-1,-1,-1
726,499,594.07,553.60,39.02,119.08,1,-1,-1,-1
727,499,594.01,559.32,39.00,119.01,1,-1,-1,-1
727,502,1323.20,460.92,44.73,136.31,1,-1,-1,-1
728,499,599.21,561.37,38.99,118.98,1,-1,-1,-1
729,499,601.10,562.04,38.99,118.97,1,-1,-1,-1
730,499,601.73,567.48,38.99,118.97,1,-1,-1,-1
731,499,601.89,564.15,38.99,118.97,1,-1,-1,-1
731,503,820.47,525.53,19.00,59.00,1,-1,-1,-1
732,499,602.04,561.02,40.86,124.67,1,-1,-1,-1
732,503,821.07,524.93,19.00,59.00,1,-1,-1,-1
732,500,1582.38,717.36,73.32,222.55,1,-1,-1,-1
733,499,602.05,559.81,41.56,126.78,1,-1,-1,-1
733,503,824.24,524.81,19.00,59.00,1,-1,-1,-1
733,500,1599.59,710.44,80.77,244.94,1,-1,-1,-1
734,499,607.06,561.02,39.98,121.97,1,-1,-1,-1
734,503,828.17,524.81,19.00,59.00,1,-1,-1,-1
735,499,608.93,561.43,39.35,120.05,1,-1,-1,-1
735,503,830.40,524.44,19.00,59.00,1,-1,-1,-1
736,499,608.63,555.80,43.01,131.20,1,-1,-1,-1
736,503,832.64,524.07,19.00,59.00,1,-1,-1,-1
737,499,609.41,559.27,40.60,123.84,1,-1,-1,-1
737,503,834.87,523.69,19.00,59.00,1,-1,-1,-1
738,499,610.16,558.88,41.46,126.46,1,-1,-1,-1
738,503,837.10,523.32,19.00,59.00,1,-1,-1,-1
739,499,611.54,559.48,41.65,127.03,1,-1,-1,-1
739,503,839.34,522.95,19.00,59.00,1,-1,-1,-1
740,499,609.41,561.05,43.83,133.67,1,-1,-1,-1
740,503,841.57,522.57,19.00,59.00,1,-1,-1,-1
741,499,608.59,561.63,44.65,136.15,1,-1,-1,-1
741,503,843.81,522.20,19.00,59.00,1,-1,-1,-1
742,499,608.22,561.83,44.96,137.07,1,-1,-1,-1
742,503,846.04,521.82,19.00,59.00,1,-1,-1,-1
743,499,610.76,562.43,47.19,143.82,1,-1,-1,-1
744,499,609.02,562.10,45.94,140.00,1,-1,-1,-1
744,503,846.66,526.76,20.09,62.38,1,-1,-1,-1
745,499,608.27,567.97,45.41,138.37,1,-1,-1,-1
745,503,846.56,527.88,20.34,63.12,1,-1,-1,-1
746,499,604.24,564.67,47.34,144.22,1,-1,-1,-1
746,503,846.47,528.29,20.43,63.39,1,-1,-1,-1
747,499,606.38,568.82,45.95,139.98,1,-1,-1,-1
747,503,846.38,528.43,20.46,63.48,1,-1,-1,-1
748,499,607.23,570.43,45.37,138.22,1,-1,-1,-1
748,503,846.29,528.47,20.47,63.49,1,-1,-1,-1
749,499,603.79,565.47,47.30,144.07,1,-1,-1,-1
749,503,849.02,528.47,20.47,63.49,1,-1,-1,-1
750,499,602.50,570.01,48.02,146.23,1,-1,-1,-1
750,503,850.01,528.46,20.46,63.47,1,-1,-1,-1
