2,664,1620.64,550.40,41.26,125.89,1,-1,-1,-1
2,666,501.53,535.92,31.99,97.87,1,-1,-1,-1
2,667,182.56,562.58,51.78,157.34,1,-1,-1,-1
3,664,1629.99,552.37,39.55,120.68,1,-1,-1,-1
3,666,503.58,549.10,29.96,91.65,1,-1,-1,-1
3,667,173.46,574.47,54.67,166.10,1,-1,-1,-1
4,664,1637.78,550.49,41.18,125.65,1,-1,-1,-1
4,666,501.92,548.46,31.05,94.99,1,-1,-1,-1
4,667,161.83,578.49,55.64,169.07,1,-1,-1,-1
5,664,1647.51,564.06,39.62,120.89,1,-1,-1,-1
5,666,496.57,543.24,31.38,96.02,1,-1,-1,-1
5,667,149.88,571.12,55.87,169.77,1,-1,-1,-1
6,664,1656.29,574.59,39.07,119.22,1,-1,-1,-1
6,666,495.28,549.16,33.15,101.44,1,-1,-1,-1
6,667,146.68,578.99,53.21,161.68,1,-1,-1,-1
7,664,1658.06,560.45,45.40,138.50,1,-1,-1,-1
7,666,494.89,546.38,33.76,103.29,1,-1,-1,-1
7,667,137.55,579.10,54.89,166.78,1,-1,-1,-1
8,664,1665.13,568.60,47.52,144.94,1,-1,-1,-1
8,666,494.83,549.97,33.96,103.90,1,-1,-1,-1
8,667,126.89,586.82,55.46,168.49,1,-1,-1,-1
9,664,1672.83,576.87,46.20,140.91,1,-1,-1,-1
9,666,492.55,552.30,31.02,94.93,1,-1,-1,-1
9,667,115.64,581.90,55.65,169.07,1,-1,-1,-1
10,664,1680.79,594.20,43.57,132.88,1,-1,-1,-1
10,666,489.19,548.96,31.35,95.95,1,-1,-1,-1
10,667,104.20,572.30,55.70,169.22,1,-1,-1,-1
10,669,4.24,724.38,41.26,125.89,1,-1,-1,-1
11,664,1690.52,586.13,44.59,135.97,1,-1,-1,-1
11,666,488.06,552.18,31.46,96.30,1,-1,-1,-1
11,667,92.73,583.81,55.71,169.23,1,-1,-1,-1
12,664,1698.34,591.55,42.95,130.95,1,-1,-1,-1
12,666,482.87,547.75,36.46,111.57,1,-1,-1,-1
12,671,185.31,583.04,59.63,180.89,1,-1,-1,-1
13,664,1702.58,591.09,44.33,135.14,1,-1,-1,-1
13,666,481.27,541.29,35.05,107.26,1,-1,-1,-1
13,671,174.10,573.69,59.63,180.89,1,-1,-1,-1
14,664,1710.02,584.81,44.82,136.64,1,-1,-1,-1
14,666,480.77,543.11,34.39,105.23,1,-1,-1,-1
14,671,168.39,571.47,66.57,201.93,1,-1,-1,-1
15,664,1718.64,588.32,45.00,137.17,1,-1,-1,-1
15,666,480.66,543.81,34.12,104.41,1,-1,-1,-1
15,671,159.91,578.61,62.47,189.49,1,-1,-1,-1
15,672,1619.78,592.62,41.87,127.61,1,-1,-1,-1
16,664,1725.04,584.95,47.20,143.85,1,-1,-1,-1
16,666,479.59,545.69,31.08,95.12,1,-1,-1,-1
16,672,1627.73,599.23,41.87,127.61,1,-1,-1,-1
17,664,1733.69,583.64,48.03,146.33,1,-1,-1,-1
17,666,475.66,544.74,32.92,100.75,1,-1,-1,-1
17,672,1632.62,601.29,39.67,120.91,1,-1,-1,-1
17,671,122.72,584.91,63.83,193.62,1,-1,-1,-1
18,664,1743.15,589.46,48.33,147.23,1,-1,-1,-1
18,666,473.34,539.69,36.88,112.84,1,-1,-1,-1
19,664,1754.26,595.83,46.30,141.04,1,-1,-1,-1
19,666,472.47,537.79,38.38,117.39,1,-1,-1,-1
20,664,1764.30,598.21,45.48,138.54,1,-1,-1,-1
21,664,1773.35,601.33,47.34,144.17,1,-1,-1,-1
22,664,1782.97,596.02,48.02,146.23,1,-1,-1,-1
22,673,1431.40,529.00,39.00,119.00,1,-1,-1,-1
22,666,464.85,533.82,41.29,126.25,1,-1,-1,-1
23,664,1787.24,593.99,50.55,153.91,1,-1,-1,-1
23,673,1432.63,529.00,39.00,119.00,1,-1,-1,-1
23,666,464.51,536.22,39.79,121.64,1,-1,-1,-1
24,664,1795.42,593.19,51.51,156.79,1,-1,-1,-1
24,673,1433.05,529.00,39.00,119.00,1,-1,-1,-1
24,666,463.79,539.84,41.11,125.64,1,-1,-1,-1
25,664,1809.75,599.08,49.60,150.99,1,-1,-1,-1
25,673,1439.14,535.00,39.00,119.00,1,-1,-1,-1
25,666,458.97,548.82,39.77,121.51,1,-1,-1,-1
26,664,1817.22,601.95,51.13,155.61,1,-1,-1,-1
26,673,1441.49,533.77,41.05,125.24,1,-1,-1,-1
26,666,456.13,550.11,41.11,125.57,1,-1,-1,-1
27,664,1823.68,601.63,54.12,164.67,1,-1,-1,-1
27,673,1447.36,541.84,39.80,121.42,1,-1,-1,-1
27,666,455.12,550.55,41.60,127.06,1,-1,-1,-1
28,664,1833.19,601.48,55.26,168.10,1,-1,-1,-1
28,673,1449.40,539.22,39.29,119.88,1,-1,-1,-1
28,666,454.79,550.64,41.79,127.62,1,-1,-1,-1
29,664,1843.90,608.66,55.68,169.36,1,-1,-1,-1
29,673,1455.50,543.68,39.10,119.31,1,-1,-1,-1
29,666,450.48,552.74,40.01,122.17,1,-1,-1,-1
30,664,1856.67,619.11,53.39,162.38,1,-1,-1,-1
30,673,1457.59,545.23,39.04,119.10,1,-1,-1,-1
31,673,1458.21,551.11,39.01,119.03,1,-1,-1,-1
31,666,440.19,571.24,41.41,126.42,1,-1,-1,-1
32,673,1463.69,558.58,39.00,119.00,1,-1,-1,-1
32,666,439.90,570.81,39.84,121.62,1,-1,-1,-1
33,673,1465.61,550.55,39.00,118.99,1,-1,-1,-1
33,666,439.89,565.17,39.26,119.83,1,-1,-1,-1
34,673,1471.54,547.42,39.00,118.99,1,-1,-1,-1
34,666,438.17,561.24,40.93,124.92,1,-1,-1,-1
35,673,1473.63,546.19,39.00,118.99,1,-1,-1,-1
35,666,434.10,556.29,39.70,121.17,1,-1,-1,-1
36,673,1479.60,545.68,39.00,118.99,1,-1,-1,-1
36,666,432.63,554.28,39.22,119.68,1,-1,-1,-1
36,674,1572.66,524.24,25.80,79.31,1,-1,-1,-1
37,673,1481.72,545.46,39.00,118.99,1,-1,-1,-1
37,666,430.00,545.64,40.92,124.87,1,-1,-1,-1
37,674,1573.40,522.04,26.96,82.87,1,-1,-1,-1
38,673,1484.59,537.13,40.87,124.70,1,-1,-1,-1
38,666,425.98,550.18,39.71,121.16,1,-1,-1,-1
38,674,1571.21,490.45,38.26,117.56,1,-1,-1,-1
39,673,1488.61,542.09,39.73,121.22,1,-1,-1,-1
39,666,424.53,546.67,39.23,119.69,1,-1,-1,-1
39,674,1574.67,484.48,40.42,124.15,1,-1,-1,-1
40,673,1495.32,538.75,39.27,119.81,1,-1,-1,-1
40,666,424.07,545.38,39.05,119.15,1,-1,-1,-1
40,674,1581.63,483.36,40.82,125.35,1,-1,-1,-1
41,673,1503.01,542.82,39.09,119.28,1,-1,-1,-1
41,666,423.99,544.92,38.98,118.96,1,-1,-1,-1
41,674,1589.62,496.05,35.89,110.19,1,-1,-1,-1
42,673,1505.74,544.35,39.03,119.08,1,-1,-1,-1
42,666,421.50,547.92,40.84,124.61,1,-1,-1,-1
43,673,1510.01,542.37,40.88,124.71,1,-1,-1,-1
43,666,417.90,551.16,39.69,121.10,1,-1,-1,-1
43,674,1593.91,502.13,38.66,118.65,1,-1,-1,-1
44,673,1513.37,549.32,39.73,121.20,1,-1,-1,-1
44,666,413.67,550.28,41.11,125.42,1,-1,-1,-1
44,674,1596.75,494.36,40.70,124.84,1,-1,-1,-1
45,673,1518.21,549.89,41.14,125.51,1,-1,-1,-1
45,666,415.02,552.07,39.79,121.39,1,-1,-1,-1
45,674,1600.50,490.56,43.39,133.03,1,-1,-1,-1
46,673,1519.90,550.09,41.66,127.09,1,-1,-1,-1
46,666,410.36,552.77,39.27,119.79,1,-1,-1,-1
46,674,1602.39,505.13,40.67,124.65,1,-1,-1,-1
47,673,1527.17,557.48,40.01,122.04,1,-1,-1,-1
47,666,408.70,553.02,39.07,119.20,1,-1,-1,-1
47,674,1613.56,505.67,39.53,121.10,1,-1,-1,-1
48,673,1535.11,560.31,39.35,120.05,1,-1,-1,-1
48,666,405.79,552.69,42.89,130.83,1,-1,-1,-1
48,674,1622.38,524.37,31.41,96.25,1,-1,-1,-1
49,673,1537.13,559.52,41.00,125.04,1,-1,-1,-1
49,666,407.01,558.07,40.55,123.68,1,-1,-1,-1
49,674,1626.05,532.28,31.23,95.69,1,-1,-1,-1
50,673,1537.78,559.20,41.60,126.87,1,-1,-1,-1
50,666,402.36,554.94,39.55,120.64,1,-1,-1,-1
50,674,1631.69,530.21,31.17,95.50,1,-1,-1,-1
51,673,1543.84,566.01,39.98,121.93,1,-1,-1,-1
51,666,400.71,559.09,39.18,119.52,1,-1,-1,-1
51,674,1634.28,514.05,36.21,110.91,1,-1,-1,-1
52,673,1551.32,568.59,39.33,119.98,1,-1,-1,-1
52,666,396.49,558.83,40.92,124.83,1,-1,-1,-1
52,674,1642.15,527.25,31.91,97.76,1,-1,-1,-1
53,673,1553.90,568.08,40.98,125.00,1,-1,-1,-1
53,666,394.98,558.72,41.57,126.79,1,-1,-1,-1
53,674,1643.00,512.44,36.62,112.14,1,-1,-1,-1
54,673,1560.36,567.86,41.59,126.84,1,-1,-1,-1
54,666,392.89,560.41,39.97,121.90,1,-1,-1,-1
54,674,1650.05,521.87,33.47,102.49,1,-1,-1,-1
55,673,1563.83,564.21,43.81,133.57,1,-1,-1,-1
55,666,388.12,559.24,41.22,125.72,1,-1,-1,-1
55,674,1655.74,530.76,30.65,93.88,1,-1,-1,-1
56,673,1565.16,555.30,48.98,149.31,1,-1,-1,-1
56,666,385.19,560.56,39.83,121.47,1,-1,-1,-1
56,674,1658.82,533.45,31.11,95.28,1,-1,-1,-1
57,673,1572.25,551.88,50.97,155.33,1,-1,-1,-1
57,666,379.73,559.25,41.16,125.54,1,-1,-1,-1
57,674,1662.60,530.76,29.84,91.40,1,-1,-1,-1
58,673,1574.97,550.48,51.76,157.69,1,-1,-1,-1
58,666,376.93,555.29,39.80,121.40,1,-1,-1,-1
58,674,1665.35,528.86,30.83,94.44,1,-1,-1,-1
59,673,1582.61,549.94,52.04,158.51,1,-1,-1,-1
59,666,376.87,551.56,41.15,125.51,1,-1,-1,-1
59,674,1666.93,525.51,32.71,100.19,1,-1,-1,-1
60,673,1586.89,557.79,49.88,151.89,1,-1,-1,-1
60,666,371.30,550.20,41.65,127.01,1,-1,-1,-1
60,674,1666.80,513.53,38.56,118.05,1,-1,-1,-1
60,677,309.67,549.75,41.87,127.61,1,-1,-1,-1
61,673,1587.21,548.82,53.75,163.63,1,-1,-1,-1
61,666,363.65,549.70,41.84,127.57,1,-1,-1,-1
61,674,1667.51,488.58,44.63,136.57,1,-1,-1,-1
61,677,306.04,552.26,39.69,120.97,1,-1,-1,-1
62,673,1593.71,549.28,52.78,160.67,1,-1,-1,-1
62,666,365.98,551.66,40.04,122.11,1,-1,-1,-1
62,677,304.83,546.69,38.97,118.78,1,-1,-1,-1
63,673,1605.31,551.11,47.94,145.93,1,-1,-1,-1
63,666,361.82,561.76,41.24,125.75,1,-1,-1,-1
63,677,298.46,563.38,38.81,118.31,1,-1,-1,-1
64,673,1607.11,557.35,50.56,153.88,1,-1,-1,-1
64,666,359.25,549.88,43.66,133.11,1,-1,-1,-1
64,677,295.19,549.72,43.10,131.37,1,-1,-1,-1
64,674,1687.35,508.04,40.18,122.91,1,-1,-1,-1
65,673,1608.31,560.76,49.21,149.76,1,-1,-1,-1
65,666,353.90,555.12,42.62,129.94,1,-1,-1,-1
65,677,287.92,551.40,44.52,135.68,1,-1,-1,-1
65,678,405.03,557.26,41.26,125.89,1,-1,-1,-1
65,674,1690.04,506.47,39.17,119.79,1,-1,-1,-1
66,666,352.22,564.30,40.32,122.93,1,-1,-1,-1
66,677,287.33,563.26,41.09,125.24,1,-1,-1,-1
66,678,404.28,564.55,41.69,127.19,1,-1,-1,-1
66,674,1696.34,506.02,38.86,118.80,1,-1,-1,-1
67,666,343.73,550.42,43.38,132.23,1,-1,-1,-1
67,677,283.95,554.44,41.66,126.98,1,-1,-1,-1
67,678,397.43,553.96,41.84,127.65,1,-1,-1,-1
67,674,1698.47,516.48,38.76,118.48,1,-1,-1,-1
67,673,1625.31,576.24,45.96,139.86,1,-1,-1,-1
68,666,337.44,545.20,46.56,141.90,1,-1,-1,-1
68,677,277.06,557.15,41.86,127.57,1,-1,-1,-1
68,678,389.00,559.11,44.12,134.62,1,-1,-1,-1
68,674,1703.33,524.52,33.83,103.42,1,-1,-1,-1
68,673,1627.53,567.49,47.42,144.31,1,-1,-1,-1
69,666,332.48,543.50,45.72,139.33,1,-1,-1,-1
69,678,386.19,558.60,42.76,130.43,1,-1,-1,-1
69,674,1707.49,529.49,33.56,102.62,1,-1,-1,-1
69,673,1628.67,570.38,50.21,152.77,1,-1,-1,-1
70,666,328.41,540.38,49.76,151.60,1,-1,-1,-1
70,678,385.47,558.40,42.19,128.71,1,-1,-1,-1
70,674,1707.30,524.76,36.96,112.97,1,-1,-1,-1
70,673,1635.06,572.21,48.99,149.05,1,-1,-1,-1
71,666,325.47,541.34,49.05,149.42,1,-1,-1,-1
71,678,379.14,554.21,44.09,134.47,1,-1,-1,-1
71,674,1707.24,523.10,38.15,116.60,1,-1,-1,-1
71,673,1638.13,572.02,50.81,154.58,1,-1,-1,-1
72,666,322.28,548.11,46.60,141.95,1,-1,-1,-1
72,678,377.28,556.71,42.73,130.32,1,-1,-1,-1
72,674,1707.01,517.11,38.64,118.07,1,-1,-1,-1
72,673,1642.00,569.09,53.93,164.02,1,-1,-1,-1
73,666,316.97,544.37,47.78,145.52,1,-1,-1,-1
73,678,370.98,557.72,42.18,128.63,1,-1,-1,-1
73,674,1706.78,519.98,38.83,118.65,1,-1,-1,-1
73,673,1643.36,567.94,55.11,167.61,1,-1,-1,-1
74,666,309.24,540.84,50.48,153.70,1,-1,-1,-1
74,678,368.83,558.10,41.97,128.00,1,-1,-1,-1
74,674,1711.83,521.04,38.91,118.87,1,-1,-1,-1
74,673,1647.68,570.24,53.15,161.61,1,-1,-1,-1
75,666,304.48,547.86,47.17,143.64,1,-1,-1,-1
75,678,361.30,554.25,43.93,133.97,1,-1,-1,-1
75,674,1713.64,521.39,38.94,118.96,1,-1,-1,-1
75,673,1654.41,578.42,50.03,152.13,1,-1,-1,-1
76,666,297.69,544.32,47.96,146.01,1,-1,-1,-1
76,678,356.15,552.95,46.79,142.65,1,-1,-1,-1
76,674,1714.95,527.61,35.60,108.76,1,-1,-1,-1
76,673,1658.52,581.11,51.18,155.63,1,-1,-1,-1
77,666,288.49,540.86,50.53,153.80,1,-1,-1,-1
77,678,350.80,552.36,45.78,139.55,1,-1,-1,-1
77,674,1714.49,523.59,37.78,115.42,1,-1,-1,-1
77,673,1659.92,582.05,51.60,156.88,1,-1,-1,-1
78,666,284.97,547.96,47.14,143.51,1,-1,-1,-1
78,678,342.85,552.16,45.34,138.19,1,-1,-1,-1
78,674,1714.35,522.22,38.53,117.70,1,-1,-1,-1
78,673,1664.99,582.67,49.46,150.37,1,-1,-1,-1
79,666,277.86,544.40,47.92,145.86,1,-1,-1,-1
79,678,340.02,552.11,45.16,137.63,1,-1,-1,-1
79,673,1669.02,582.47,50.96,154.95,1,-1,-1,-1
80,666,275.39,543.12,48.20,146.69,1,-1,-1,-1
80,678,333.07,552.11,45.08,137.39,1,-1,-1,-1
80,673,1670.40,582.37,51.51,156.61,1,-1,-1,-1
81,666,268.51,549.02,46.15,140.47,1,-1,-1,-1
81,678,324.55,552.13,45.05,137.26,1,-1,-1,-1
81,673,1670.76,582.27,51.72,157.23,1,-1,-1,-1
82,666,259.18,551.43,47.54,144.67,1,-1,-1,-1
82,673,1675.05,579.83,54.26,164.94,1,-1,-1,-1
83,666,255.89,552.31,48.04,146.19,1,-1,-1,-1
83,673,1676.58,578.90,55.21,167.81,1,-1,-1,-1
83,679,131.04,552.52,47.55,144.76,1,-1,-1,-1
84,666,249.60,552.51,46.08,140.25,1,-1,-1,-1
84,673,1677.02,578.50,55.57,168.89,1,-1,-1,-1
84,679,129.92,556.91,43.29,131.78,1,-1,-1,-1
85,666,239.63,552.68,47.50,144.56,1,-1,-1,-1
85,673,1676.44,581.62,58.32,177.20,1,-1,-1,-1
85,679,122.17,561.05,44.26,134.76,1,-1,-1,-1
86,666,233.42,551.01,50.31,153.07,1,-1,-1,-1
86,673,1684.03,579.55,56.77,172.48,1,-1,-1,-1
86,679,113.16,562.14,44.59,135.74,1,-1,-1,-1
87,666,227.51,552.06,49.12,149.44,1,-1,-1,-1
87,673,1686.79,582.00,58.76,178.50,1,-1,-1,-1
87,679,109.01,555.83,47.09,143.35,1,-1,-1,-1
87,678,286.46,560.95,44.94,136.91,1,-1,-1,-1
88,666,221.53,558.42,46.46,141.38,1,-1,-1,-1
88,673,1687.86,586.96,56.89,172.82,1,-1,-1,-1
88,679,102.72,559.82,45.71,139.16,1,-1,-1,-1
88,680,1674.21,529.09,84.24,254.34,1,-1,-1,-1
88,678,277.95,561.65,44.92,136.84,1,-1,-1,-1
89,666,216.99,561.40,47.63,144.94,1,-1,-1,-1
89,673,1688.00,592.75,58.78,178.54,1,-1,-1,-1
89,679,94.31,561.31,45.17,137.52,1,-1,-1,-1
89,678,268.66,562.45,47.08,143.39,1,-1,-1,-1
90,666,215.46,562.44,48.06,146.21,1,-1,-1,-1
90,673,1690.62,588.79,62.27,189.10,1,-1,-1,-1
90,679,85.22,568.12,44.98,136.94,1,-1,-1,-1
90,678,265.69,568.15,45.76,139.36,1,-1,-1,-1
91,666,208.62,562.80,48.21,146.69,1,-1,-1,-1
91,673,1688.97,593.23,60.85,184.75,1,-1,-1,-1
91,679,75.93,570.53,44.92,136.75,1,-1,-1,-1
91,678,257.99,571.34,47.39,144.31,1,-1,-1,-1
92,666,199.74,569.38,48.27,146.85,1,-1,-1,-1
92,679,69.73,572.35,47.10,143.38,1,-1,-1,-1
92,678,248.86,572.48,47.99,146.13,1,-1,-1,-1
92,680,1681.22,549.29,84.85,256.19,1,-1,-1,-1
93,666,190.09,571.83,48.29,146.90,1,-1,-1,-1
93,679,61.14,572.96,47.90,145.80,1,-1,-1,-1
93,678,240.78,577.89,46.09,140.33,1,-1,-1,-1
93,682,404.22,564.00,42.52,129.46,1,-1,-1,-1
93,680,1675.92,552.75,89.37,269.86,1,-1,-1,-1
93,673,1691.37,598.57,63.34,192.28,1,-1,-1,-1
94,666,180.17,572.70,48.29,146.91,1,-1,-1,-1
94,679,49.43,578.18,46.05,140.18,1,-1,-1,-1
94,678,238.00,579.90,45.33,138.03,1,-1,-1,-1
94,682,397.28,566.27,42.05,128.01,1,-1,-1,-1
94,680,1674.26,553.85,90.79,274.17,1,-1,-1,-1
94,673,1697.07,605.46,60.91,184.89,1,-1,-1,-1
95,666,176.66,572.96,48.29,146.90,1,-1,-1,-1
95,678,225.77,574.64,49.55,150.84,1,-1,-1,-1
95,682,393.13,574.97,39.66,120.75,1,-1,-1,-1
95,680,1674.95,554.16,95.70,289.00,1,-1,-1,-1
95,673,1700.27,602.98,65.96,200.19,1,-1,-1,-1
96,666,163.11,572.19,50.59,153.88,1,-1,-1,-1
96,678,218.13,579.82,48.85,148.69,1,-1,-1,-1
96,682,385.92,577.48,38.96,118.64,1,-1,-1,-1
96,680,1686.06,554.06,93.16,281.35,1,-1,-1,-1
96,673,1703.43,609.70,64.81,196.69,1,-1,-1,-1
97,666,158.19,571.88,51.45,156.47,1,-1,-1,-1
97,678,215.46,581.85,48.54,147.73,1,-1,-1,-1
97,682,369.48,559.88,45.58,138.77,1,-1,-1,-1
97,680,1690.43,553.81,92.05,278.00,1,-1,-1,-1
97,673,1704.53,612.24,64.33,195.19,1,-1,-1,-1
98,666,149.15,577.50,47.37,144.09,1,-1,-1,-1
98,678,208.22,582.56,48.41,147.33,1,-1,-1,-1
98,682,366.43,570.53,41.63,126.77,1,-1,-1,-1
98,673,1713.39,613.07,64.14,194.60,1,-1,-1,-1
98,683,1690.72,538.97,37.37,114.49,1,-1,-1,-1
99,666,139.91,581.11,47.94,145.82,1,-1,-1,-1
99,678,199.24,582.77,48.36,147.16,1,-1,-1,-1
99,682,360.60,574.14,41.85,127.44,1,-1,-1,-1
99,673,1716.63,613.27,64.06,194.35,1,-1,-1,-1
99,683,1689.58,543.36,38.45,117.77,1,-1,-1,-1
100,666,130.23,582.37,48.14,146.43,1,-1,-1,-1
100,678,191.52,582.46,50.63,154.05,1,-1,-1,-1
100,682,343.60,557.87,48.61,148.02,1,-1,-1,-1
100,673,1716.24,614.59,67.07,203.45,1,-1,-1,-1
100,683,1689.13,545.05,38.86,119.03,1,-1,-1,-1
101,666,120.36,582.77,48.22,146.66,1,-1,-1,-1
101,678,181.94,582.31,51.48,156.61,1,-1,-1,-1
101,682,340.73,568.39,44.79,136.38,1,-1,-1,-1
101,673,1716.02,615.03,68.20,206.83,1,-1,-1,-1
101,683,1689.01,545.49,38.98,119.37,1,-1,-1,-1
102,666,117.74,587.51,46.09,140.20,1,-1,-1,-1
102,678,171.62,582.20,51.80,157.56,1,-1,-1,-1
102,682,334.60,573.12,43.01,130.97,1,-1,-1,-1
102,673,1718.18,614.58,71.84,217.85,1,-1,-1,-1
102,683,1683.31,545.55,39.00,119.41,1,-1,-1,-1
103,666,109.71,584.49,47.47,144.39,1,-1,-1,-1
103,678,166.93,582.46,49.62,150.95,1,-1,-1,-1
103,682,326.88,574.84,42.34,128.94,1,-1,-1,-1
103,673,1725.58,614.87,70.05,212.40,1,-1,-1,-1
103,683,1681.32,545.51,39.00,119.38,1,-1,-1,-1
104,666,100.47,583.38,47.97,145.91,1,-1,-1,-1
104,678,158.96,582.51,48.76,148.32,1,-1,-1,-1
104,682,318.58,575.45,42.09,128.18,1,-1,-1,-1
104,673,1728.39,614.86,69.29,210.06,1,-1,-1,-1
104,683,1680.67,545.44,38.99,119.33,1,-1,-1,-1
105,666,88.02,582.56,50.46,153.47,1,-1,-1,-1
105,682,312.27,582.04,40.09,122.11,1,-1,-1,-1
105,673,1732.33,614.27,72.25,219.00,1,-1,-1,-1
105,683,1680.50,545.37,38.98,119.28,1,-1,-1,-1
106,666,76.69,582.23,51.39,156.30,1,-1,-1,-1
106,682,302.27,578.00,41.26,125.68,1,-1,-1,-1
106,673,1730.79,623.54,70.14,212.60,1,-1,-1,-1
106,683,1675.09,545.32,38.97,119.24,1,-1,-1,-1
107,666,72.59,575.20,51.75,157.37,1,-1,-1,-1
107,673,1733.01,617.38,72.55,219.86,1,-1,-1,-1
107,683,1673.14,545.27,38.97,119.20,1,-1,-1,-1
108,666,60.05,569.62,54.32,165.17,1,-1,-1,-1
108,673,1739.85,624.63,70.21,212.78,1,-1,-1,-1
108,683,1666.77,536.94,40.85,124.93,1,-1,-1,-1
109,666,53.01,570.31,52.88,160.78,1,-1,-1,-1
109,673,1742.39,627.40,69.26,209.89,1,-1,-1,-1
109,683,1664.81,541.97,39.71,121.41,1,-1,-1,-1
110,666,43.74,570.62,52.27,158.92,1,-1,-1,-1
110,683,1664.19,543.99,39.24,119.96,1,-1,-1,-1
110,686,194.01,584.81,39.61,120.72,1,-1,-1,-1
110,680,1744.53,624.80,79.36,239.74,1,-1,-1,-1
110,682,267.25,583.65,41.82,127.40,1,-1,-1,-1
111,666,33.58,570.75,52.03,158.18,1,-1,-1,-1
111,686,183.06,589.41,37.10,113.06,1,-1,-1,-1
111,680,1745.86,626.41,78.93,238.51,1,-1,-1,-1
111,682,258.48,584.21,41.88,127.60,1,-1,-1,-1
112,666,24.13,575.41,54.40,165.37,1,-1,-1,-1
112,686,175.52,592.72,34.31,104.59,1,-1,-1,-1
112,680,1746.40,627.08,78.77,238.05,1,-1,-1,-1
112,682,249.83,584.40,41.90,127.67,1,-1,-1,-1
113,666,12.93,579.47,52.86,160.67,1,-1,-1,-1
113,686,165.99,591.65,35.58,108.48,1,-1,-1,-1
113,680,1746.47,627.14,78.74,237.98,1,-1,-1,-1
113,682,241.22,584.44,41.91,127.69,1,-1,-1,-1
114,666,8.51,581.41,49.91,151.71,1,-1,-1,-1
114,686,154.50,593.01,37.89,115.51,1,-1,-1,-1
114,680,1746.36,626.97,78.75,238.05,1,-1,-1,-1
114,682,232.93,590.35,40.04,122.00,1,-1,-1,-1
115,666,0.70,581.76,51.13,155.43,1,-1,-1,-1
115,686,143.76,596.98,36.87,112.41,1,-1,-1,-1
115,680,1746.21,626.74,78.77,238.15,1,-1,-1,-1
115,682,224.84,592.56,39.31,119.82,1,-1,-1,-1
115,678,50.41,571.49,59.21,180.04,1,-1,-1,-1
116,666,-1.99,588.70,49.27,149.78,1,-1,-1,-1
116,686,135.15,598.37,36.48,111.24,1,-1,-1,-1
116,680,1749.49,622.07,82.62,249.78,1,-1,-1,-1
116,682,209.99,593.07,40.95,124.81,1,-1,-1,-1
116,678,44.49,575.50,57.08,173.51,1,-1,-1,-1
117,686,122.61,595.23,38.17,116.39,1,-1,-1,-1
117,680,1757.77,635.13,80.31,242.81,1,-1,-1,-1
117,682,199.14,593.22,41.55,126.64,1,-1,-1,-1
117,678,35.18,577.09,56.22,170.87,1,-1,-1,-1
118,686,113.02,594.07,38.77,118.24,1,-1,-1,-1
118,680,1760.87,640.12,79.39,240.06,1,-1,-1,-1
118,682,189.71,593.23,41.78,127.34,1,-1,-1,-1
118,678,18.27,574.29,61.35,186.40,1,-1,-1,-1
119,680,1761.92,641.85,79.06,239.07,1,-1,-1,-1
119,678,11.48,579.74,60.52,183.83,1,-1,-1,-1
119,688,236.49,572.81,50.34,153.24,1,-1,-1,-1
120,680,1762.20,642.36,78.95,238.73,1,-1,-1,-1
120,688,229.87,579.71,48.75,148.41,1,-1,-1,-1
120,686,107.70,597.82,43.62,133.00,1,-1,-1,-1
121,680,1762.20,642.43,78.91,238.64,1,-1,-1,-1
121,688,215.51,581.83,50.88,154.89,1,-1,-1,-1
121,686,101.40,598.65,44.64,136.10,1,-1,-1,-1
122,680,1766.32,638.69,82.69,250.07,1,-1,-1,-1
122,688,203.48,582.37,51.57,156.97,1,-1,-1,-1
122,686,93.27,598.92,45.02,137.24,1,-1,-1,-1
123,680,1767.80,637.26,84.10,254.31,1,-1,-1,-1
123,688,192.21,582.40,51.79,157.63,1,-1,-1,-1
123,686,80.80,606.42,43.17,131.61,1,-1,-1,-1
123,689,267.04,566.86,39.61,120.72,1,-1,-1,-1
124,680,1779.44,647.83,84.63,255.93,1,-1,-1,-1
124,688,181.30,582.31,51.85,157.80,1,-1,-1,-1
124,686,70.65,609.28,42.42,129.31,1,-1,-1,-1
124,689,260.13,566.89,41.38,126.13,1,-1,-1,-1
125,680,1783.46,646.34,88.83,268.61,1,-1,-1,-1
125,688,170.55,582.21,51.85,157.80,1,-1,-1,-1
125,686,58.26,608.78,44.14,134.54,1,-1,-1,-1
125,689,250.95,562.81,44.28,134.94,1,-1,-1,-1
126,680,1784.90,645.73,90.41,273.35,1,-1,-1,-1
126,688,159.87,582.11,51.84,157.76,1,-1,-1,-1
126,686,47.88,608.56,44.78,136.46,1,-1,-1,-1
126,689,241.46,561.46,45.19,137.72,1,-1,-1,-1
127,680,1797.26,645.41,90.99,275.12,1,-1,-1,-1
127,688,149.17,589.03,49.48,150.55,1,-1,-1,-1
127,686,33.53,611.10,47.13,143.61,1,-1,-1,-1
127,689,233.15,564.84,43.28,131.89,1,-1,-1,-1
128,680,1801.50,650.67,87.21,263.68,1,-1,-1,-1
128,688,137.60,589.77,53.53,162.85,1,-1,-1,-1
128,686,21.94,612.03,48.02,146.30,1,-1,-1,-1
128,689,224.54,566.18,42.48,129.45,1,-1,-1,-1
129,680,1797.60,651.56,94.11,284.53,1,-1,-1,-1
129,688,126.19,590.02,54.95,167.15,1,-1,-1,-1
129,686,10.93,615.60,46.25,140.88,1,-1,-1,-1
129,689,215.89,572.63,42.17,128.52,1,-1,-1,-1
130,680,1801.73,659.31,92.41,279.38,1,-1,-1,-1
130,688,118.04,598.22,50.76,154.39,1,-1,-1,-1
130,686,1.03,618.00,43.50,132.53,1,-1,-1,-1
130,689,207.24,574.93,42.05,128.14,1,-1,-1,-1
131,680,1803.20,662.33,91.67,277.11,1,-1,-1,-1
131,688,104.52,592.86,53.98,164.16,1,-1,-1,-1
131,689,195.76,572.51,44.05,134.24,1,-1,-1,-1
131,690,1729.00,561.00,39.00,119.00,1,-1,-1,-1
132,680,1810.90,655.75,95.67,289.17,1,-1,-1,-1
132,688,92.44,598.37,55.10,167.55,1,-1,-1,-1
132,689,188.87,574.72,42.77,130.34,1,-1,-1,-1
132,690,1722.83,561.00,39.00,119.00,1,-1,-1,-1
133,680,1818.39,660.75,92.92,280.86,1,-1,-1,-1
133,688,84.19,601.81,53.08,161.39,1,-1,-1,-1
133,689,180.94,575.53,42.24,128.73,1,-1,-1,-1
133,690,1720.77,561.00,39.00,119.00,1,-1,-1,-1
134,680,1821.16,662.65,91.77,277.39,1,-1,-1,-1
134,688,70.55,601.67,54.76,166.49,1,-1,-1,-1
134,689,172.59,581.55,42.04,128.11,1,-1,-1,-1
134,690,1720.31,561.00,39.00,119.00,1,-1,-1,-1
135,680,1822.05,663.29,91.32,276.03,1,-1,-1,-1
135,688,55.87,609.84,52.93,160.91,1,-1,-1,-1
135,689,164.08,583.74,41.96,127.86,1,-1,-1,-1
135,690,1714.49,561.00,39.00,119.00,1,-1,-1,-1
136,680,1830.46,668.81,95.47,288.54,1,-1,-1,-1
136,688,45.77,612.05,54.69,166.25,1,-1,-1,-1
136,689,155.52,584.49,41.92,127.76,1,-1,-1,-1
136,690,1712.59,561.00,39.00,119.00,1,-1,-1,-1
137,688,34.89,612.81,55.34,168.19,1,-1,-1,-1
137,689,146.93,584.71,41.91,127.72,1,-1,-1,-1
137,690,1712.05,561.00,39.00,119.00,1,-1,-1,-1
138,688,16.88,609.96,58.21,176.88,1,-1,-1,-1
138,690,1711.98,561.00,39.00,119.00,1,-1,-1,-1
139,688,2.48,611.83,56.70,172.28,1,-1,-1,-1
139,690,1706.62,561.00,39.00,119.00,1,-1,-1,-1
140,690,1704.73,561.00,39.00,119.00,1,-1,-1,-1
141,690,1704.13,555.63,39.00,119.00,1,-1,-1,-1
141,691,1561.00,545.00,39.00,119.00,1,-1,-1,-1
142,690,1704.01,553.64,39.00,119.00,1,-1,-1,-1
142,691,1561.00,545.00,39.00,119.00,1,-1,-1,-1
143,690,1702.62,563.11,37.24,113.64,1,-1,-1,-1
143,691,1554.78,545.00,39.00,119.00,1,-1,-1,-1
144,690,1698.23,561.81,38.36,117.06,1,-1,-1,-1
144,691,1552.83,545.00,39.00,119.00,1,-1,-1,-1
145,690,1696.69,561.34,38.77,118.29,1,-1,-1,-1
145,691,1546.13,542.23,41.05,125.24,1,-1,-1,-1
146,690,1696.20,561.15,38.92,118.77,1,-1,-1,-1
146,691,1544.30,543.92,39.80,121.42,1,-1,-1,-1
147,690,1696.09,566.37,38.98,118.95,1,-1,-1,-1
147,691,1537.48,547.91,41.26,125.87,1,-1,-1,-1
148,690,1690.83,563.04,39.00,119.01,1,-1,-1,-1
148,691,1535.93,551.51,39.87,121.64,1,-1,-1,-1
149,690,1688.16,566.58,37.26,113.72,1,-1,-1,-1
149,691,1530.12,547.38,39.31,119.95,1,-1,-1,-1
150,690,1682.64,563.01,38.37,117.11,1,-1,-1,-1
150,691,1528.15,551.27,39.11,119.32,1,-1,-1,-1
151,691,1522.19,552.68,39.03,119.09,1,-1,-1,-1
152,691,1512.85,545.25,40.90,124.78,1,-1,-1,-1
153,691,1506.14,545.01,39.74,121.23,1,-1,-1,-1
154,691,1501.47,542.36,41.16,125.55,1,-1,-1,-1
155,691,1496.88,543.91,39.83,121.49,1,-1,-1,-1
156,691,1490.03,544.55,39.29,119.87,1,-1,-1,-1
157,691,1482.33,544.79,39.09,119.26,1,-1,-1,-1
158,691,1476.23,542.34,40.90,124.77,1,-1,-1,-1
159,691,1472.23,538.72,39.73,121.19,1,-1,-1,-1
160,691,1465.66,542.65,39.26,119.76,1,-1,-1,-1
161,691,1463.41,538.81,39.08,119.22,1,-1,-1,-1
162,691,1458.54,540.16,40.89,124.74,1,-1,-1,-1
163,691,1455.78,543.17,39.72,121.18,1,-1,-1,-1
164,691,1449.66,544.37,39.25,119.75,1,-1,-1,-1
165,691,1442.25,544.82,39.08,119.22,1,-1,-1,-1
166,691,1439.66,544.99,39.01,119.02,1,-1,-1,-1
167,691,1433.59,539.74,38.99,118.95,1,-1,-1,-1
168,691,1426.19,537.77,38.98,118.93,1,-1,-1,-1
169,691,1423.61,537.04,38.98,118.93,1,-1,-1,-1
170,691,1416.71,533.88,40.86,124.64,1,-1,-1,-1
171,691,1414.25,532.72,41.55,126.75,1,-1,-1,-1
172,691,1407.96,532.31,41.82,127.56,1,-1,-1,-1
173,691,1405.73,532.19,41.92,127.84,1,-1,-1,-1
174,691,1406.22,535.06,40.09,122.27,1,-1,-1,-1
175,691,1399.24,534.21,43.29,132.02,1,-1,-1,-1
176,691,1398.74,540.96,40.68,124.05,1,-1,-1,-1
177,691,1398.88,543.75,39.58,120.72,1,-1,-1,-1
178,691,1393.73,544.76,39.18,119.49,1,-1,-1,-1
179,691,1389.98,542.56,40.92,124.79,1,-1,-1,-1
180,691,1385.40,544.25,39.71,121.12,1,-1,-1,-1
181,691,1383.82,544.89,39.24,119.67,1,-1,-1,-1
182,691,1379.71,537.78,42.96,131.01,1,-1,-1,-1
183,691,1376.63,542.25,40.57,123.71,1,-1,-1,-1
184,691,1372.95,541.56,41.44,126.38,1,-1,-1,-1
185,691,1371.68,535.69,41.76,127.34,1,-1,-1,-1
186,691,1368.74,541.59,40.02,122.04,1,-1,-1,-1
187,691,1368.66,536.53,43.27,131.91,1,-1,-1,-1
187,692,1617.00,554.60,39.00,119.00,1,-1,-1,-1
188,691,1364.81,539.33,42.48,129.51,1,-1,-1,-1
188,692,1617.00,553.37,39.00,119.00,1,-1,-1,-1
189,691,1363.44,540.49,42.14,128.48,1,-1,-1,-1
189,692,1617.00,552.95,39.00,119.00,1,-1,-1,-1
190,691,1357.36,540.93,42.01,128.07,1,-1,-1,-1
190,692,1613.96,550.42,41.12,125.46,1,-1,-1,-1
191,691,1355.17,541.10,41.95,127.89,1,-1,-1,-1
191,692,1615.83,551.91,39.82,121.49,1,-1,-1,-1
192,691,1352.66,543.69,40.06,122.13,1,-1,-1,-1
192,692,1613.71,550.23,41.30,125.99,1,-1,-1,-1
193,691,1353.71,542.10,41.23,125.70,1,-1,-1,-1
193,692,1615.74,551.88,39.88,121.67,1,-1,-1,-1
194,691,1352.34,544.04,39.80,121.33,1,-1,-1,-1
194,692,1616.55,552.55,39.32,119.95,1,-1,-1,-1
195,691,1348.03,542.22,41.13,125.41,1,-1,-1,-1
195,692,1622.31,552.80,39.11,119.32,1,-1,-1,-1
196,691,1346.52,541.55,41.62,126.89,1,-1,-1,-1
196,692,1618.99,552.90,39.03,119.09,1,-1,-1,-1
197,691,1346.04,541.30,41.81,127.46,1,-1,-1,-1
197,692,1623.11,552.94,39.00,119.00,1,-1,-1,-1
198,691,1343.09,536.48,43.87,133.74,1,-1,-1,-1
198,692,1624.63,552.96,38.99,118.97,1,-1,-1,-1
199,691,1342.03,534.68,44.65,136.08,1,-1,-1,-1
199,692,1625.17,552.97,38.99,118.97,1,-1,-1,-1
200,691,1341.71,534.00,44.94,136.96,1,-1,-1,-1
200,692,1628.76,550.81,40.88,124.70,1,-1,-1,-1
201,691,1338.97,538.44,43.06,131.23,1,-1,-1,-1
201,692,1630.06,550.01,41.57,126.82,1,-1,-1,-1
202,691,1340.77,535.42,44.33,135.10,1,-1,-1,-1
202,692,1632.39,551.84,39.99,121.98,1,-1,-1,-1
203,691,1338.76,539.01,42.82,130.47,1,-1,-1,-1
203,692,1631.32,550.40,41.24,125.81,1,-1,-1,-1
204,691,1338.07,540.43,42.21,128.63,1,-1,-1,-1
204,692,1635.25,545.59,43.69,133.23,1,-1,-1,-1
205,691,1337.88,540.96,41.98,127.94,1,-1,-1,-1
205,692,1637.97,547.99,42.66,130.10,1,-1,-1,-1
206,691,1336.78,543.70,40.02,121.97,1,-1,-1,-1
206,692,1640.47,551.14,40.36,123.08,1,-1,-1,-1
207,691,1334.13,543.50,43.24,131.77,1,-1,-1,-1
207,692,1645.53,550.18,41.37,126.15,1,-1,-1,-1
208,691,1330.91,547.68,42.41,129.25,1,-1,-1,-1
208,692,1648.48,557.23,39.87,121.59,1,-1,-1,-1
209,691,1330.17,538.12,46.24,140.89,1,-1,-1,-1
209,692,1647.49,554.19,43.21,131.75,1,-1,-1,-1
210,691,1329.90,534.63,47.64,145.14,1,-1,-1,-1
210,692,1653.04,553.10,44.41,135.39,1,-1,-1,-1
211,691,1331.70,539.91,46.09,140.40,1,-1,-1,-1
211,692,1655.59,556.51,42.91,130.82,1,-1,-1,-1
212,691,1332.50,542.04,45.44,138.42,1,-1,-1,-1
212,692,1662.17,557.85,42.29,128.93,1,-1,-1,-1
213,691,1332.84,542.85,45.19,137.64,1,-1,-1,-1
213,692,1664.55,558.33,42.06,128.21,1,-1,-1,-1
214,691,1333.00,543.14,45.09,137.32,1,-1,-1,-1
214,692,1671.03,558.49,41.96,127.92,1,-1,-1,-1
215,691,1333.09,543.25,45.04,137.18,1,-1,-1,-1
215,692,1673.73,554.61,43.93,133.90,1,-1,-1,-1
216,691,1333.15,549.34,45.02,137.11,1,-1,-1,-1
216,692,1680.63,553.16,44.66,136.12,1,-1,-1,-1
217,691,1336.54,555.55,43.00,130.97,1,-1,-1,-1
217,692,1683.20,552.59,44.94,136.95,1,-1,-1,-1
218,691,1337.86,557.88,42.22,128.60,1,-1,-1,-1
218,692,1690.07,552.38,45.03,137.23,1,-1,-1,-1
219,691,1341.13,554.70,43.97,133.94,1,-1,-1,-1
220,691,1342.31,553.52,44.62,135.88,1,-1,-1,-1
221,691,1341.33,546.67,47.00,143.13,1,-1,-1,-1
222,691,1345.16,548.62,43.83,133.50,1,-1,-1,-1
223,691,1348.88,544.67,46.77,142.41,1,-1,-1,-1
224,691,1350.19,543.28,47.80,145.55,1,-1,-1,-1
225,691,1351.68,543.07,46.08,140.31,1,-1,-1,-1
226,691,1351.16,542.68,47.55,144.76,1,-1,-1,-1
227,691,1350.95,542.55,48.09,146.38,1,-1,-1,-1
228,691,1357.30,542.51,48.28,146.97,1,-1,-1,-1
228,694,1755.75,543.09,45.64,138.82,1,-1,-1,-1
229,691,1359.70,542.51,48.35,147.16,1,-1,-1,-1
229,694,1762.22,542.78,47.68,145.03,1,-1,-1,-1
230,691,1360.56,542.53,48.36,147.19,1,-1,-1,-1
230,694,1771.82,542.69,48.34,147.04,1,-1,-1,-1
231,691,1362.50,540.35,50.65,154.14,1,-1,-1,-1
231,694,1782.11,542.66,48.49,147.48,1,-1,-1,-1
232,691,1367.99,547.95,47.15,143.48,1,-1,-1,-1
232,694,1792.29,542.66,48.49,147.49,1,-1,-1,-1
233,691,1370.08,551.04,45.70,139.09,1,-1,-1,-1
233,694,1802.42,542.67,48.46,147.40,1,-1,-1,-1
234,691,1370.67,545.66,47.36,144.13,1,-1,-1,-1
234,694,1812.43,542.67,48.43,147.30,1,-1,-1,-1
235,691,1370.96,550.04,45.83,139.47,1,-1,-1,-1
235,694,1822.45,542.68,48.40,147.21,1,-1,-1,-1
236,691,1373.10,543.04,49.74,151.35,1,-1,-1,-1
236,694,1828.55,540.42,50.74,154.31,1,-1,-1,-1
237,691,1373.86,540.53,51.15,155.61,1,-1,-1,-1
237,694,1840.81,541.80,49.29,149.90,1,-1,-1,-1
238,691,1380.88,539.55,51.70,157.26,1,-1,-1,-1
238,694,1846.68,535.67,53.55,162.84,1,-1,-1,-1
239,691,1383.55,539.19,51.89,157.84,1,-1,-1,-1
239,694,1857.61,530.92,52.67,160.17,1,-1,-1,-1
240,691,1390.27,534.76,54.40,165.43,1,-1,-1,-1
241,691,1393.89,537.35,52.93,160.96,1,-1,-1,-1
242,691,1395.18,538.45,52.31,159.06,1,-1,-1,-1
243,691,1403.82,541.40,47.61,144.78,1,-1,-1,-1
244,691,1406.98,542.58,45.77,139.19,1,-1,-1,-1
245,691,1413.82,540.40,49.70,151.15,1,-1,-1,-1
246,691,1418.65,541.80,48.82,148.48,1,-1,-1,-1
247,691,1424.90,540.16,50.78,154.41,1,-1,-1,-1
248,691,1429.05,541.73,49.23,149.69,1,-1,-1,-1
249,691,1435.46,540.14,50.93,154.85,1,-1,-1,-1
250,691,1438.54,535.23,53.99,164.16,1,-1,-1,-1
251,691,1446.62,539.77,50.51,153.57,1,-1,-1,-1
252,691,1455.58,539.43,51.39,156.24,1,-1,-1,-1
253,691,1458.72,539.31,51.71,157.20,1,-1,-1,-1
254,691,1466.69,528.14,56.92,173.00,1,-1,-1,-1
255,691,1476.27,534.75,53.93,163.93,1,-1,-1,-1
256,691,1486.05,539.82,50.32,152.94,1,-1,-1,-1
257,691,1493.69,535.03,53.83,163.59,1,-1,-1,-1
258,691,1503.69,533.35,55.06,167.32,1,-1,-1,-1
259,691,1507.34,532.72,55.53,168.73,1,-1,-1,-1
260,691,1515.87,532.50,55.69,169.22,1,-1,-1,-1
261,691,1526.36,532.44,55.74,169.35,1,-1,-1,-1
270,691,1566.32,592.90,59.42,180.49,1,-1,-1,-1
271,691,1581.82,589.64,62.51,189.83,1,-1,-1,-1
272,691,1595.55,596.99,63.58,193.02,1,-1,-1,-1
273,691,1611.83,591.40,66.98,203.27,1,-1,-1,-1
274,691,1625.27,587.37,71.44,216.75,1,-1,-1,-1
275,691,1640.69,587.49,70.03,212.45,1,-1,-1,-1
276,691,1655.51,596.46,69.40,210.49,1,-1,-1,-1
283,691,1741.64,539.70,64.32,195.07,1,-1,-1,-1
284,691,1757.46,544.17,60.85,184.55,1,-1,-1,-1
285,691,1770.76,545.53,59.78,181.31,1,-1,-1,-1
285,698,1821.80,609.00,79.00,239.00,1,-1,-1,-1
286,691,1781.96,537.35,62.35,189.08,1,-1,-1,-1
287,691,1795.03,542.90,60.44,183.30,1,-1,-1,-1
287,699,1263.40,553.00,39.00,119.00,1,-1,-1,-1
288,691,1807.34,536.51,62.63,189.93,1,-1,-1,-1
288,699,1268.52,550.49,41.18,125.64,1,-1,-1,-1
289,691,1819.75,542.67,60.59,183.75,1,-1,-1,-1
289,699,1272.49,552.10,39.78,121.37,1,-1,-1,-1
290,691,1827.79,534.14,65.81,199.57,1,-1,-1,-1
290,699,1279.65,552.75,39.21,119.65,1,-1,-1,-1
291,691,1839.60,531.10,67.68,205.22,1,-1,-1,-1
291,699,1281.78,552.97,39.03,119.09,1,-1,-1,-1
292,691,1856.57,540.70,65.42,198.34,1,-1,-1,-1
292,699,1287.98,553.03,38.97,118.92,1,-1,-1,-1
293,691,1871.20,544.58,64.50,195.56,1,-1,-1,-1
327,703,212.24,634.94,46.38,140.94,1,-1,-1,-1
328,703,203.73,634.48,50.69,154.02,1,-1,-1,-1
328,704,1556.60,591.39,47.55,144.76,1,-1,-1,-1
329,703,201.07,634.33,52.03,158.11,1,-1,-1,-1
329,704,1561.74,583.97,50.68,154.28,1,-1,-1,-1
330,703,192.72,634.30,52.33,159.00,1,-1,-1,-1
330,704,1562.85,578.67,54.57,166.12,1,-1,-1,-1
331,703,190.07,634.30,52.32,158.99,1,-1,-1,-1
332,703,183.13,626.54,54.87,166.73,1,-1,-1,-1
333,703,186.81,624.16,53.23,161.74,1,-1,-1,-1
334,703,181.36,623.36,52.51,159.54,1,-1,-1,-1
335,703,179.52,623.14,52.21,158.63,1,-1,-1,-1
336,703,172.47,622.75,54.59,165.87,1,-1,-1,-1
337,703,169.40,629.94,53.00,161.03,1,-1,-1,-1
338,703,168.45,632.83,52.33,159.00,1,-1,-1,-1
339,703,161.19,633.92,52.06,158.19,1,-1,-1,-1
340,703,158.69,634.45,54.45,165.43,1,-1,-1,-1
341,703,150.47,634.64,55.33,168.09,1,-1,-1,-1
342,703,146.44,632.72,58.28,177.02,1,-1,-1,-1
343,703,146.42,647.40,54.39,165.21,1,-1,-1,-1
344,703,139.65,653.34,52.75,160.25,1,-1,-1,-1
344,706,1443.72,613.33,63.07,191.33,1,-1,-1,-1
345,703,134.80,655.66,57.34,174.17,1,-1,-1,-1
345,706,1443.66,622.02,63.72,193.31,1,-1,-1,-1
346,703,127.29,664.65,56.41,171.34,1,-1,-1,-1
346,706,1443.64,625.07,63.95,194.00,1,-1,-1,-1
347,703,117.08,668.15,56.00,170.08,1,-1,-1,-1
347,706,1443.64,625.80,64.01,194.16,1,-1,-1,-1
348,703,113.39,669.37,55.83,169.55,1,-1,-1,-1
348,706,1443.89,639.42,60.92,184.78,1,-1,-1,-1
349,703,112.18,669.73,55.75,169.31,1,-1,-1,-1
349,706,1443.72,639.76,62.93,190.88,1,-1,-1,-1
350,703,101.30,669.37,58.36,177.22,1,-1,-1,-1
350,706,1452.23,643.78,60.65,183.98,1,-1,-1,-1
351,703,97.34,669.19,59.33,180.15,1,-1,-1,-1
351,706,1455.76,640.92,62.80,190.49,1,-1,-1,-1
352,703,91.75,676.77,57.08,173.31,1,-1,-1,-1
352,706,1456.96,648.57,63.57,192.80,1,-1,-1,-1
353,703,86.14,679.78,58.84,178.63,1,-1,-1,-1
353,706,1456.96,654.64,60.97,184.93,1,-1,-1,-1
354,703,80.44,680.69,56.86,172.62,1,-1,-1,-1
354,706,1457.23,662.17,62.91,190.81,1,-1,-1,-1
355,703,81.98,692.80,53.56,162.64,1,-1,-1,-1
355,706,1457.29,664.78,63.61,192.92,1,-1,-1,-1
356,703,74.97,685.27,57.58,174.80,1,-1,-1,-1
356,706,1452.65,660.18,66.93,202.98,1,-1,-1,-1
357,703,64.66,682.64,58.98,179.06,1,-1,-1,-1
357,706,1450.88,658.36,68.18,206.73,1,-1,-1,-1
358,703,55.21,679.39,62.33,189.19,1,-1,-1,-1
358,706,1450.17,657.52,68.64,208.13,1,-1,-1,-1
359,703,49.47,680.20,60.84,184.65,1,-1,-1,-1
359,706,1449.88,666.20,68.80,208.60,1,-1,-1,-1
359,708,1378.84,609.44,64.95,196.74,1,-1,-1,-1
360,703,41.28,678.32,63.03,191.29,1,-1,-1,-1
360,706,1449.76,669.43,68.85,208.71,1,-1,-1,-1
360,708,1378.62,621.50,64.22,194.54,1,-1,-1,-1
361,703,36.62,687.56,61.06,185.29,1,-1,-1,-1
361,706,1449.41,672.65,72.10,218.54,1,-1,-1,-1
361,708,1375.30,616.07,71.55,216.72,1,-1,-1,-1
362,703,27.10,691.15,60.24,182.80,1,-1,-1,-1
362,706,1458.54,680.73,70.12,212.52,1,-1,-1,-1
362,708,1377.21,622.64,66.99,202.93,1,-1,-1,-1
363,703,16.98,686.71,65.82,199.71,1,-1,-1,-1
363,706,1462.16,683.76,69.29,209.99,1,-1,-1,-1
363,708,1368.86,627.17,68.37,207.11,1,-1,-1,-1
364,703,12.67,689.09,64.93,196.98,1,-1,-1,-1
364,708,1365.84,635.57,65.57,198.64,1,-1,-1,-1
371,708,1359.13,643.85,73.29,222.01,1,-1,-1,-1
372,708,1349.28,642.70,77.30,234.10,1,-1,-1,-1
373,708,1355.07,643.53,75.31,228.07,1,-1,-1,-1
373,706,1457.77,721.22,78.59,238.11,1,-1,-1,-1
374,708,1347.99,642.49,77.95,236.06,1,-1,-1,-1
374,706,1457.38,722.45,79.01,239.35,1,-1,-1,-1
375,708,1352.32,638.51,82.61,250.12,1,-1,-1,-1
375,706,1458.30,722.98,82.88,251.00,1,-1,-1,-1
376,708,1347.17,640.45,80.75,244.48,1,-1,-1,-1
376,706,1458.63,723.12,84.33,255.35,1,-1,-1,-1
376,710,1553.00,689.00,79.00,239.00,1,-1,-1,-1
377,706,1458.75,723.03,84.88,256.95,1,-1,-1,-1
377,710,1540.67,689.00,79.00,239.00,1,-1,-1,-1
378,706,1457.71,733.11,81.36,246.27,1,-1,-1,-1
378,710,1536.54,689.00,79.00,239.00,1,-1,-1,-1
379,706,1454.70,724.15,87.77,265.63,1,-1,-1,-1
379,710,1535.61,689.00,79.00,239.00,1,-1,-1,-1
380,706,1453.61,720.92,90.09,272.62,1,-1,-1,-1
380,710,1535.56,689.00,79.00,239.00,1,-1,-1,-1
381,706,1455.69,731.90,83.37,252.28,1,-1,-1,-1
381,710,1535.73,689.00,79.00,239.00,1,-1,-1,-1
382,706,1446.18,737.11,84.41,255.40,1,-1,-1,-1
382,710,1535.92,689.00,79.00,239.00,1,-1,-1,-1
382,708,1307.14,637.47,84.44,255.59,1,-1,-1,-1
383,706,1442.78,738.94,84.78,256.49,1,-1,-1,-1
383,710,1525.13,689.00,79.00,239.00,1,-1,-1,-1
383,708,1304.13,636.81,84.66,256.23,1,-1,-1,-1
384,706,1441.52,739.53,84.90,256.85,1,-1,-1,-1
384,710,1532.13,689.00,79.00,239.00,1,-1,-1,-1
385,706,1436.58,738.19,88.95,269.07,1,-1,-1,-1
385,710,1528.27,687.61,82.84,250.61,1,-1,-1,-1
386,706,1438.83,748.52,82.82,250.54,1,-1,-1,-1
386,710,1526.89,687.10,84.25,254.86,1,-1,-1,-1
387,706,1435.61,741.18,88.25,266.93,1,-1,-1,-1
387,710,1522.34,688.27,81.02,245.08,1,-1,-1,-1
388,706,1427.79,751.10,86.22,260.78,1,-1,-1,-1
388,710,1513.40,687.36,83.56,252.75,1,-1,-1,-1
389,706,1421.52,750.98,93.74,283.50,1,-1,-1,-1
390,706,1417.22,754.12,92.32,279.18,1,-1,-1,-1
390,710,1480.70,713.78,80.12,242.36,1,-1,-1,-1
391,706,1415.63,755.25,91.68,277.21,1,-1,-1,-1
391,710,1473.67,719.99,79.22,239.65,1,-1,-1,-1
392,710,1460.61,722.06,78.92,238.74,1,-1,-1,-1
395,706,1383.22,769.51,96.81,292.71,1,-1,-1,-1
405,711,1246.88,558.86,41.26,125.89,1,-1,-1,-1
406,712,1048.94,651.04,97.49,294.47,1,-1,-1,-1
407,712,1034.46,659.99,92.44,279.22,1,-1,-1,-1
408,712,1015.04,662.95,90.77,274.18,1,-1,-1,-1
409,712,989.98,654.71,95.42,288.22,1,-1,-1,-1
410,712,961.61,660.33,92.25,278.65,1,-1,-1,-1
411,712,933.53,657.22,100.82,304.53,1,-1,-1,-1
412,712,908.90,666.37,99.01,299.05,1,-1,-1,-1
413,712,887.37,669.94,98.21,296.63,1,-1,-1,-1
413,714,1140.20,561.00,39.00,119.00,1,-1,-1,-1
414,712,865.09,678.12,93.45,282.27,1,-1,-1,-1
414,714,1131.57,561.00,39.00,119.00,1,-1,-1,-1
415,712,833.06,674.00,96.14,290.39,1,-1,-1,-1
415,714,1116.23,561.00,39.00,119.00,1,-1,-1,-1
416,712,809.05,672.49,97.09,293.27,1,-1,-1,-1
416,714,1099.69,561.00,39.00,119.00,1,-1,-1,-1
417,712,787.87,671.83,97.44,294.33,1,-1,-1,-1
418,712,767.76,671.52,97.57,294.70,1,-1,-1,-1
419,712,748.04,671.36,97.60,294.81,1,-1,-1,-1
420,712,715.40,684.31,97.60,294.82,1,-1,-1,-1
420,714,1031.74,550.53,41.63,127.02,1,-1,-1,-1
421,712,681.78,679.98,102.25,308.84,1,-1,-1,-1
421,714,1014.21,549.51,41.89,127.79,1,-1,-1,-1
422,712,653.17,687.31,99.41,300.26,1,-1,-1,-1
422,714,995.09,551.35,40.09,122.30,1,-1,-1,-1
423,712,617.16,690.12,98.25,296.75,1,-1,-1,-1
423,714,976.62,545.48,43.35,132.24,1,-1,-1,-1
424,712,578.51,691.08,97.80,295.40,1,-1,-1,-1
424,714,955.60,547.65,42.55,129.78,1,-1,-1,-1
425,712,550.06,700.40,89.23,269.54,1,-1,-1,-1
425,714,936.81,542.95,42.20,128.70,1,-1,-1,-1
426,712,506.22,687.17,104.63,316.03,1,-1,-1,-1
426,714,919.02,546.91,42.05,128.25,1,-1,-1,-1
427,712,469.58,694.14,104.98,317.07,1,-1,-1,-1
427,714,898.74,550.61,40.12,122.36,1,-1,-1,-1
428,712,422.38,685.51,115.20,347.90,1,-1,-1,-1
428,714,877.53,549.88,41.27,125.87,1,-1,-1,-1
429,712,387.39,696.40,113.95,344.11,1,-1,-1,-1
429,714,857.96,551.77,39.83,121.47,1,-1,-1,-1
430,712,344.48,711.46,108.43,327.43,1,-1,-1,-1
442,717,1119.33,667.24,69.68,210.93,1,-1,-1,-1
443,718,1260.18,599.94,68.64,207.93,1,-1,-1,-1
444,718,1234.37,599.94,68.64,207.93,1,-1,-1,-1
444,719,512.02,566.90,41.87,127.61,1,-1,-1,-1
445,718,1201.35,598.54,72.50,219.60,1,-1,-1,-1
445,719,488.23,566.90,41.87,127.61,1,-1,-1,-1
446,718,1172.35,594.35,77.58,234.98,1,-1,-1,-1
446,719,460.25,566.90,41.87,127.61,1,-1,-1,-1
447,718,1150.23,596.47,75.62,229.04,1,-1,-1,-1
447,719,432.92,566.90,41.87,127.61,1,-1,-1,-1
448,718,1122.72,597.40,74.68,226.19,1,-1,-1,-1
448,719,400.63,563.03,44.07,134.30,1,-1,-1,-1
449,718,1092.21,594.23,77.93,236.03,1,-1,-1,-1
449,719,372.00,565.40,42.73,130.21,1,-1,-1,-1
450,719,343.00,562.64,44.29,134.98,1,-1,-1,-1
450,721,887.40,685.80,79.00,239.00,1,-1,-1,-1
451,719,318.06,565.26,42.80,130.44,1,-1,-1,-1
452,719,288.10,562.67,44.28,134.92,1,-1,-1,-1
452,721,830.45,686.83,84.13,254.52,1,-1,-1,-1
453,719,259.55,565.29,42.79,130.39,1,-1,-1,-1
453,721,796.52,682.66,89.50,270.76,1,-1,-1,-1
454,719,225.37,562.73,44.25,134.83,1,-1,-1,-1
454,721,756.77,687.77,95.80,289.79,1,-1,-1,-1
455,721,716.64,689.69,98.03,296.50,1,-1,-1,-1
456,721,683.10,696.39,94.34,285.34,1,-1,-1,-1
457,721,640.47,683.49,101.88,308.10,1,-1,-1,-1
458,719,95.58,569.92,44.87,136.70,1,-1,-1,-1
459,719,59.37,570.80,44.91,136.83,1,-1,-1,-1
459,721,558.70,690.72,99.07,299.58,1,-1,-1,-1
460,721,513.83,698.18,102.57,310.12,1,-1,-1,-1
461,721,476.25,708.94,99.10,299.61,1,-1,-1,-1
462,721,419.76,722.63,107.55,325.11,1,-1,-1,-1
463,721,382.02,737.06,105.73,319.57,1,-1,-1,-1
505,723,1814.98,643.66,59.63,180.89,1,-1,-1,-1
507,724,1748.32,638.98,63.07,191.33,1,-1,-1,-1
508,724,1719.85,651.70,60.47,183.43,1,-1,-1,-1
509,724,1682.07,657.24,56.39,171.07,1,-1,-1,-1
510,724,1642.76,657.36,58.41,177.19,1,-1,-1,-1
511,724,1603.08,658.80,69.06,209.47,1,-1,-1,-1
512,724,1573.08,663.19,66.42,201.47,1,-1,-1,-1
512,727,1651.22,657.28,67.67,205.13,1,-1,-1,-1
513,724,1537.02,664.70,65.10,197.45,1,-1,-1,-1
514,724,1505.40,669.03,67.70,205.34,1,-1,-1,-1
515,724,1471.05,666.70,65.58,198.88,1,-1,-1,-1
516,724,1436.86,669.48,67.80,205.59,1,-1,-1,-1
517,724,1397.61,670.43,68.59,207.99,1,-1,-1,-1
518,724,1365.53,670.69,68.87,208.81,1,-1,-1,-1
519,724,1337.20,675.44,65.90,199.80,1,-1,-1,-1
519,733,1791.14,736.17,90.90,274.69,1,-1,-1,-1
520,724,1299.18,672.31,67.81,205.59,1,-1,-1,-1
520,733,1757.12,736.17,90.90,274.69,1,-1,-1,-1
521,724,1271.39,677.99,62.64,189.92,1,-1,-1,-1
521,733,1720.72,731.24,95.99,290.08,1,-1,-1,-1
522,724,1236.65,677.88,63.50,192.53,1,-1,-1,-1
522,733,1693.24,734.31,92.82,280.51,1,-1,-1,-1
523,733,1658.68,735.54,91.55,276.66,1,-1,-1,-1
524,733,1621.13,747.92,82.72,249.98,1,-1,-1,-1
525,733,1584.36,740.06,88.18,266.49,1,-1,-1,-1
526,733,1556.04,719.92,94.35,285.12,1,-1,-1,-1
527,733,1526.20,717.48,92.33,279.02,1,-1,-1,-1
527,740,1261.80,561.00,39.00,119.00,1,-1,-1,-1
528,733,1497.40,711.57,95.89,289.78,1,-1,-1,-1
529,733,1461.65,709.48,97.19,293.68,1,-1,-1,-1
529,743,1092.98,697.44,68.64,207.93,1,-1,-1,-1
529,724,1004.12,683.92,68.32,207.12,1,-1,-1,-1
530,733,1436.23,721.79,97.65,295.08,1,-1,-1,-1
530,744,1189.80,561.00,39.00,119.00,1,-1,-1,-1
530,724,971.32,686.89,71.98,218.17,1,-1,-1,-1
531,733,1400.60,730.80,93.48,282.47,1,-1,-1,-1
531,744,1173.77,561.00,39.00,119.00,1,-1,-1,-1
531,724,944.67,694.20,70.06,212.34,1,-1,-1,-1
532,733,1376.60,730.09,96.23,290.77,1,-1,-1,-1
532,744,1149.73,567.22,39.00,119.00,1,-1,-1,-1
532,724,908.40,697.02,69.27,209.92,1,-1,-1,-1
533,733,1342.61,729.84,97.22,293.75,1,-1,-1,-1
533,744,1124.69,569.17,39.00,119.00,1,-1,-1,-1
533,724,877.54,707.19,68.95,208.96,1,-1,-1,-1
534,733,1320.13,733.91,93.27,281.83,1,-1,-1,-1
534,744,1105.64,569.68,39.00,119.00,1,-1,-1,-1
535,733,1289.42,723.86,100.82,304.60,1,-1,-1,-1
535,744,1083.02,569.74,39.00,119.00,1,-1,-1,-1
536,733,1261.01,727.37,99.00,299.10,1,-1,-1,-1
536,744,1064.77,569.68,39.00,119.00,1,-1,-1,-1
537,733,1227.56,721.56,102.84,310.70,1,-1,-1,-1
537,744,1042.61,569.60,39.00,119.00,1,-1,-1,-1
538,733,1202.04,719.41,104.27,314.97,1,-1,-1,-1
538,744,1021.99,573.90,40.92,124.84,1,-1,-1,-1
538,745,780.04,716.87,86.01,259.92,1,-1,-1,-1
539,733,1179.28,725.79,100.21,302.71,1,-1,-1,-1
539,744,1001.52,576.45,39.75,121.28,1,-1,-1,-1
539,745,747.33,720.29,85.05,257.03,1,-1,-1,-1
540,733,1144.27,721.02,103.24,311.86,1,-1,-1,-1
540,744,978.61,577.35,39.28,119.84,1,-1,-1,-1
540,745,709.86,721.38,84.74,256.10,1,-1,-1,-1
541,733,1111.53,723.36,109.25,329.99,1,-1,-1,-1
541,744,960.21,577.62,39.10,119.29,1,-1,-1,-1
541,745,673.51,734.60,84.68,255.91,1,-1,-1,-1
542,733,1079.16,733.80,106.69,322.24,1,-1,-1,-1
542,744,938.13,577.66,39.03,119.09,1,-1,-1,-1
542,745,642.08,749.41,80.52,243.35,1,-1,-1,-1
543,733,1059.35,744.35,100.97,304.95,1,-1,-1,-1
543,744,920.01,577.62,39.01,119.02,1,-1,-1,-1
543,745,609.00,741.88,87.70,265.06,1,-1,-1,-1
544,733,1040.16,761.56,98.73,298.18,1,-1,-1,-1
544,744,900.94,582.25,40.88,124.72,1,-1,-1,-1
544,745,573.44,751.81,90.05,272.14,1,-1,-1,-1
545,733,1013.69,762.30,102.60,309.87,1,-1,-1,-1
545,744,881.06,579.35,39.73,121.22,1,-1,-1,-1
545,745,547.33,756.05,86.81,262.36,1,-1,-1,-1
546,733,985.91,767.87,99.42,300.26,1,-1,-1,-1
546,744,863.76,578.11,39.27,119.80,1,-1,-1,-1
546,745,503.55,756.65,89.68,271.04,1,-1,-1,-1
547,733,959.97,791.07,85.88,259.41,1,-1,-1,-1
547,744,842.09,577.62,39.09,119.27,1,-1,-1,-1
548,733,928.47,777.33,93.60,282.75,1,-1,-1,-1
548,744,823.55,576.40,40.90,124.79,1,-1,-1,-1
548,745,410.24,745.82,101.44,306.57,1,-1,-1,-1
549,733,904.79,773.08,96.04,290.10,1,-1,-1,-1
549,744,805.94,575.93,41.58,126.82,1,-1,-1,-1
549,745,367.36,748.37,108.77,328.68,1,-1,-1,-1
550,733,866.53,757.14,106.57,321.88,1,-1,-1,-1
550,744,783.11,575.73,41.83,127.59,1,-1,-1,-1
550,745,336.15,757.76,106.77,322.59,1,-1,-1,-1
551,733,842.68,746.23,105.73,319.33,1,-1,-1,-1
551,744,763.86,575.65,41.92,127.86,1,-1,-1,-1
551,745,297.93,766.70,101.25,305.92,1,-1,-1,-1
552,733,820.93,755.52,105.31,318.04,1,-1,-1,-1
552,744,746.01,575.60,41.95,127.93,1,-1,-1,-1
552,745,258.79,769.94,99.04,299.23,1,-1,-1,-1
553,733,790.43,764.49,100.50,303.53,1,-1,-1,-1
553,744,728.69,575.58,41.95,127.93,1,-1,-1,-1
553,745,219.37,784.07,98.20,296.67,1,-1,-1,-1
554,733,761.55,762.47,103.30,311.97,1,-1,-1,-1
554,744,711.57,575.56,41.95,127.91,1,-1,-1,-1
554,745,179.85,789.17,97.86,295.66,1,-1,-1,-1
555,733,743.98,767.08,99.71,301.15,1,-1,-1,-1
555,744,694.50,575.55,41.94,127.88,1,-1,-1,-1
556,733,718.25,763.38,102.97,310.98,1,-1,-1,-1
556,744,673.19,572.43,43.93,133.93,1,-1,-1,-1
557,733,695.56,762.01,104.16,314.56,1,-1,-1,-1
557,744,658.70,574.32,42.71,130.21,1,-1,-1,-1
558,733,670.21,766.83,100.00,301.99,1,-1,-1,-1
558,744,636.81,571.95,44.22,134.79,1,-1,-1,-1
559,733,648.69,768.68,98.35,297.02,1,-1,-1,-1
559,744,623.10,571.08,44.77,136.46,1,-1,-1,-1
560,733,615.42,782.48,97.74,295.19,1,-1,-1,-1
560,744,602.86,571.73,47.10,143.53,1,-1,-1,-1
561,733,589.20,760.13,107.21,323.75,1,-1,-1,-1
561,744,587.41,571.02,45.89,139.83,1,-1,-1,-1
562,733,560.26,755.26,115.82,349.71,1,-1,-1,-1
562,744,571.23,571.74,47.52,144.77,1,-1,-1,-1
563,733,534.21,753.35,119.20,359.90,1,-1,-1,-1
563,744,552.66,576.99,46.02,140.18,1,-1,-1,-1
564,733,509.34,752.62,120.50,363.78,1,-1,-1,-1
564,744,538.91,581.78,43.39,132.17,1,-1,-1,-1
565,733,478.55,763.69,115.73,349.37,1,-1,-1,-1
565,744,522.48,582.26,46.61,141.98,1,-1,-1,-1
566,733,452.92,768.10,113.76,343.40,1,-1,-1,-1
566,744,503.93,582.44,47.76,145.44,1,-1,-1,-1
567,733,433.69,774.17,118.31,357.12,1,-1,-1,-1
567,744,487.44,581.07,46.08,140.33,1,-1,-1,-1
568,733,411.34,776.42,119.98,362.15,1,-1,-1,-1
568,744,469.76,586.59,45.40,138.24,1,-1,-1,-1
569,733,385.69,787.59,115.34,348.12,1,-1,-1,-1
569,744,453.47,583.96,47.30,144.01,1,-1,-1,-1
570,733,362.05,791.90,113.44,342.41,1,-1,-1,-1
570,744,434.65,582.64,50.26,153.02,1,-1,-1,-1
571,733,323.15,798.95,118.08,356.38,1,-1,-1,-1
571,744,421.09,582.11,51.40,156.45,1,-1,-1,-1
572,744,402.82,581.89,51.83,157.73,1,-1,-1,-1
573,744,382.65,581.79,51.97,158.15,1,-1,-1,-1
574,744,368.64,588.62,52.01,158.24,1,-1,-1,-1
575,744,354.15,591.10,49.73,151.29,1,-1,-1,-1
576,744,338.30,592.14,51.14,155.57,1,-1,-1,-1
577,744,319.13,590.66,54.10,164.54,1,-1,-1,-1
578,744,305.35,591.89,52.81,160.62,1,-1,-1,-1
579,744,285.52,590.47,54.73,166.42,1,-1,-1,-1
580,744,271.15,589.93,55.44,168.55,1,-1,-1,-1
581,744,251.51,589.69,55.69,169.30,1,-1,-1,-1
582,744,237.19,589.59,55.77,169.52,1,-1,-1,-1
583,744,224.93,596.93,55.79,169.54,1,-1,-1,-1
584,744,207.71,596.14,58.41,177.47,1,-1,-1,-1
585,744,193.74,595.82,59.39,180.42,1,-1,-1,-1
586,744,181.07,595.66,59.75,181.50,1,-1,-1,-1
587,744,168.82,606.49,57.25,173.90,1,-1,-1,-1
588,744,149.86,610.67,56.24,170.83,1,-1,-1,-1
589,744,134.30,609.08,58.52,177.73,1,-1,-1,-1
590,744,120.98,608.46,59.36,180.26,1,-1,-1,-1
590,746,1770.78,571.29,60.54,183.50,1,-1,-1,-1
591,744,105.20,602.62,62.48,189.71,1,-1,-1,-1
591,746,1761.66,570.99,59.86,181.45,1,-1,-1,-1
592,744,91.19,608.73,63.66,193.26,1,-1,-1,-1
592,746,1764.02,576.49,56.47,171.19,1,-1,-1,-1
593,744,77.90,611.12,64.10,194.56,1,-1,-1,-1
593,746,1769.38,572.62,58.61,177.69,1,-1,-1,-1
594,744,58.89,604.28,67.25,204.07,1,-1,-1,-1
594,746,1775.23,576.56,56.37,170.91,1,-1,-1,-1
595,744,43.04,610.59,68.43,207.64,1,-1,-1,-1
595,746,1773.00,581.56,58.52,177.41,1,-1,-1,-1
595,747,326.42,532.87,33.09,100.98,1,-1,-1,-1
596,744,28.42,613.06,68.87,208.92,1,-1,-1,-1
596,746,1772.21,583.20,59.25,179.64,1,-1,-1,-1
596,747,322.03,529.73,37.88,115.59,1,-1,-1,-1
597,744,22.08,621.09,66.01,200.23,1,-1,-1,-1
597,746,1775.86,587.98,56.78,172.18,1,-1,-1,-1
597,747,314.76,528.78,39.34,120.04,1,-1,-1,-1
598,744,12.46,626.14,67.90,205.94,1,-1,-1,-1
598,746,1777.18,581.83,55.86,169.40,1,-1,-1,-1
598,747,312.33,528.58,39.64,120.97,1,-1,-1,-1
599,744,0.15,628.10,71.81,217.76,1,-1,-1,-1
599,746,1780.54,576.02,61.24,185.71,1,-1,-1,-1
599,747,306.04,528.59,39.62,120.91,1,-1,-1,-1
600,744,-4.30,635.08,67.16,203.65,1,-1,-1,-1
600,746,1782.98,572.72,60.34,182.97,1,-1,-1,-1
600,747,304.01,528.64,39.54,120.65,1,-1,-1,-1
601,746,1783.87,571.40,59.95,181.80,1,-1,-1,-1
601,747,297.99,528.70,39.46,120.40,1,-1,-1,-1
602,746,1782.83,572.19,62.66,190.02,1,-1,-1,-1
602,747,295.95,534.18,39.38,120.17,1,-1,-1,-1
603,746,1784.00,562.93,66.67,202.16,1,-1,-1,-1
603,747,292.40,533.26,41.23,125.79,1,-1,-1,-1
604,746,1791.20,568.81,65.24,197.80,1,-1,-1,-1
604,747,288.85,535.80,40.04,122.16,1,-1,-1,-1
605,747,287.69,536.79,39.52,120.58,1,-1,-1,-1
606,747,282.07,537.13,39.31,119.93,1,-1,-1,-1
607,747,280.11,537.24,39.21,119.64,1,-1,-1,-1
608,747,279.52,537.25,39.16,119.49,1,-1,-1,-1
609,747,279.44,537.24,39.13,119.40,1,-1,-1,-1
610,747,274.23,531.91,39.11,119.34,1,-1,-1,-1
611,747,272.37,529.89,39.10,119.29,1,-1,-1,-1
612,747,271.79,529.14,39.08,119.26,1,-1,-1,-1
613,747,266.40,528.88,39.07,119.22,1,-1,-1,-1
614,747,264.46,528.80,39.07,119.20,1,-1,-1,-1
615,747,263.85,528.78,39.06,119.17,1,-1,-1,-1
615,746,1845.61,598.32,64.02,194.10,1,-1,-1,-1
616,747,258.44,528.80,39.05,119.15,1,-1,-1,-1
616,746,1852.47,600.19,67.18,203.67,1,-1,-1,-1
617,747,256.50,528.81,39.04,119.13,1,-1,-1,-1
618,747,250.59,528.83,39.04,119.12,1,-1,-1,-1
619,747,248.47,528.85,39.03,119.10,1,-1,-1,-1
620,747,247.79,528.87,39.03,119.09,1,-1,-1,-1
621,747,242.44,525.60,40.90,124.77,1,-1,-1,-1
622,747,240.43,527.61,39.76,121.29,1,-1,-1,-1
623,747,239.81,533.75,39.29,119.88,1,-1,-1,-1
624,747,239.69,530.74,39.11,119.34,1,-1,-1,-1
625,747,239.74,534.90,39.05,119.13,1,-1,-1,-1
626,747,234.25,533.54,40.89,124.75,1,-1,-1,-1
627,747,237.75,541.08,39.74,121.25,1,-1,-1,-1
628,747,233.96,544.04,39.28,119.82,1,-1,-1,-1
629,747,232.62,550.41,39.10,119.29,1,-1,-1,-1
630,747,231.89,550.59,40.91,124.79,1,-1,-1,-1
631,747,237.15,552.73,39.74,121.23,1,-1,-1,-1
632,747,239.34,553.48,39.27,119.80,1,-1,-1,-1
633,747,240.19,553.70,39.09,119.26,1,-1,-1,-1
634,747,240.53,553.72,39.03,119.06,1,-1,-1,-1
635,747,240.68,553.68,39.00,118.99,1,-1,-1,-1
636,747,240.76,558.91,38.99,118.96,1,-1,-1,-1
637,747,240.15,555.13,42.87,130.77,1,-1,-1,-1
638,747,245.65,559.23,40.56,123.72,1,-1,-1,-1
639,747,247.95,560.84,39.57,120.71,1,-1,-1,-1
640,747,249.25,559.61,41.09,125.32,1,-1,-1,-1
641,747,249.72,564.73,41.64,127.01,1,-1,-1,-1
642,747,254.65,568.04,40.00,122.00,1,-1,-1,-1
682,748,613.69,611.75,45.64,138.82,1,-1,-1,-1
683,748,623.23,601.21,45.13,137.27,1,-1,-1,-1
684,748,630.60,585.07,47.54,144.59,1,-1,-1,-1
693,750,779.68,567.56,54.77,166.44,1,-1,-1,-1
714,752,577.00,527.40,39.00,119.00,1,-1,-1,-1
715,752,577.00,528.63,39.00,119.00,1,-1,-1,-1
716,752,577.00,535.27,39.00,119.00,1,-1,-1,-1
717,752,577.00,537.31,39.00,119.00,1,-1,-1,-1
718,752,582.79,537.82,39.00,119.00,1,-1,-1,-1
719,752,584.77,537.87,39.00,119.00,1,-1,-1,-1
720,752,585.40,543.34,39.00,119.00,1,-1,-1,-1
721,752,584.94,542.61,40.93,124.89,1,-1,-1,-1
722,752,585.34,544.83,39.76,121.30,1,-1,-1,-1
723,752,590.84,545.57,39.28,119.84,1,-1,-1,-1
724,752,592.81,551.15,39.10,119.30,1,-1,-1,-1
724,755,1304.30,462.29,41.87,127.61,1,-1,-1,-1
725,752,593.48,553.14,39.03,119.09,1,-1,-1,-1
725,755,1310.97,464.38,39.69,120.97,1,-1,-1,-1
726,752,593.66,553.79,39.01,119.02,1,-1,-1,-1
726,755,1319.93,464.28,41.23,125.66,1,-1,-1,-1
727,752,593.67,559.27,39.00,118.99,1,-1,-1,-1
727,755,1324.62,461.60,43.96,133.97,1,-1,-1,-1
728,752,598.94,561.24,39.00,118.98,1,-1,-1,-1
728,755,1330.44,463.08,47.15,143.69,1,-1,-1,-1
729,752,600.87,561.89,39.00,118.98,1,-1,-1,-1
730,752,601.53,567.34,39.00,118.98,1,-1,-1,-1
731,752,601.71,564.01,39.00,118.99,1,-1,-1,-1
731,756,820.20,525.80,19.00,59.00,1,-1,-1,-1
732,752,601.87,560.88,40.87,124.69,1,-1,-1,-1
732,756,820.82,525.18,19.00,59.00,1,-1,-1,-1
733,752,601.90,559.68,41.57,126.81,1,-1,-1,-1
733,756,824.14,524.98,19.00,59.00,1,-1,-1,-1
733,757,1593.40,706.78,82.44,249.57,1,-1,-1,-1
734,752,606.93,560.91,39.99,121.99,1,-1,-1,-1
734,756,828.15,524.93,19.00,59.00,1,-1,-1,-1
735,752,608.82,561.33,39.36,120.06,1,-1,-1,-1
735,756,829.39,524.93,19.00,59.00,1,-1,-1,-1
736,752,608.53,555.71,43.02,131.22,1,-1,-1,-1
736,756,832.53,522.11,19.00,59.00,1,-1,-1,-1
737,752,609.32,559.19,40.60,123.85,1,-1,-1,-1
738,752,610.08,558.80,41.47,126.47,1,-1,-1,-1
739,752,610.33,558.66,41.78,127.42,1,-1,-1,-1
740,752,608.92,560.71,43.88,133.81,1,-1,-1,-1
741,752,608.36,561.47,44.68,136.21,1,-1,-1,-1
742,752,608.10,561.74,44.97,137.09,1,-1,-1,-1
743,752,610.70,562.37,47.19,143.84,1,-1,-1,-1
744,752,608.98,562.06,45.94,140.01,1,-1,-1,-1
744,756,845.76,527.93,20.35,63.17,1,-1,-1,-1
745,752,608.24,567.94,45.41,138.37,1,-1,-1,-1
745,756,846.23,528.29,20.42,63.38,1,-1,-1,-1
746,752,604.21,564.65,47.34,144.23,1,-1,-1,-1
746,756,846.39,528.41,20.45,63.45,1,-1,-1,-1
747,752,606.36,568.80,45.95,139.99,1,-1,-1,-1
747,756,846.39,528.45,20.46,63.47,1,-1,-1,-1
748,752,607.21,570.41,45.37,138.22,1,-1,-1,-1
748,756,846.33,528.45,20.46,63.46,1,-1,-1,-1
749,752,603.77,565.46,47.30,144.08,1,-1,-1,-1
749,756,849.07,528.44,20.46,63.45,1,-1,-1,-1
750,752,602.49,569.99,48.02,146.23,1,-1,-1,-1
750,756,850.06,528.43,20.45,63.43,1,-1,-1,-1
