2,287,122.94,158.78,58.78,178.45,1,-1,-1,-1
2,288,14.93,140.29,68.64,207.93,1,-1,-1,-1
3,287,129.08,147.56,62.64,190.17,1,-1,-1,-1
3,288,14.93,140.29,68.64,207.93,1,-1,-1,-1
4,287,131.26,143.60,64.01,194.32,1,-1,-1,-1
4,288,15.74,136.45,72.50,219.60,1,-1,-1,-1
5,287,143.09,153.28,61.22,185.86,1,-1,-1,-1
5,288,25.38,138.84,70.10,212.34,1,-1,-1,-1
6,287,147.01,157.00,60.14,182.55,1,-1,-1,-1
6,288,30.23,136.21,72.75,220.35,1,-1,-1,-1
7,287,156.69,158.27,59.76,181.40,1,-1,-1,-1
7,288,31.77,135.34,73.62,222.99,1,-1,-1,-1
8,287,156.84,145.94,65.83,199.80,1,-1,-1,-1
8,288,33.65,130.72,77.52,234.79,1,-1,-1,-1
9,287,167.65,153.66,62.11,188.49,1,-1,-1,-1
9,288,44.86,129.06,78.93,239.03,1,-1,-1,-1
10,287,171.08,155.79,63.45,192.55,1,-1,-1,-1
10,288,49.04,128.50,79.41,240.46,1,-1,-1,-1
11,287,180.82,156.56,63.92,193.97,1,-1,-1,-1
11,288,50.46,128.35,79.53,240.82,1,-1,-1,-1
12,287,182.48,142.51,70.44,213.70,1,-1,-1,-1
12,288,61.40,128.35,79.53,240.79,1,-1,-1,-1
13,287,193.13,149.37,69.68,211.38,1,-1,-1,-1
13,288,65.39,128.40,79.48,240.64,1,-1,-1,-1
14,287,205.59,154.08,66.27,201.01,1,-1,-1,-1
14,288,77.29,128.46,79.43,240.46,1,-1,-1,-1
15,287,210.21,137.24,74.85,226.99,1,-1,-1,-1
15,288,81.61,128.53,79.38,240.29,1,-1,-1,-1
16,287,221.25,147.19,71.43,216.60,1,-1,-1,-1
16,288,86.86,123.33,83.09,251.51,1,-1,-1,-1
17,287,225.36,151.55,69.87,211.86,1,-1,-1,-1
17,288,88.70,121.40,84.47,255.66,1,-1,-1,-1
18,287,227.39,150.61,72.54,219.91,1,-1,-1,-1
18,288,93.23,114.35,88.94,269.17,1,-1,-1,-1
19,287,228.09,136.46,76.96,233.26,1,-1,-1,-1
19,288,94.83,111.69,90.63,274.25,1,-1,-1,-1
20,287,227.55,125.94,82.28,249.35,1,-1,-1,-1
20,288,83.39,110.72,91.25,276.08,1,-1,-1,-1
21,287,227.18,121.86,84.35,255.57,1,-1,-1,-1
21,288,82.20,102.76,95.69,289.46,1,-1,-1,-1
22,287,225.32,114.08,89.03,269.67,1,-1,-1,-1
22,288,81.68,99.77,97.36,294.47,1,-1,-1,-1
23,287,224.48,111.11,90.82,275.04,1,-1,-1,-1
23,288,81.36,98.69,97.96,296.25,1,-1,-1,-1
24,287,235.73,110.06,91.47,276.95,1,-1,-1,-1
24,288,77.69,106.01,93.89,283.94,1,-1,-1,-1
25,287,238.41,102.17,95.87,290.22,1,-1,-1,-1
25,288,72.51,95.91,106.18,321.04,1,-1,-1,-1
26,287,239.34,99.21,97.54,295.20,1,-1,-1,-1
26,288,70.66,92.28,110.61,334.37,1,-1,-1,-1
27,287,236.91,102.69,102.63,310.54,1,-1,-1,-1
27,288,66.93,100.45,107.56,325.12,1,-1,-1,-1
28,287,235.88,104.12,104.57,316.35,1,-1,-1,-1
28,288,68.38,94.08,111.11,335.78,1,-1,-1,-1
29,287,241.98,83.80,115.24,348.54,1,-1,-1,-1
29,288,56.49,80.31,117.60,355.34,1,-1,-1,-1
30,287,248.23,87.09,114.31,345.65,1,-1,-1,-1
30,288,54.11,61.84,125.57,379.35,1,-1,-1,-1
31,287,250.64,88.71,113.76,343.90,1,-1,-1,-1
31,288,53.18,54.61,128.67,388.65,1,-1,-1,-1
32,287,247.35,77.99,118.67,358.67,1,-1,-1,-1
32,288,52.83,68.43,129.82,392.04,1,-1,-1,-1
33,287,261.49,73.96,120.51,364.16,1,-1,-1,-1
33,288,66.02,70.73,124.61,376.28,1,-1,-1,-1
34,287,270.00,83.90,115.96,350.39,1,-1,-1,-1
34,288,74.74,75.24,128.09,386.74,1,-1,-1,-1
35,287,282.69,79.82,125.01,377.67,1,-1,-1,-1
35,288,77.97,76.95,129.36,390.52,1,-1,-1,-1
36,287,290.53,90.40,122.85,371.09,1,-1,-1,-1
36,288,79.17,77.69,129.77,391.73,1,-1,-1,-1
37,287,290.13,82.47,127.46,384.95,1,-1,-1,-1
37,288,83.26,63.55,135.90,410.17,1,-1,-1,-1
38,287,289.86,79.50,129.17,390.06,1,-1,-1,-1
38,288,84.77,58.22,138.19,417.04,1,-1,-1,-1
39,287,302.85,64.03,135.75,409.86,1,-1,-1,-1
39,288,69.92,39.52,145.43,438.83,1,-1,-1,-1
40,287,307.73,58.14,138.24,417.31,1,-1,-1,-1
40,288,79.35,48.88,141.83,427.92,1,-1,-1,-1
41,287,309.46,55.93,139.13,419.94,1,-1,-1,-1
41,288,70.41,37.41,153.70,463.66,1,-1,-1,-1
42,287,309.93,55.20,139.39,420.65,1,-1,-1,-1
42,288,64.34,31.81,151.35,456.54,1,-1,-1,-1
43,287,309.92,55.05,139.40,420.65,1,-1,-1,-1
43,288,61.86,29.75,150.22,453.07,1,-1,-1,-1
44,287,304.67,57.72,145.81,439.93,1,-1,-1,-1
44,288,60.92,29.11,149.69,451.44,1,-1,-1,-1
45,287,307.60,56.22,141.82,427.86,1,-1,-1,-1
45,288,60.58,29.01,149.41,450.57,1,-1,-1,-1
46,287,296.55,40.18,153.63,463.42,1,-1,-1,-1
47,287,292.46,34.28,157.98,476.49,1,-1,-1,-1
52,287,320.07,34.78,159.05,479.64,1,-1,-1,-1
54,288,128.50,27.63,129.83,391.52,1,-1,-1,-1
55,288,131.76,27.44,128.77,388.33,1,-1,-1,-1
56,288,132.89,27.43,128.42,387.25,1,-1,-1,-1
57,288,133.12,27.39,128.34,387.01,1,-1,-1,-1
58,288,133.01,27.34,128.37,387.09,1,-1,-1,-1
59,288,132.81,27.30,128.42,387.27,1,-1,-1,-1
60,288,132.59,27.26,128.49,387.45,1,-1,-1,-1
61,288,132.39,27.23,128.54,387.63,1,-1,-1,-1
62,288,132.22,27.20,128.59,387.78,1,-1,-1,-1
63,288,132.06,27.17,128.64,387.92,1,-1,-1,-1
64,288,131.93,27.15,128.68,388.03,1,-1,-1,-1
65,288,131.81,27.13,128.71,388.14,1,-1,-1,-1
66,288,131.71,27.11,128.74,388.23,1,-1,-1,-1
67,288,131.62,27.10,128.77,388.31,1,-1,-1,-1
68,288,131.54,27.09,128.79,388.37,1,-1,-1,-1
69,288,131.47,27.08,128.81,388.43,1,-1,-1,-1
70,288,131.41,27.07,128.83,388.49,1,-1,-1,-1
71,288,124.45,9.86,141.57,426.89,1,-1,-1,-1
72,288,121.89,3.56,146.25,440.95,1,-1,-1,-1
73,288,120.86,1.11,148.07,446.44,1,-1,-1,-1
74,288,133.31,0.24,142.28,428.97,1,-1,-1,-1
75,288,125.09,0.02,146.52,441.73,1,-1,-1,-1
76,288,134.93,-0.02,141.60,426.87,1,-1,-1,-1
77,288,125.64,0.06,146.21,440.75,1,-1,-1,-1
78,288,122.22,0.13,147.89,445.81,1,-1,-1,-1
79,288,120.90,0.22,148.50,447.65,1,-1,-1,-1
80,288,120.41,0.30,148.70,448.22,1,-1,-1,-1
81,288,120.24,0.38,148.74,448.32,1,-1,-1,-1
82,288,120.20,0.45,148.72,448.25,1,-1,-1,-1
83,288,120.20,0.52,148.68,448.13,1,-1,-1,-1
84,288,133.26,18.91,142.08,428.25,1,-1,-1,-1
85,288,132.01,24.75,133.28,401.74,1,-1,-1,-1
86,288,131.50,26.85,130.03,391.94,1,-1,-1,-1
87,288,131.30,27.54,128.90,388.56,1,-1,-1,-1
88,288,131.21,27.73,128.54,387.48,1,-1,-1,-1
89,288,131.16,27.73,128.45,387.23,1,-1,-1,-1
90,288,131.12,27.67,128.46,387.28,1,-1,-1,-1
91,288,131.10,27.60,128.50,387.42,1,-1,-1,-1
92,288,131.08,27.53,128.55,387.58,1,-1,-1,-1
98,288,145.28,25.04,120.82,364.29,1,-1,-1,-1
99,288,142.05,27.45,132.98,400.92,1,-1,-1,-1
100,288,141.11,10.18,136.65,411.99,1,-1,-1,-1
101,288,140.72,3.39,138.07,416.26,1,-1,-1,-1
102,288,140.55,0.84,138.58,417.79,1,-1,-1,-1
103,288,140.47,-0.03,138.74,418.26,1,-1,-1,-1
104,288,140.43,-0.25,138.76,418.32,1,-1,-1,-1
105,288,140.41,18.05,138.73,418.24,1,-1,-1,-1
106,288,140.39,25.08,138.69,418.11,1,-1,-1,-1
107,288,140.38,27.76,138.65,417.98,1,-1,-1,-1
108,288,140.37,28.75,138.61,417.85,1,-1,-1,-1
109,288,140.36,29.09,138.57,417.74,1,-1,-1,-1
110,288,140.35,29.20,138.54,417.64,1,-1,-1,-1
111,288,140.35,29.21,138.51,417.55,1,-1,-1,-1
112,288,140.34,29.18,138.48,417.47,1,-1,-1,-1
113,288,140.33,29.15,138.46,417.39,1,-1,-1,-1
114,288,140.33,29.12,138.44,417.33,1,-1,-1,-1
115,288,140.32,29.09,138.42,417.28,1,-1,-1,-1
116,288,140.32,29.06,138.41,417.23,1,-1,-1,-1
117,288,140.32,29.04,138.39,417.18,1,-1,-1,-1
118,288,140.31,29.02,138.38,417.14,1,-1,-1,-1
119,288,151.29,27.77,132.23,398.63,1,-1,-1,-1
120,288,144.30,28.53,136.13,410.36,1,-1,-1,-1
121,288,148.37,10.49,144.08,434.33,1,-1,-1,-1
122,288,149.89,3.69,147.08,443.35,1,-1,-1,-1
123,288,154.73,17.99,135.71,409.10,1,-1,-1,-1
124,288,145.36,25.11,137.40,414.18,1,-1,-1,-1
136,288,140.43,28.84,138.27,416.80,1,-1,-1,-1
137,288,140.24,28.95,138.30,416.89,1,-1,-1,-1
138,288,140.17,28.98,138.31,416.92,1,-1,-1,-1
139,288,140.16,28.99,138.31,416.93,1,-1,-1,-1
140,288,140.17,28.98,138.31,416.93,1,-1,-1,-1
141,288,151.18,27.73,132.16,398.39,1,-1,-1,-1
142,288,155.39,27.25,129.81,391.33,1,-1,-1,-1
143,288,145.73,28.32,135.21,407.62,1,-1,-1,-1
144,288,153.10,27.49,131.10,395.22,1,-1,-1,-1
145,288,155.97,27.16,129.50,390.41,1,-1,-1,-1
146,288,145.88,28.28,135.13,407.40,1,-1,-1,-1
147,288,153.04,27.47,131.13,395.35,1,-1,-1,-1
148,288,144.75,28.40,135.77,409.32,1,-1,-1,-1
149,288,152.59,27.51,131.39,396.13,1,-1,-1,-1
150,288,144.57,28.41,135.88,409.65,1,-1,-1,-1
151,288,141.63,28.74,137.52,414.59,1,-1,-1,-1
152,288,151.42,27.63,132.05,398.11,1,-1,-1,-1
153,288,155.24,27.20,129.92,391.68,1,-1,-1,-1
154,288,156.63,27.04,129.14,389.35,1,-1,-1,-1
155,288,157.12,26.99,128.87,388.53,1,-1,-1,-1
156,288,146.23,28.21,134.95,406.88,1,-1,-1,-1
157,288,142.19,28.66,137.21,413.68,1,-1,-1,-1
158,288,140.65,28.83,138.08,416.28,1,-1,-1,-1
159,288,140.09,28.89,138.39,417.22,1,-1,-1,-1
160,288,139.91,28.91,138.49,417.51,1,-1,-1,-1
161,288,150.81,27.69,132.40,399.17,1,-1,-1,-1
162,288,143.90,28.46,136.26,410.81,1,-1,-1,-1
163,288,147.98,10.48,144.19,434.69,1,-1,-1,-1
164,288,149.53,3.68,147.18,443.69,1,-1,-1,-1
165,288,143.62,1.09,141.86,427.63,1,-1,-1,-1
166,288,133.85,0.21,153.38,462.34,1,-1,-1,-1
167,288,124.81,-0.11,150.74,454.35,1,-1,-1,-1
168,288,121.23,-0.10,149.56,450.81,1,-1,-1,-1
169,288,119.95,-0.02,149.07,449.32,1,-1,-1,-1
170,288,125.21,0.08,155.87,469.77,1,-1,-1,-1
171,288,121.64,0.14,151.50,456.60,1,-1,-1,-1
172,288,120.31,0.26,149.68,451.11,1,-1,-1,-1
173,288,119.87,0.35,148.97,448.95,1,-1,-1,-1
174,288,119.76,0.42,148.68,448.08,1,-1,-1,-1
175,288,125.46,0.49,155.60,468.92,1,-1,-1,-1
176,288,141.38,0.53,151.25,455.81,1,-1,-1,-1
185,288,121.81,1.24,148.41,447.26,1,-1,-1,-1
186,288,120.60,1.22,148.25,446.75,1,-1,-1,-1
187,288,120.20,1.22,148.19,446.58,1,-1,-1,-1
188,288,120.08,1.20,148.18,446.54,1,-1,-1,-1
189,288,120.07,1.18,148.18,446.55,1,-1,-1,-1
190,288,120.09,1.16,148.19,446.58,1,-1,-1,-1
191,288,120.13,1.14,148.20,446.61,1,-1,-1,-1
192,288,120.16,1.13,148.21,446.64,1,-1,-1,-1
193,288,120.19,1.11,148.22,446.66,1,-1,-1,-1
194,288,120.22,1.10,148.23,446.69,1,-1,-1,-1
195,288,120.24,1.09,148.24,446.71,1,-1,-1,-1
196,288,120.27,1.08,148.24,446.73,1,-1,-1,-1
197,288,120.29,1.07,148.25,446.74,1,-1,-1,-1
198,288,120.30,1.06,148.25,446.76,1,-1,-1,-1
199,288,120.32,1.05,148.26,446.77,1,-1,-1,-1
200,288,120.33,1.05,148.26,446.78,1,-1,-1,-1
201,288,120.34,1.04,148.27,446.79,1,-1,-1,-1
202,288,120.35,1.04,148.27,446.80,1,-1,-1,-1
204,288,114.08,22.73,140.51,423.44,1,-1,-1,-1
205,288,125.45,26.37,132.33,398.80,1,-1,-1,-1
206,288,116.70,28.83,135.91,409.60,1,-1,-1,-1
207,288,113.66,29.66,137.17,413.41,1,-1,-1,-1
208,288,112.54,29.87,137.68,414.96,1,-1,-1,-1
209,288,124.42,28.63,131.74,397.07,1,-1,-1,-1
210,288,139.48,26.87,123.65,372.72,1,-1,-1,-1
211,288,144.97,26.14,120.74,363.98,1,-1,-1,-1
212,288,146.84,42.33,119.78,361.10,1,-1,-1,-1
213,288,156.10,45.94,114.04,343.84,1,-1,-1,-1
214,288,159.38,47.11,112.02,337.78,1,-1,-1,-1
215,288,168.19,49.63,116.89,352.48,1,-1,-1,-1
216,288,171.27,50.47,118.66,357.83,1,-1,-1,-1
217,288,164.70,48.52,114.04,343.90,1,-1,-1,-1
218,288,169.67,49.83,117.79,355.22,1,-1,-1,-1
219,288,178.81,63.05,113.82,343.27,1,-1,-1,-1
220,288,182.15,68.02,112.33,338.82,1,-1,-1,-1
221,288,183.24,69.72,111.83,337.32,1,-1,-1,-1
222,288,194.14,77.52,101.95,307.55,1,-1,-1,-1
223,288,198.04,80.25,98.27,296.48,1,-1,-1,-1
224,288,202.79,90.06,92.56,279.29,1,-1,-1,-1
225,288,204.28,93.39,90.63,273.50,1,-1,-1,-1
226,288,218.90,101.95,85.84,259.10,1,-1,-1,-1
227,288,223.95,104.79,84.26,254.37,1,-1,-1,-1
228,288,225.53,105.61,83.80,253.03,1,-1,-1,-1
228,292,323.93,37.74,154.78,466.57,1,-1,-1,-1
229,288,244.79,111.55,72.82,219.94,1,-1,-1,-1
229,292,332.37,51.83,142.53,429.65,1,-1,-1,-1
230,288,243.89,102.30,76.33,230.59,1,-1,-1,-1
230,292,335.44,56.96,138.08,416.22,1,-1,-1,-1
231,288,252.99,105.20,73.78,222.93,1,-1,-1,-1
231,292,336.13,58.11,137.08,413.20,1,-1,-1,-1
232,288,256.05,106.15,72.98,220.54,1,-1,-1,-1
232,292,336.19,58.23,136.98,412.90,1,-1,-1,-1
232,293,455.43,163.91,41.87,127.61,1,-1,-1,-1
233,288,258.45,111.52,76.42,230.95,1,-1,-1,-1
233,292,336.10,58.08,137.11,413.30,1,-1,-1,-1
233,293,462.04,163.91,41.87,127.61,1,-1,-1,-1
234,288,260.04,107.33,81.46,246.21,1,-1,-1,-1
234,292,356.64,73.43,130.79,394.26,1,-1,-1,-1
235,288,267.94,106.75,76.19,230.31,1,-1,-1,-1
235,292,363.91,78.78,128.66,387.85,1,-1,-1,-1
236,288,280.87,106.38,74.13,224.13,1,-1,-1,-1
236,292,365.05,65.00,134.48,405.38,1,-1,-1,-1
237,288,291.29,110.89,70.08,211.90,1,-1,-1,-1
237,292,383.90,75.01,130.34,392.92,1,-1,-1,-1
238,288,298.98,107.72,72.06,217.91,1,-1,-1,-1
238,292,390.79,78.70,128.85,388.44,1,-1,-1,-1
239,288,306.78,111.21,69.46,210.08,1,-1,-1,-1
239,292,408.17,92.81,122.51,369.33,1,-1,-1,-1
240,288,309.36,112.47,68.53,207.31,1,-1,-1,-1
240,292,416.69,84.75,126.22,380.53,1,-1,-1,-1
241,288,313.72,116.61,65.11,197.01,1,-1,-1,-1
241,292,419.53,81.87,127.55,384.56,1,-1,-1,-1
242,288,314.99,118.07,63.92,193.43,1,-1,-1,-1
242,292,434.01,93.35,122.34,368.86,1,-1,-1,-1
243,288,315.25,118.53,63.54,192.32,1,-1,-1,-1
243,292,442.71,84.66,126.31,380.83,1,-1,-1,-1
244,288,316.28,110.21,69.94,211.68,1,-1,-1,-1
244,292,429.80,85.22,133.89,403.68,1,-1,-1,-1
245,288,323.96,115.30,66.01,199.83,1,-1,-1,-1
246,288,326.74,117.36,64.44,195.10,1,-1,-1,-1
247,288,327.58,118.07,63.90,193.47,1,-1,-1,-1
248,288,315.38,114.59,66.82,202.35,1,-1,-1,-1
249,288,316.63,119.75,62.04,187.90,1,-1,-1,-1
250,288,320.48,115.05,66.27,200.72,1,-1,-1,-1
250,295,409.00,169.00,39.00,119.00,1,-1,-1,-1
251,288,324.75,117.04,64.72,196.02,1,-1,-1,-1
251,295,411.78,165.08,41.18,125.64,1,-1,-1,-1
252,288,327.94,120.67,61.24,185.52,1,-1,-1,-1
252,295,416.04,167.60,39.78,121.37,1,-1,-1,-1
252,292,492.56,155.83,99.34,299.58,1,-1,-1,-1
253,288,337.15,131.85,57.22,173.38,1,-1,-1,-1
253,295,417.36,168.62,39.21,119.65,1,-1,-1,-1
254,288,340.46,134.23,58.57,177.47,1,-1,-1,-1
254,295,415.93,167.06,43.30,132.10,1,-1,-1,-1
254,297,464.21,147.77,56.42,171.15,1,-1,-1,-1
255,288,341.56,135.02,59.04,178.93,1,-1,-1,-1
255,295,415.44,166.54,44.66,136.22,1,-1,-1,-1
256,288,341.75,136.82,56.56,171.46,1,-1,-1,-1
256,295,413.83,170.43,43.10,131.47,1,-1,-1,-1
257,288,349.33,137.39,55.66,168.74,1,-1,-1,-1
257,298,91.51,136.76,55.57,168.71,1,-1,-1,-1
258,288,344.43,135.92,58.08,176.08,1,-1,-1,-1
258,298,68.51,134.93,58.66,178.10,1,-1,-1,-1
258,295,416.87,139.37,59.63,181.81,1,-1,-1,-1
259,288,342.51,136.93,56.31,170.74,1,-1,-1,-1
259,299,180.14,30.86,148.29,446.86,1,-1,-1,-1
259,295,409.92,127.01,68.66,209.24,1,-1,-1,-1
260,288,338.28,130.25,64.36,195.13,1,-1,-1,-1
260,299,165.42,32.51,156.51,471.63,1,-1,-1,-1
260,295,395.36,126.93,75.71,230.58,1,-1,-1,-1
261,288,332.83,141.65,58.99,178.88,1,-1,-1,-1
261,299,152.31,31.45,151.23,455.72,1,-1,-1,-1
261,295,379.35,127.02,78.64,239.38,1,-1,-1,-1
262,299,148.53,31.02,149.10,449.29,1,-1,-1,-1
262,295,357.07,122.24,83.29,253.39,1,-1,-1,-1
263,299,125.98,30.88,148.40,447.20,1,-1,-1,-1
263,295,337.48,120.38,85.13,258.83,1,-1,-1,-1
264,299,118.76,30.84,148.19,446.55,1,-1,-1,-1
264,295,318.76,119.73,85.78,260.69,1,-1,-1,-1
265,299,116.74,30.83,148.13,446.38,1,-1,-1,-1
265,295,290.60,105.91,93.95,285.35,1,-1,-1,-1
265,288,366.29,157.84,52.65,159.69,1,-1,-1,-1
266,295,278.77,113.91,89.32,271.18,1,-1,-1,-1
266,288,370.16,159.50,51.92,157.50,1,-1,-1,-1
267,295,275.11,111.26,91.06,276.36,1,-1,-1,-1
267,288,364.23,152.87,51.68,156.81,1,-1,-1,-1
268,295,299.81,127.54,66.92,203.13,1,-1,-1,-1
268,288,357.17,140.74,56.84,172.45,1,-1,-1,-1
269,295,311.61,127.35,56.04,170.12,1,-1,-1,-1
269,288,354.00,137.91,56.10,170.23,1,-1,-1,-1
270,295,307.24,109.23,55.43,168.25,1,-1,-1,-1
270,288,345.18,121.86,55.79,169.30,1,-1,-1,-1
271,288,333.91,97.15,58.33,177.01,1,-1,-1,-1
272,288,319.71,58.25,62.07,188.33,1,-1,-1,-1
273,288,314.30,43.45,63.50,192.65,1,-1,-1,-1
274,288,308.78,48.73,67.02,203.31,1,-1,-1,-1
275,288,297.83,59.86,68.37,207.36,1,-1,-1,-1
275,295,268.90,100.58,45.68,138.72,1,-1,-1,-1
276,295,266.28,121.37,44.95,136.55,1,-1,-1,-1
278,299,55.79,28.69,138.47,417.28,1,-1,-1,-1
278,288,269.38,101.56,68.71,208.36,1,-1,-1,-1
279,299,36.51,30.12,145.28,437.79,1,-1,-1,-1
279,288,255.93,118.93,68.60,208.01,1,-1,-1,-1
280,299,10.83,30.54,147.30,443.90,1,-1,-1,-1
280,288,279.81,145.24,53.06,160.97,1,-1,-1,-1
281,288,268.19,133.87,51.75,157.01,1,-1,-1,-1
281,303,148.76,132.83,64.95,196.74,1,-1,-1,-1
282,288,260.11,144.67,46.64,141.57,1,-1,-1,-1
282,303,154.04,110.13,80.36,243.41,1,-1,-1,-1
283,288,262.25,148.84,49.76,151.03,1,-1,-1,-1
283,303,144.46,99.42,94.34,285.74,1,-1,-1,-1
284,288,270.87,156.80,48.39,146.90,1,-1,-1,-1
284,303,146.35,103.63,95.21,288.36,1,-1,-1,-1
285,303,154.53,98.50,99.04,299.91,1,-1,-1,-1
286,303,162.78,104.64,95.88,290.30,1,-1,-1,-1
287,303,174.00,99.63,98.55,298.34,1,-1,-1,-1
288,303,178.11,97.89,99.40,300.88,1,-1,-1,-1
288,288,273.79,171.69,42.52,129.15,1,-1,-1,-1
289,303,182.08,92.21,109.04,329.99,1,-1,-1,-1
290,303,197.83,90.10,112.66,340.88,1,-1,-1,-1
290,288,278.23,151.45,56.37,171.21,1,-1,-1,-1
291,303,204.13,89.46,113.92,344.61,1,-1,-1,-1
291,305,156.21,158.63,59.63,180.89,1,-1,-1,-1
291,288,291.16,145.90,61.65,187.18,1,-1,-1,-1
292,303,215.86,77.97,119.40,361.12,1,-1,-1,-1
292,305,167.42,158.63,59.63,180.89,1,-1,-1,-1
292,288,314.22,159.68,56.36,171.14,1,-1,-1,-1
293,303,220.29,73.60,121.44,367.21,1,-1,-1,-1
293,288,332.34,158.49,58.99,179.12,1,-1,-1,-1
293,306,416.19,31.49,127.18,383.66,1,-1,-1,-1
293,307,30.86,30.86,148.29,446.86,1,-1,-1,-1
294,303,237.33,72.03,122.09,369.08,1,-1,-1,-1
294,288,346.64,158.06,59.95,182.01,1,-1,-1,-1
294,306,436.41,28.09,128.50,387.61,1,-1,-1,-1
294,307,50.75,50.79,140.62,423.74,1,-1,-1,-1
295,303,238.35,58.22,127.75,386.11,1,-1,-1,-1
295,288,359.95,157.95,60.27,182.97,1,-1,-1,-1
295,306,448.19,6.95,143.71,433.48,1,-1,-1,-1
295,307,60.57,36.71,146.04,440.07,1,-1,-1,-1
296,303,241.80,38.91,142.07,429.30,1,-1,-1,-1
296,288,372.83,157.95,60.34,183.16,1,-1,-1,-1
296,307,80.80,51.51,140.34,422.90,1,-1,-1,-1
296,305,215.65,191.63,40.03,121.46,1,-1,-1,-1
297,303,243.06,31.42,147.65,446.03,1,-1,-1,-1
297,288,386.85,146.11,66.10,200.61,1,-1,-1,-1
297,307,86.90,56.52,138.41,417.09,1,-1,-1,-1
297,305,218.22,186.98,38.76,117.66,1,-1,-1,-1
298,303,233.98,9.81,156.46,472.52,1,-1,-1,-1
298,288,398.40,153.17,62.67,190.18,1,-1,-1,-1
298,307,102.94,73.91,131.19,395.37,1,-1,-1,-1
299,288,405.27,144.26,66.96,203.16,1,-1,-1,-1
299,307,113.16,63.66,135.47,408.27,1,-1,-1,-1
300,288,428.43,152.65,62.86,190.72,1,-1,-1,-1
301,288,440.50,156.75,58.39,177.19,1,-1,-1,-1
302,288,449.63,157.84,59.37,180.16,1,-1,-1,-1
302,308,380.54,162.27,46.27,141.19,1,-1,-1,-1
303,288,456.87,148.57,62.55,189.78,1,-1,-1,-1
303,308,383.98,159.59,47.60,145.23,1,-1,-1,-1
304,288,459.38,145.10,63.74,193.37,1,-1,-1,-1
304,308,386.64,157.54,45.69,139.40,1,-1,-1,-1
305,288,463.13,141.41,67.17,203.76,1,-1,-1,-1
305,308,386.57,141.62,52.82,161.11,1,-1,-1,-1
306,288,469.60,142.39,65.51,198.71,1,-1,-1,-1
306,308,390.47,144.58,52.60,160.40,1,-1,-1,-1
307,288,500.82,133.06,74.55,226.07,1,-1,-1,-1
307,308,387.49,152.94,49.98,152.41,1,-1,-1,-1
308,288,512.27,129.65,77.86,236.06,1,-1,-1,-1
308,308,389.06,139.59,56.67,172.75,1,-1,-1,-1
308,313,352.04,181.81,42.52,129.46,1,-1,-1,-1
308,307,160.58,68.69,112.87,340.21,1,-1,-1,-1
309,288,518.12,123.31,82.77,250.86,1,-1,-1,-1
309,308,397.38,134.97,58.99,179.78,1,-1,-1,-1
309,313,359.00,184.31,39.83,121.25,1,-1,-1,-1
309,314,304.64,146.82,58.78,178.45,1,-1,-1,-1
309,307,140.16,56.98,124.42,375.05,1,-1,-1,-1
310,288,520.17,120.85,84.68,256.59,1,-1,-1,-1
310,308,401.27,142.60,54.86,167.14,1,-1,-1,-1
310,313,361.32,188.85,41.27,125.66,1,-1,-1,-1
310,314,304.30,146.59,59.39,180.30,1,-1,-1,-1
310,307,141.37,56.29,133.45,402.27,1,-1,-1,-1
310,315,465.85,171.78,41.26,125.89,1,-1,-1,-1
311,288,506.68,118.80,93.41,282.97,1,-1,-1,-1
311,308,402.68,145.99,53.04,161.57,1,-1,-1,-1
311,313,367.74,192.61,39.60,120.57,1,-1,-1,-1
311,314,304.18,146.50,59.60,180.94,1,-1,-1,-1
311,307,141.74,56.07,136.92,412.72,1,-1,-1,-1
311,315,458.00,172.31,41.69,127.19,1,-1,-1,-1
312,288,504.78,114.89,105.80,320.37,1,-1,-1,-1
312,308,399.68,146.85,54.86,167.07,1,-1,-1,-1
312,313,370.20,191.16,41.15,125.31,1,-1,-1,-1
312,307,141.74,56.05,138.25,416.72,1,-1,-1,-1
312,315,450.27,175.96,39.67,121.04,1,-1,-1,-1
313,288,496.14,103.50,115.70,350.22,1,-1,-1,-1
313,308,398.54,147.19,55.51,169.02,1,-1,-1,-1
313,313,370.15,187.24,43.79,133.34,1,-1,-1,-1
313,315,442.90,169.03,43.48,132.65,1,-1,-1,-1
314,288,492.30,98.83,119.75,362.38,1,-1,-1,-1
314,308,398.02,147.38,55.74,169.67,1,-1,-1,-1
314,313,370.03,185.78,44.73,136.21,1,-1,-1,-1
314,315,439.81,174.24,40.59,123.84,1,-1,-1,-1
314,307,154.86,74.15,131.37,396.01,1,-1,-1,-1
315,288,490.43,97.01,121.31,366.98,1,-1,-1,-1
315,313,374.34,187.44,47.25,143.86,1,-1,-1,-1
315,307,146.16,82.68,135.89,409.64,1,-1,-1,-1
316,288,495.09,84.39,127.28,384.92,1,-1,-1,-1
316,313,382.33,188.05,48.17,146.67,1,-1,-1,-1
316,307,149.92,69.87,143.94,433.88,1,-1,-1,-1
316,314,312.64,144.17,63.72,193.43,1,-1,-1,-1
317,288,501.61,65.54,135.38,409.28,1,-1,-1,-1
317,313,392.03,189.25,44.37,135.10,1,-1,-1,-1
317,307,137.55,47.09,153.84,463.71,1,-1,-1,-1
317,317,26.99,130.96,63.98,193.94,1,-1,-1,-1
317,314,313.26,144.02,64.01,194.30,1,-1,-1,-1
318,313,401.45,189.69,42.80,130.31,1,-1,-1,-1
318,307,150.43,67.51,138.58,417.73,1,-1,-1,-1
318,317,34.96,133.60,60.66,183.88,1,-1,-1,-1
318,314,322.14,143.97,64.11,194.57,1,-1,-1,-1
319,307,151.18,63.60,145.14,437.48,1,-1,-1,-1
319,317,35.62,145.42,56.35,170.81,1,-1,-1,-1
319,314,325.40,143.95,64.13,194.62,1,-1,-1,-1
319,308,421.81,177.90,52.12,158.62,1,-1,-1,-1
320,307,181.16,59.65,140.93,424.80,1,-1,-1,-1
320,317,37.50,137.91,58.39,177.02,1,-1,-1,-1
320,308,437.34,173.84,54.38,165.46,1,-1,-1,-1
321,307,192.78,58.01,139.24,419.72,1,-1,-1,-1
321,317,52.64,137.40,56.10,170.07,1,-1,-1,-1
321,308,450.51,172.20,52.59,159.99,1,-1,-1,-1
322,307,205.47,54.89,132.44,399.22,1,-1,-1,-1
322,317,65.93,128.92,55.38,167.91,1,-1,-1,-1
322,308,469.62,164.36,54.43,165.54,1,-1,-1,-1
322,313,389.14,121.33,74.82,227.66,1,-1,-1,-1
323,307,220.06,37.38,136.14,410.38,1,-1,-1,-1
323,317,78.13,126.08,55.20,167.37,1,-1,-1,-1
323,308,491.28,161.48,55.11,167.57,1,-1,-1,-1
323,319,146.56,115.36,63.98,193.94,1,-1,-1,-1
323,313,396.69,113.70,78.43,238.52,1,-1,-1,-1
324,307,232.43,47.04,131.35,395.96,1,-1,-1,-1
324,317,77.60,122.93,57.98,175.81,1,-1,-1,-1
324,308,512.05,160.30,52.91,160.87,1,-1,-1,-1
324,319,145.47,88.88,75.44,228.67,1,-1,-1,-1
324,313,400.25,100.90,79.90,242.84,1,-1,-1,-1
324,320,471.10,156.47,41.26,125.89,1,-1,-1,-1
325,307,240.13,35.99,142.46,429.42,1,-1,-1,-1
325,317,85.36,121.86,58.98,178.85,1,-1,-1,-1
325,308,536.91,159.84,54.58,165.92,1,-1,-1,-1
325,319,133.74,79.71,79.41,240.69,1,-1,-1,-1
325,313,411.58,95.79,80.39,244.23,1,-1,-1,-1
326,307,242.87,32.05,146.42,441.34,1,-1,-1,-1
326,317,79.87,121.54,59.37,180.05,1,-1,-1,-1
326,308,547.58,149.54,60.64,184.31,1,-1,-1,-1
326,319,123.60,81.39,84.46,255.98,1,-1,-1,-1
326,313,426.14,93.95,80.50,244.46,1,-1,-1,-1
327,307,251.25,29.28,141.49,426.50,1,-1,-1,-1
327,317,78.22,132.16,54.34,164.80,1,-1,-1,-1
327,308,559.71,145.70,62.91,191.16,1,-1,-1,-1
327,319,108.43,82.51,86.10,260.91,1,-1,-1,-1
327,313,429.80,86.95,84.06,255.16,1,-1,-1,-1
328,307,266.09,29.63,146.11,440.41,1,-1,-1,-1
328,308,571.15,145.81,61.06,185.49,1,-1,-1,-1
328,319,95.57,75.17,90.56,274.38,1,-1,-1,-1
328,313,431.15,84.33,85.42,259.18,1,-1,-1,-1
329,307,271.39,29.79,147.80,445.49,1,-1,-1,-1
329,308,575.05,145.92,60.27,183.07,1,-1,-1,-1
329,319,69.51,63.14,96.39,292.01,1,-1,-1,-1
329,313,434.59,79.12,93.87,284.70,1,-1,-1,-1
330,307,279.53,46.82,141.91,427.75,1,-1,-1,-1
330,308,559.21,113.43,72.56,220.33,1,-1,-1,-1
330,319,46.96,58.66,98.54,298.45,1,-1,-1,-1
330,313,440.62,85.25,93.11,282.31,1,-1,-1,-1
331,307,282.25,34.94,139.58,420.71,1,-1,-1,-1
331,308,556.81,95.52,80.46,244.22,1,-1,-1,-1
331,319,26.63,59.94,103.72,314.09,1,-1,-1,-1
331,313,447.29,90.81,85.10,257.95,1,-1,-1,-1
332,307,276.43,31.88,145.34,438.06,1,-1,-1,-1
332,308,562.34,94.41,80.26,243.53,1,-1,-1,-1
332,319,5.62,49.11,110.43,334.33,1,-1,-1,-1
332,313,448.36,86.61,85.44,258.94,1,-1,-1,-1
333,307,274.16,30.78,147.45,444.42,1,-1,-1,-1
333,308,564.23,94.26,80.06,242.84,1,-1,-1,-1
333,319,-2.41,43.05,108.25,327.66,1,-1,-1,-1
333,313,457.59,77.19,89.53,271.24,1,-1,-1,-1
334,307,273.03,30.41,148.24,446.81,1,-1,-1,-1
334,308,571.76,104.29,73.33,222.40,1,-1,-1,-1
334,313,456.94,77.08,95.23,288.45,1,-1,-1,-1
334,323,406.62,118.94,74.75,226.14,1,-1,-1,-1
335,307,264.09,31.72,155.52,468.71,1,-1,-1,-1
335,308,574.31,108.58,70.53,213.89,1,-1,-1,-1
335,313,460.59,73.82,93.29,282.49,1,-1,-1,-1
335,323,414.76,114.28,78.08,236.23,1,-1,-1,-1
335,319,22.69,103.79,71.84,217.49,1,-1,-1,-1
336,307,268.81,30.85,151.36,456.16,1,-1,-1,-1
336,308,584.30,100.98,69.48,210.69,1,-1,-1,-1
336,313,461.87,72.76,92.36,279.61,1,-1,-1,-1
336,323,417.39,125.04,79.16,239.48,1,-1,-1,-1
336,319,25.00,107.02,64.87,196.40,1,-1,-1,-1
337,307,258.60,29.24,143.04,431.12,1,-1,-1,-1
337,313,462.22,72.51,91.93,278.28,1,-1,-1,-1
337,319,24.00,111.99,59.98,181.63,1,-1,-1,-1
338,307,258.16,9.93,153.72,463.26,1,-1,-1,-1
338,313,474.24,72.56,91.71,277.57,1,-1,-1,-1
338,319,23.88,113.10,58.63,177.58,1,-1,-1,-1
338,323,431.97,116.05,79.21,239.65,1,-1,-1,-1
339,307,266.18,3.11,150.61,453.90,1,-1,-1,-1
339,313,478.71,72.71,91.58,277.13,1,-1,-1,-1
339,319,23.97,113.13,58.35,176.74,1,-1,-1,-1
339,323,434.44,114.56,78.97,238.92,1,-1,-1,-1
340,307,260.91,0.56,156.35,471.17,1,-1,-1,-1
340,313,489.87,63.43,95.77,289.77,1,-1,-1,-1
340,319,16.23,109.22,61.42,186.08,1,-1,-1,-1
340,323,446.26,114.02,78.90,238.70,1,-1,-1,-1
341,307,267.14,19.07,151.54,456.68,1,-1,-1,-1
341,313,503.18,62.74,101.86,308.13,1,-1,-1,-1
341,323,460.55,107.51,82.79,250.47,1,-1,-1,-1
342,307,269.50,26.53,149.58,450.77,1,-1,-1,-1
342,313,517.01,51.04,108.99,329.61,1,-1,-1,-1
342,323,476.78,111.20,80.41,243.26,1,-1,-1,-1
343,307,295.30,28.03,142.22,428.61,1,-1,-1,-1
343,313,529.46,55.25,102.58,310.19,1,-1,-1,-1
343,323,482.57,112.62,79.46,240.39,1,-1,-1,-1
344,307,299.69,9.81,146.14,440.41,1,-1,-1,-1
344,313,547.13,57.30,99.74,301.56,1,-1,-1,-1
344,320,433.62,97.10,78.39,238.82,1,-1,-1,-1
345,307,327.03,20.41,134.87,406.47,1,-1,-1,-1
345,325,59.86,109.10,60.54,183.50,1,-1,-1,-1
345,320,432.68,95.75,79.32,241.39,1,-1,-1,-1
345,323,522.90,113.15,79.07,239.22,1,-1,-1,-1
346,307,325.22,6.94,150.92,454.84,1,-1,-1,-1
346,325,70.73,119.42,59.86,181.45,1,-1,-1,-1
346,320,442.28,95.41,79.59,242.02,1,-1,-1,-1
346,319,11.53,121.30,59.69,180.84,1,-1,-1,-1
346,313,555.09,98.86,93.11,281.52,1,-1,-1,-1
347,307,345.23,2.34,156.36,471.21,1,-1,-1,-1
347,325,88.16,125.22,56.47,171.19,1,-1,-1,-1
347,319,26.86,132.01,56.90,172.44,1,-1,-1,-1
348,307,347.16,0.60,165.91,499.95,1,-1,-1,-1
348,319,33.70,125.74,58.70,177.91,1,-1,-1,-1
349,307,376.53,19.07,155.44,468.39,1,-1,-1,-1
349,319,44.12,123.52,59.33,179.85,1,-1,-1,-1
350,307,387.99,26.79,151.00,455.02,1,-1,-1,-1
350,319,45.92,124.77,56.91,172.55,1,-1,-1,-1
350,317,200.62,160.60,39.26,119.23,1,-1,-1,-1
351,319,48.75,123.11,58.68,177.93,1,-1,-1,-1
351,317,202.01,161.19,39.02,118.62,1,-1,-1,-1
352,317,197.10,161.41,38.91,118.35,1,-1,-1,-1
352,307,469.14,56.61,114.91,346.34,1,-1,-1,-1
353,317,195.16,155.89,38.88,118.33,1,-1,-1,-1
353,307,504.15,52.36,118.09,355.94,1,-1,-1,-1
353,325,146.35,110.68,59.55,180.54,1,-1,-1,-1
354,317,194.31,159.35,38.89,118.40,1,-1,-1,-1
354,307,514.24,51.48,118.72,357.88,1,-1,-1,-1
354,325,150.41,120.03,57.07,173.03,1,-1,-1,-1
355,325,136.20,131.07,56.17,170.32,1,-1,-1,-1
356,325,130.81,127.48,55.83,169.32,1,-1,-1,-1
356,317,174.20,135.02,46.29,140.92,1,-1,-1,-1
357,325,128.61,126.14,55.70,168.94,1,-1,-1,-1
357,317,178.58,120.27,52.52,159.82,1,-1,-1,-1
358,325,127.63,125.64,55.65,168.80,1,-1,-1,-1
358,317,180.33,121.52,54.98,167.25,1,-1,-1,-1
359,325,127.13,140.52,55.63,168.74,1,-1,-1,-1
359,317,181.70,135.56,58.46,177.79,1,-1,-1,-1
359,320,387.79,35.42,155.78,472.74,1,-1,-1,-1
360,325,135.21,173.71,46.60,141.41,1,-1,-1,-1
360,317,187.29,149.33,54.95,167.11,1,-1,-1,-1
360,320,385.34,32.89,159.09,482.13,1,-1,-1,-1
361,325,138.23,164.98,50.03,151.86,1,-1,-1,-1
361,317,183.82,155.34,55.81,169.67,1,-1,-1,-1
361,320,384.40,31.93,160.29,485.32,1,-1,-1,-1
362,325,139.26,155.41,51.07,155.03,1,-1,-1,-1
362,317,181.49,157.57,53.69,163.23,1,-1,-1,-1
362,320,405.31,30.29,154.02,466.01,1,-1,-1,-1
363,325,139.93,158.10,49.17,149.28,1,-1,-1,-1
363,317,187.54,158.50,52.78,160.46,1,-1,-1,-1
363,320,392.05,31.12,158.17,478.29,1,-1,-1,-1
363,319,101.16,174.39,45.40,137.77,1,-1,-1,-1
364,325,146.73,159.54,50.81,154.28,1,-1,-1,-1
364,317,191.39,158.90,54.87,166.79,1,-1,-1,-1
364,320,387.02,31.47,159.74,482.80,1,-1,-1,-1
364,319,90.02,171.76,50.11,152.07,1,-1,-1,-1
365,325,141.21,160.05,53.88,163.61,1,-1,-1,-1
365,317,192.83,159.07,55.64,169.10,1,-1,-1,-1
365,320,385.07,31.68,160.27,484.21,1,-1,-1,-1
366,325,139.07,152.87,55.04,167.12,1,-1,-1,-1
366,317,191.84,152.26,53.47,162.50,1,-1,-1,-1
366,320,386.99,30.46,153.54,463.74,1,-1,-1,-1
367,325,144.51,141.06,58.11,176.41,1,-1,-1,-1
367,317,200.49,141.63,55.05,167.29,1,-1,-1,-1
367,320,407.47,30.08,150.74,455.17,1,-1,-1,-1
368,325,154.33,136.55,59.27,179.92,1,-1,-1,-1
368,317,208.50,145.56,53.18,161.61,1,-1,-1,-1
368,320,411.05,10.37,164.13,495.48,1,-1,-1,-1
369,325,173.22,143.66,57.11,173.36,1,-1,-1,-1
369,317,221.78,153.74,50.09,152.21,1,-1,-1,-1
369,320,407.81,3.14,176.84,533.68,1,-1,-1,-1
370,325,180.50,146.51,56.22,170.67,1,-1,-1,-1
370,317,230.57,157.41,51.25,155.76,1,-1,-1,-1
370,320,413.75,20.50,166.94,503.72,1,-1,-1,-1
370,319,27.39,71.70,100.78,305.59,1,-1,-1,-1
371,325,183.67,146.54,58.53,177.68,1,-1,-1,-1
371,317,240.61,158.72,51.67,157.02,1,-1,-1,-1
371,320,416.21,28.04,162.52,490.30,1,-1,-1,-1
371,319,22.29,63.67,104.89,317.82,1,-1,-1,-1
372,325,191.50,147.57,56.78,172.36,1,-1,-1,-1
372,317,248.33,151.79,54.29,164.97,1,-1,-1,-1
372,320,436.83,9.82,168.32,507.72,1,-1,-1,-1
372,319,20.27,60.57,106.45,322.38,1,-1,-1,-1
373,325,203.90,154.93,51.25,155.62,1,-1,-1,-1
373,317,253.98,156.48,52.84,160.57,1,-1,-1,-1
373,319,32.63,59.63,106.93,323.69,1,-1,-1,-1
374,325,211.28,158.26,51.52,156.44,1,-1,-1,-1
374,317,262.92,158.37,52.24,158.73,1,-1,-1,-1
374,319,37.81,59.51,106.99,323.78,1,-1,-1,-1
375,325,220.81,159.39,51.62,156.74,1,-1,-1,-1
375,317,271.16,151.62,54.48,165.55,1,-1,-1,-1
375,319,50.59,69.45,102.47,310.03,1,-1,-1,-1
376,325,227.34,159.26,49.33,149.82,1,-1,-1,-1
376,317,275.97,156.43,52.88,160.67,1,-1,-1,-1
376,319,58.66,63.85,104.99,317.58,1,-1,-1,-1
377,325,229.46,159.15,48.48,147.25,1,-1,-1,-1
377,317,277.53,158.37,52.22,158.67,1,-1,-1,-1
377,319,61.75,61.82,105.91,320.27,1,-1,-1,-1
378,325,229.88,151.97,53.07,161.20,1,-1,-1,-1
378,317,283.50,151.61,54.46,165.45,1,-1,-1,-1
378,319,63.02,61.25,106.15,320.95,1,-1,-1,-1
379,325,233.84,149.87,52.29,158.82,1,-1,-1,-1
379,317,286.98,156.44,52.84,160.55,1,-1,-1,-1
379,319,51.95,49.61,110.98,335.47,1,-1,-1,-1
380,325,235.11,156.03,51.96,157.85,1,-1,-1,-1
380,317,286.63,150.89,54.68,166.11,1,-1,-1,-1
380,319,45.74,56.75,107.99,326.41,1,-1,-1,-1
381,325,235.40,158.35,51.84,157.48,1,-1,-1,-1
381,317,294.67,156.19,52.91,160.74,1,-1,-1,-1
381,319,45.34,62.95,111.52,337.02,1,-1,-1,-1
381,330,519.24,169.61,51.03,155.22,1,-1,-1,-1
382,325,235.34,159.21,51.80,157.35,1,-1,-1,-1
382,317,297.47,157.80,49.87,151.52,1,-1,-1,-1
382,319,31.77,52.94,117.99,356.51,1,-1,-1,-1
382,330,520.97,161.88,54.39,165.43,1,-1,-1,-1
382,331,284.64,105.50,73.64,222.93,1,-1,-1,-1
383,325,244.40,165.53,49.47,150.29,1,-1,-1,-1
383,317,291.21,158.91,51.09,155.22,1,-1,-1,-1
383,319,25.48,61.43,115.33,348.43,1,-1,-1,-1
383,330,522.35,158.57,58.57,178.12,1,-1,-1,-1
383,331,284.64,105.50,73.64,222.93,1,-1,-1,-1
384,325,245.37,161.77,50.93,154.75,1,-1,-1,-1
384,317,288.92,159.30,51.52,156.55,1,-1,-1,-1
384,319,22.08,62.19,109.17,329.79,1,-1,-1,-1
384,330,518.59,144.63,66.24,201.43,1,-1,-1,-1
384,331,275.62,98.89,77.77,235.43,1,-1,-1,-1
385,325,241.40,159.91,49.16,149.38,1,-1,-1,-1
385,317,286.51,152.00,54.17,164.57,1,-1,-1,-1
385,319,20.95,62.66,106.65,322.15,1,-1,-1,-1
385,330,520.11,142.08,65.93,200.45,1,-1,-1,-1
385,331,272.78,96.81,79.08,239.36,1,-1,-1,-1
386,325,240.52,152.10,53.35,162.08,1,-1,-1,-1
386,317,285.55,149.26,55.16,167.56,1,-1,-1,-1
386,319,6.70,53.09,116.01,350.39,1,-1,-1,-1
386,330,520.74,141.55,65.49,199.07,1,-1,-1,-1
386,331,273.72,88.95,83.48,252.68,1,-1,-1,-1
387,325,239.37,156.08,50.18,152.46,1,-1,-1,-1
387,317,285.08,148.22,55.53,168.70,1,-1,-1,-1
387,319,13.99,94.04,104.99,317.11,1,-1,-1,-1
387,330,518.01,139.16,68.27,207.49,1,-1,-1,-1
387,331,274.15,74.61,84.98,257.22,1,-1,-1,-1
388,325,235.94,158.24,51.21,155.62,1,-1,-1,-1
388,317,284.83,147.85,55.66,169.09,1,-1,-1,-1
388,319,25.73,139.80,87.72,265.00,1,-1,-1,-1
388,330,521.68,135.17,72.49,220.24,1,-1,-1,-1
388,331,262.88,80.93,85.44,258.59,1,-1,-1,-1
389,325,237.38,165.01,49.29,149.78,1,-1,-1,-1
389,317,284.67,155.15,55.70,169.20,1,-1,-1,-1
389,319,7.65,117.86,99.36,300.12,1,-1,-1,-1
389,330,526.68,129.67,77.46,235.28,1,-1,-1,-1
389,331,257.86,90.45,81.70,247.27,1,-1,-1,-1
390,325,228.02,161.50,50.89,154.64,1,-1,-1,-1
390,317,279.03,157.92,53.24,161.74,1,-1,-1,-1
390,330,528.63,127.62,79.36,240.97,1,-1,-1,-1
390,331,257.11,79.02,88.20,266.90,1,-1,-1,-1
391,325,221.30,159.73,49.18,149.46,1,-1,-1,-1
391,317,269.73,158.99,52.28,158.82,1,-1,-1,-1
391,330,520.88,115.65,87.54,265.72,1,-1,-1,-1
391,331,244.91,74.97,90.50,273.84,1,-1,-1,-1
392,325,214.99,159.52,50.85,154.54,1,-1,-1,-1
392,317,267.63,172.01,49.59,150.67,1,-1,-1,-1
392,330,516.36,103.71,94.76,287.54,1,-1,-1,-1
392,331,247.81,116.39,76.94,232.83,1,-1,-1,-1
393,325,212.81,164.07,47.03,142.96,1,-1,-1,-1
393,317,258.38,164.02,50.96,154.82,1,-1,-1,-1
393,330,514.49,98.97,97.64,296.16,1,-1,-1,-1
393,331,239.57,77.45,91.26,276.13,1,-1,-1,-1
394,325,215.70,167.24,47.75,145.15,1,-1,-1,-1
394,317,255.10,161.15,51.45,156.31,1,-1,-1,-1
394,330,519.00,92.22,107.83,326.91,1,-1,-1,-1
394,331,239.03,82.01,87.85,265.79,1,-1,-1,-1
395,325,206.05,162.30,50.33,152.97,1,-1,-1,-1
395,317,255.72,159.54,49.33,149.89,1,-1,-1,-1
395,330,527.71,94.54,102.88,311.82,1,-1,-1,-1
395,331,246.12,101.26,75.64,228.88,1,-1,-1,-1
396,325,202.50,160.45,51.29,155.89,1,-1,-1,-1
396,317,256.07,158.91,48.52,147.44,1,-1,-1,-1
396,330,524.14,90.80,109.83,332.76,1,-1,-1,-1
397,325,198.82,165.67,49.37,150.08,1,-1,-1,-1
397,317,254.45,159.19,50.58,153.71,1,-1,-1,-1
397,330,522.78,89.42,112.46,340.59,1,-1,-1,-1
397,331,238.20,52.09,93.08,281.59,1,-1,-1,-1
398,325,194.46,161.66,53.45,162.46,1,-1,-1,-1
398,317,250.99,159.32,53.79,163.45,1,-1,-1,-1
398,330,521.90,64.62,123.97,375.30,1,-1,-1,-1
398,331,236.65,42.27,96.58,292.12,1,-1,-1,-1
399,325,202.14,166.02,50.27,152.81,1,-1,-1,-1
399,317,254.30,165.21,50.34,152.98,1,-1,-1,-1
399,331,229.77,27.85,107.20,324.18,1,-1,-1,-1
400,325,203.39,161.74,53.79,163.49,1,-1,-1,-1
400,317,250.99,161.50,53.80,163.46,1,-1,-1,-1
400,331,233.34,32.75,102.27,309.23,1,-1,-1,-1
401,325,201.82,160.19,52.64,159.97,1,-1,-1,-1
401,317,245.84,160.16,52.60,159.82,1,-1,-1,-1
401,331,224.76,45.68,95.67,289.27,1,-1,-1,-1
402,325,195.86,152.14,54.62,165.99,1,-1,-1,-1
402,317,246.13,159.12,49.79,151.30,1,-1,-1,-1
402,331,219.04,40.53,97.36,294.36,1,-1,-1,-1
403,325,198.98,156.45,52.93,160.84,1,-1,-1,-1
403,317,246.34,165.36,48.72,148.05,1,-1,-1,-1
403,331,217.00,38.73,97.96,296.14,1,-1,-1,-1
404,325,200.30,158.21,52.24,158.74,1,-1,-1,-1
404,317,246.46,167.63,48.33,146.89,1,-1,-1,-1
404,331,216.35,38.22,98.13,296.64,1,-1,-1,-1
405,325,195.40,151.42,54.45,165.46,1,-1,-1,-1
405,317,246.56,161.85,48.20,146.50,1,-1,-1,-1
405,331,216.22,38.21,98.15,296.66,1,-1,-1,-1
406,325,196.58,155.75,50.57,153.67,1,-1,-1,-1
406,317,244.38,160.18,50.49,153.45,1,-1,-1,-1
406,331,216.28,25.45,98.10,296.50,1,-1,-1,-1
407,325,197.15,157.54,48.99,148.89,1,-1,-1,-1
407,317,247.61,152.22,53.78,163.44,1,-1,-1,-1
407,331,212.78,21.65,102.65,310.23,1,-1,-1,-1
408,325,199.84,151.59,50.78,154.32,1,-1,-1,-1
408,317,251.71,149.63,52.63,159.95,1,-1,-1,-1
408,331,211.51,20.32,104.35,315.31,1,-1,-1,-1
409,325,200.82,149.46,51.42,156.28,1,-1,-1,-1
409,317,253.39,148.66,52.15,158.47,1,-1,-1,-1
409,331,214.69,19.07,100.40,303.37,1,-1,-1,-1
410,325,194.26,148.68,51.67,157.04,1,-1,-1,-1
410,317,247.06,148.34,51.96,157.89,1,-1,-1,-1
410,331,203.01,18.82,98.76,298.42,1,-1,-1,-1
411,325,189.85,154.88,49.46,150.33,1,-1,-1,-1
411,317,244.68,148.26,51.88,157.66,1,-1,-1,-1
411,331,198.73,18.86,98.13,296.48,1,-1,-1,-1
412,325,185.95,162.57,46.42,141.09,1,-1,-1,-1
412,317,239.55,154.74,49.54,150.56,1,-1,-1,-1
412,331,192.64,19.94,102.51,309.72,1,-1,-1,-1
413,325,180.17,160.09,47.52,144.46,1,-1,-1,-1
413,317,237.64,157.27,48.64,147.83,1,-1,-1,-1
413,331,184.64,6.70,109.02,329.35,1,-1,-1,-1
414,325,178.17,159.21,47.91,145.66,1,-1,-1,-1
414,317,234.24,151.63,50.65,153.95,1,-1,-1,-1
414,331,179.18,14.29,102.19,308.71,1,-1,-1,-1
415,325,177.50,158.86,48.07,146.15,1,-1,-1,-1
415,317,226.12,149.57,51.39,156.19,1,-1,-1,-1
415,331,171.68,18.62,103.98,314.08,1,-1,-1,-1
416,325,170.81,158.72,48.14,146.36,1,-1,-1,-1
416,317,226.22,155.25,49.38,150.09,1,-1,-1,-1
416,331,169.03,20.23,104.61,315.99,1,-1,-1,-1
417,325,168.38,158.67,48.17,146.46,1,-1,-1,-1
417,317,218.69,150.44,53.45,162.44,1,-1,-1,-1
417,331,160.74,20.00,100.22,302.72,1,-1,-1,-1
418,325,167.56,158.64,48.19,146.52,1,-1,-1,-1
418,317,219.52,160.51,48.15,146.35,1,-1,-1,-1
418,331,157.77,19.99,98.48,297.46,1,-1,-1,-1
419,325,165.98,163.81,46.04,140.00,1,-1,-1,-1
419,317,217.51,159.37,48.15,146.38,1,-1,-1,-1
419,331,156.83,20.04,97.83,295.49,1,-1,-1,-1
420,325,165.51,165.77,45.22,137.53,1,-1,-1,-1
420,317,210.27,158.97,48.16,146.40,1,-1,-1,-1
420,331,150.15,21.04,102.26,308.87,1,-1,-1,-1
421,325,159.25,166.46,44.94,136.67,1,-1,-1,-1
421,317,204.55,157.90,46.00,139.85,1,-1,-1,-1
421,331,139.96,7.68,108.81,328.62,1,-1,-1,-1
422,325,151.38,161.45,47.02,143.02,1,-1,-1,-1
422,317,202.54,157.48,45.19,137.40,1,-1,-1,-1
422,331,143.85,2.58,106.47,321.55,1,-1,-1,-1
422,336,502.44,28.86,138.29,416.86,1,-1,-1,-1
423,325,148.06,158.71,45.66,138.89,1,-1,-1,-1
423,317,198.46,151.61,47.10,143.23,1,-1,-1,-1
423,331,131.82,0.67,105.46,318.50,1,-1,-1,-1
423,336,496.55,27.42,131.13,395.29,1,-1,-1,-1
424,325,146.96,157.64,45.13,137.29,1,-1,-1,-1
424,317,194.39,155.06,45.66,138.85,1,-1,-1,-1
424,331,127.43,0.04,105.06,317.26,1,-1,-1,-1
424,336,478.44,28.44,136.19,410.52,1,-1,-1,-1
425,325,140.54,157.25,44.94,136.72,1,-1,-1,-1
425,317,190.06,160.94,43.06,130.98,1,-1,-1,-1
425,331,154.19,79.82,75.43,227.89,1,-1,-1,-1
425,336,452.59,28.75,137.76,415.27,1,-1,-1,-1
426,325,132.15,157.12,44.88,136.54,1,-1,-1,-1
426,317,185.45,161.14,40.17,122.24,1,-1,-1,-1
426,331,166.09,115.80,59.97,181.28,1,-1,-1,-1
426,336,444.39,28.86,138.29,416.86,1,-1,-1,-1
427,325,129.10,155.83,42.84,130.37,1,-1,-1,-1
427,317,177.53,152.23,43.22,131.51,1,-1,-1,-1
427,331,169.03,119.96,62.11,187.77,1,-1,-1,-1
427,336,439.51,27.58,131.92,397.68,1,-1,-1,-1
428,325,127.73,159.19,40.16,122.25,1,-1,-1,-1
428,317,174.82,149.21,44.25,134.64,1,-1,-1,-1
428,336,420.22,27.11,129.60,390.69,1,-1,-1,-1
429,325,121.99,156.56,41.15,125.26,1,-1,-1,-1
429,317,171.89,152.89,42.66,129.82,1,-1,-1,-1
429,336,408.00,40.34,117.19,353.31,1,-1,-1,-1
430,325,114.33,155.64,41.50,126.33,1,-1,-1,-1
430,317,166.94,149.46,44.09,134.20,1,-1,-1,-1
430,336,400.13,42.99,107.38,323.76,1,-1,-1,-1
430,331,157.79,107.72,63.51,192.08,1,-1,-1,-1
431,325,110.86,150.44,43.67,132.94,1,-1,-1,-1
431,317,163.55,153.04,42.62,129.73,1,-1,-1,-1
431,336,386.36,45.95,109.68,330.72,1,-1,-1,-1
432,325,103.68,148.53,44.48,135.40,1,-1,-1,-1
432,317,162.47,154.47,42.05,128.02,1,-1,-1,-1
432,336,366.47,46.88,110.48,333.13,1,-1,-1,-1
433,325,101.07,147.83,44.79,136.37,1,-1,-1,-1
433,317,160.25,153.44,39.96,121.67,1,-1,-1,-1
433,336,343.25,59.45,105.74,318.89,1,-1,-1,-1
434,325,95.78,152.41,42.92,130.67,1,-1,-1,-1
434,317,155.79,154.65,41.11,125.20,1,-1,-1,-1
434,336,320.90,63.96,104.14,314.09,1,-1,-1,-1
435,325,93.98,154.23,42.19,128.47,1,-1,-1,-1
435,317,149.46,150.24,43.54,132.58,1,-1,-1,-1
436,325,91.89,150.02,43.96,133.85,1,-1,-1,-1
436,317,147.17,142.63,44.45,135.36,1,-1,-1,-1
437,325,91.20,148.50,44.60,135.82,1,-1,-1,-1
437,317,145.60,144.86,42.82,130.41,1,-1,-1,-1
438,325,87.03,147.10,42.86,130.53,1,-1,-1,-1
438,317,145.19,145.80,42.18,128.47,1,-1,-1,-1
439,325,83.61,141.30,44.21,134.64,1,-1,-1,-1
439,317,139.46,146.18,41.95,127.76,1,-1,-1,-1
442,337,274.84,60.72,106.11,320.23,1,-1,-1,-1
443,337,273.03,49.37,110.84,334.49,1,-1,-1,-1
444,337,255.10,45.71,112.37,339.09,1,-1,-1,-1
444,339,508.82,84.32,103.11,311.44,1,-1,-1,-1
444,331,144.33,152.01,39.65,120.11,1,-1,-1,-1
445,337,252.54,58.33,107.11,323.23,1,-1,-1,-1
445,339,518.44,72.64,109.87,331.85,1,-1,-1,-1
445,331,144.49,153.30,39.03,118.39,1,-1,-1,-1
446,337,249.00,49.55,110.76,334.27,1,-1,-1,-1
446,339,511.56,80.85,106.65,322.13,1,-1,-1,-1
446,331,144.44,153.79,38.75,117.64,1,-1,-1,-1
446,317,96.34,146.34,41.89,127.59,1,-1,-1,-1
447,337,243.55,32.03,117.59,354.86,1,-1,-1,-1
447,339,483.34,79.97,99.99,302.01,1,-1,-1,-1
447,331,145.75,155.50,40.70,123.65,1,-1,-1,-1
447,317,100.72,150.80,39.93,121.66,1,-1,-1,-1
448,337,246.03,39.92,114.59,345.80,1,-1,-1,-1
448,339,474.16,79.71,97.78,295.33,1,-1,-1,-1
448,331,145.01,154.43,39.47,119.97,1,-1,-1,-1
448,317,102.24,152.29,39.27,119.68,1,-1,-1,-1
449,337,247.37,43.33,113.29,341.87,1,-1,-1,-1
449,339,480.80,83.72,102.18,308.62,1,-1,-1,-1
449,331,150.32,153.89,39.03,118.70,1,-1,-1,-1
449,317,102.91,152.82,39.04,118.98,1,-1,-1,-1
450,337,251.02,56.96,107.65,324.88,1,-1,-1,-1
450,339,483.20,85.07,103.70,313.19,1,-1,-1,-1
450,331,157.72,153.64,38.89,118.32,1,-1,-1,-1
450,317,113.98,153.01,38.96,118.75,1,-1,-1,-1
451,337,252.57,62.13,105.51,318.42,1,-1,-1,-1
451,339,498.69,85.54,104.27,314.92,1,-1,-1,-1
451,331,162.37,155.09,40.79,124.12,1,-1,-1,-1
451,317,118.20,158.41,38.94,118.70,1,-1,-1,-1
452,337,253.21,63.97,104.75,316.14,1,-1,-1,-1
452,339,504.58,85.69,104.48,315.55,1,-1,-1,-1
452,331,169.69,155.60,41.48,126.24,1,-1,-1,-1
452,317,125.59,156.65,40.82,124.43,1,-1,-1,-1
453,337,250.53,52.37,109.58,330.72,1,-1,-1,-1
453,339,506.80,85.72,104.56,315.77,1,-1,-1,-1
453,331,180.67,154.20,39.87,121.37,1,-1,-1,-1
453,317,138.33,154.45,39.67,120.94,1,-1,-1,-1
454,337,249.59,48.14,111.35,336.04,1,-1,-1,-1
454,339,507.60,85.70,104.58,315.84,1,-1,-1,-1
454,331,190.13,159.00,39.25,119.52,1,-1,-1,-1
454,317,148.65,153.56,39.21,119.57,1,-1,-1,-1
455,337,266.13,58.47,107.04,323.06,1,-1,-1,-1
455,339,507.88,85.68,104.59,315.85,1,-1,-1,-1
455,331,196.97,156.92,40.93,124.66,1,-1,-1,-1
455,317,157.74,153.22,39.05,119.06,1,-1,-1,-1
456,337,270.66,50.35,110.42,333.26,1,-1,-1,-1
456,339,502.07,74.63,109.60,330.96,1,-1,-1,-1
456,331,206.42,159.86,39.69,120.89,1,-1,-1,-1
456,317,166.34,158.41,38.99,118.89,1,-1,-1,-1
457,337,272.28,62.29,111.65,336.95,1,-1,-1,-1
457,339,519.43,81.33,106.55,321.73,1,-1,-1,-1
457,331,215.19,160.96,39.20,119.43,1,-1,-1,-1
457,317,174.74,160.34,38.97,118.84,1,-1,-1,-1
458,337,269.75,54.13,117.42,354.36,1,-1,-1,-1
458,339,521.40,72.99,110.32,333.11,1,-1,-1,-1
458,331,218.23,161.33,39.03,118.91,1,-1,-1,-1
459,337,284.45,51.05,119.58,360.87,1,-1,-1,-1
459,339,513.08,80.75,106.78,322.43,1,-1,-1,-1
459,331,223.80,163.37,40.86,124.49,1,-1,-1,-1
460,337,286.88,52.12,126.02,380.27,1,-1,-1,-1
460,339,509.73,83.85,105.36,318.14,1,-1,-1,-1
460,331,231.63,167.42,39.68,120.93,1,-1,-1,-1
461,337,292.99,48.22,117.72,355.23,1,-1,-1,-1
461,339,508.46,85.00,104.83,316.53,1,-1,-1,-1
461,331,239.73,163.61,39.22,119.53,1,-1,-1,-1
462,337,296.22,58.75,109.19,329.51,1,-1,-1,-1
462,339,502.10,74.41,109.64,331.02,1,-1,-1,-1
462,331,242.52,162.14,39.05,119.02,1,-1,-1,-1
463,337,294.25,52.61,116.60,351.87,1,-1,-1,-1
463,339,505.51,81.28,106.51,321.58,1,-1,-1,-1
463,331,243.43,163.51,40.87,124.58,1,-1,-1,-1
464,337,293.58,50.48,119.18,359.61,1,-1,-1,-1
464,339,501.00,88.07,110.26,332.90,1,-1,-1,-1
464,331,243.57,162.10,39.70,121.02,1,-1,-1,-1
465,337,295.24,47.55,114.89,346.67,1,-1,-1,-1
465,339,491.05,78.98,116.91,352.93,1,-1,-1,-1
465,331,243.34,161.51,39.23,119.61,1,-1,-1,-1
466,337,293.72,48.59,118.54,357.70,1,-1,-1,-1
466,339,487.57,83.01,109.40,330.27,1,-1,-1,-1
466,331,243.09,161.28,39.06,119.10,1,-1,-1,-1
467,337,289.82,51.26,125.53,378.76,1,-1,-1,-1
467,339,469.73,76.84,116.72,352.35,1,-1,-1,-1
467,331,242.86,161.18,39.00,118.92,1,-1,-1,-1
468,337,275.97,50.05,122.61,369.94,1,-1,-1,-1
468,339,458.06,71.51,114.13,344.50,1,-1,-1,-1
468,331,242.65,161.13,38.98,118.86,1,-1,-1,-1
469,337,265.89,34.75,127.07,383.36,1,-1,-1,-1
469,339,468.53,69.42,113.03,341.18,1,-1,-1,-1
470,337,266.56,27.94,123.10,371.38,1,-1,-1,-1
470,339,465.53,79.61,107.62,324.85,1,-1,-1,-1
470,331,242.60,156.63,41.20,125.63,1,-1,-1,-1
471,337,266.91,25.36,121.46,366.45,1,-1,-1,-1
471,339,464.54,83.55,105.53,318.55,1,-1,-1,-1
472,337,262.58,25.63,126.56,381.81,1,-1,-1,-1
472,339,441.17,73.89,109.82,331.49,1,-1,-1,-1
473,337,261.00,25.78,128.44,387.45,1,-1,-1,-1
473,339,434.92,90.40,101.85,307.46,1,-1,-1,-1
474,337,260.44,25.92,129.13,389.53,1,-1,-1,-1
474,339,429.63,111.66,90.05,271.88,1,-1,-1,-1
475,337,277.28,26.05,129.36,390.20,1,-1,-1,-1
476,337,279.00,27.38,135.49,408.67,1,-1,-1,-1
476,339,446.65,77.23,107.51,324.57,1,-1,-1,-1
477,337,287.59,25.59,126.21,380.69,1,-1,-1,-1
477,339,449.79,69.30,111.35,336.15,1,-1,-1,-1
478,337,282.72,27.37,134.41,405.39,1,-1,-1,-1
478,339,451.25,66.42,112.80,340.51,1,-1,-1,-1
479,337,285.69,26.80,131.33,396.09,1,-1,-1,-1
479,339,445.97,76.28,108.39,327.21,1,-1,-1,-1
480,337,274.17,25.48,124.30,374.92,1,-1,-1,-1
480,339,444.01,80.56,106.51,321.54,1,-1,-1,-1
480,342,532.01,76.70,98.94,298.71,1,-1,-1,-1
481,337,265.15,26.19,127.42,384.30,1,-1,-1,-1
481,339,429.44,82.34,105.74,319.21,1,-1,-1,-1
481,342,512.93,67.00,103.35,312.02,1,-1,-1,-1
482,337,261.92,26.46,128.53,387.66,1,-1,-1,-1
482,339,429.14,72.24,110.36,333.16,1,-1,-1,-1
482,342,517.35,67.36,110.54,333.74,1,-1,-1,-1
483,337,268.33,39.27,117.93,355.69,1,-1,-1,-1
483,339,429.10,83.19,112.06,338.29,1,-1,-1,-1
483,342,502.95,67.72,112.81,340.58,1,-1,-1,-1
484,337,255.49,44.32,113.75,343.12,1,-1,-1,-1
484,339,414.52,87.66,112.67,340.09,1,-1,-1,-1
484,342,498.03,68.01,113.36,342.24,1,-1,-1,-1
485,337,246.66,48.28,117.79,355.30,1,-1,-1,-1
485,339,408.99,89.49,112.84,340.59,1,-1,-1,-1
485,342,496.62,68.21,113.37,342.27,1,-1,-1,-1
486,337,247.76,47.51,113.90,343.58,1,-1,-1,-1
486,339,394.45,78.66,118.13,356.55,1,-1,-1,-1
486,342,488.03,79.67,108.09,326.33,1,-1,-1,-1
487,337,244.08,49.31,117.88,355.59,1,-1,-1,-1
487,339,386.87,86.03,114.90,346.80,1,-1,-1,-1
487,342,485.17,84.00,105.98,319.95,1,-1,-1,-1
488,337,235.98,45.79,109.04,328.94,1,-1,-1,-1
488,339,384.16,89.12,113.51,342.60,1,-1,-1,-1
488,342,484.40,85.50,105.18,317.55,1,-1,-1,-1
489,337,233.02,44.31,105.60,318.59,1,-1,-1,-1
489,339,389.42,95.60,103.33,311.90,1,-1,-1,-1
489,342,477.32,90.09,109.98,332.01,1,-1,-1,-1
490,337,232.08,43.75,104.43,315.07,1,-1,-1,-1
490,339,371.28,80.59,114.80,346.49,1,-1,-1,-1
490,342,467.76,87.72,106.74,322.25,1,-1,-1,-1
491,337,234.64,54.93,99.30,299.65,1,-1,-1,-1
491,339,363.90,86.86,113.52,342.62,1,-1,-1,-1
491,342,456.36,90.74,110.49,333.55,1,-1,-1,-1
492,339,369.27,94.79,103.34,311.92,1,-1,-1,-1
492,342,452.34,76.93,111.85,337.63,1,-1,-1,-1
493,339,361.34,102.79,104.10,314.24,1,-1,-1,-1
493,342,444.98,82.46,107.37,324.13,1,-1,-1,-1
494,339,360.76,95.56,109.39,330.19,1,-1,-1,-1
494,342,442.48,84.61,105.59,318.75,1,-1,-1,-1
495,339,372.33,88.92,106.43,321.27,1,-1,-1,-1
495,342,441.80,85.39,104.92,316.74,1,-1,-1,-1
495,337,219.33,27.16,117.90,355.75,1,-1,-1,-1
496,339,380.30,90.36,110.26,332.81,1,-1,-1,-1
496,342,441.75,85.65,104.67,316.00,1,-1,-1,-1
496,337,222.88,22.72,115.01,347.04,1,-1,-1,-1
497,339,380.21,100.73,106.74,322.18,1,-1,-1,-1
497,342,448.09,74.70,109.60,330.84,1,-1,-1,-1
497,337,224.53,21.28,113.74,343.21,1,-1,-1,-1
498,339,383.40,94.78,110.36,333.10,1,-1,-1,-1
498,342,450.52,70.64,111.42,336.33,1,-1,-1,-1
498,337,229.15,19.94,108.26,326.68,1,-1,-1,-1
499,339,370.96,80.99,116.95,353.00,1,-1,-1,-1
499,342,451.60,69.10,112.10,338.39,1,-1,-1,-1
500,339,376.65,83.28,109.41,330.24,1,-1,-1,-1
500,342,459.91,79.42,107.40,324.20,1,-1,-1,-1
501,339,368.28,76.49,116.73,352.32,1,-1,-1,-1
501,342,455.30,72.39,110.59,333.81,1,-1,-1,-1
501,337,200.39,25.86,133.68,403.36,1,-1,-1,-1
502,339,378.75,85.52,114.13,344.46,1,-1,-1,-1
502,342,459.06,73.03,117.03,353.23,1,-1,-1,-1
502,337,186.30,28.60,143.70,433.50,1,-1,-1,-1
503,339,383.05,89.23,113.03,341.14,1,-1,-1,-1
503,342,462.84,80.82,109.41,330.23,1,-1,-1,-1
504,339,381.59,86.65,107.61,324.80,1,-1,-1,-1
504,342,471.66,72.89,111.29,335.93,1,-1,-1,-1
505,339,381.06,85.68,105.53,318.51,1,-1,-1,-1
505,342,474.83,70.04,111.97,337.96,1,-1,-1,-1
506,339,380.88,85.34,104.77,316.23,1,-1,-1,-1
506,342,476.02,68.98,112.21,338.69,1,-1,-1,-1
507,339,380.83,85.24,104.50,315.44,1,-1,-1,-1
507,342,476.43,68.62,112.29,338.92,1,-1,-1,-1
508,339,383.95,74.19,109.44,330.33,1,-1,-1,-1
508,342,476.56,68.51,112.31,338.96,1,-1,-1,-1
509,339,382.05,80.93,106.35,321.01,1,-1,-1,-1
509,342,476.57,68.50,112.30,338.93,1,-1,-1,-1
510,339,386.69,75.89,115.53,348.71,1,-1,-1,-1
510,342,476.55,68.52,112.29,338.89,1,-1,-1,-1
511,339,383.17,81.56,108.84,328.52,1,-1,-1,-1
511,342,476.51,68.56,112.27,338.84,1,-1,-1,-1
512,339,384.85,88.04,111.08,335.26,1,-1,-1,-1
512,342,476.48,68.59,112.25,338.79,1,-1,-1,-1
513,342,483.28,79.56,107.26,323.74,1,-1,-1,-1
514,342,485.86,83.78,105.35,317.95,1,-1,-1,-1
515,342,486.76,85.29,104.66,315.89,1,-1,-1,-1
516,342,495.23,89.85,109.45,330.36,1,-1,-1,-1
516,344,96.65,76.70,98.94,298.71,1,-1,-1,-1
517,342,498.31,91.50,111.22,335.70,1,-1,-1,-1
517,344,114.30,79.13,97.84,295.38,1,-1,-1,-1
518,344,119.91,79.90,97.48,294.33,1,-1,-1,-1
519,344,127.56,68.36,102.73,310.16,1,-1,-1,-1
520,337,179.92,3.24,148.14,446.81,1,-1,-1,-1
521,337,190.97,20.81,141.33,426.21,1,-1,-1,-1
522,337,194.66,26.68,139.05,419.32,1,-1,-1,-1
523,337,195.96,28.75,138.26,416.89,1,-1,-1,-1
524,337,205.82,10.75,144.68,436.23,1,-1,-1,-1
525,337,208.64,21.18,134.42,405.30,1,-1,-1,-1
526,337,210.36,7.61,143.49,432.62,1,-1,-1,-1
527,337,210.95,2.91,146.64,442.08,1,-1,-1,-1
527,344,149.17,74.48,91.30,275.68,1,-1,-1,-1
528,337,211.08,1.13,147.86,445.74,1,-1,-1,-1
528,344,154.76,83.84,86.22,260.38,1,-1,-1,-1
529,337,230.65,0.51,148.31,447.08,1,-1,-1,-1
529,344,164.18,90.83,89.01,268.82,1,-1,-1,-1
529,345,129.49,164.85,45.64,138.82,1,-1,-1,-1
530,337,238.03,0.33,148.47,447.53,1,-1,-1,-1
530,344,171.38,100.56,85.85,259.32,1,-1,-1,-1
530,345,119.82,160.53,50.42,153.35,1,-1,-1,-1
530,339,381.13,106.59,104.66,315.90,1,-1,-1,-1
531,337,230.12,18.66,141.95,427.88,1,-1,-1,-1
531,344,173.79,104.06,84.72,255.92,1,-1,-1,-1
531,345,108.81,159.11,51.98,158.10,1,-1,-1,-1
531,339,381.00,106.89,104.50,315.43,1,-1,-1,-1
532,337,234.26,24.51,133.19,401.49,1,-1,-1,-1
532,345,97.59,158.78,52.35,159.21,1,-1,-1,-1
532,339,380.95,107.00,104.44,315.26,1,-1,-1,-1
533,337,228.13,27.91,136.28,410.82,1,-1,-1,-1
533,345,82.90,150.78,55.02,167.31,1,-1,-1,-1
533,339,368.94,96.94,109.47,330.45,1,-1,-1,-1
534,337,216.77,10.60,143.99,434.05,1,-1,-1,-1
534,345,65.41,146.94,58.64,178.29,1,-1,-1,-1
534,339,359.57,98.44,101.78,307.27,1,-1,-1,-1
535,337,212.50,4.12,146.88,442.73,1,-1,-1,-1
535,345,44.96,135.36,62.77,190.82,1,-1,-1,-1
535,339,355.98,99.07,98.70,297.97,1,-1,-1,-1
536,337,210.82,1.63,147.99,446.08,1,-1,-1,-1
536,345,30.23,127.99,67.28,204.50,1,-1,-1,-1
536,339,344.56,93.89,107.51,324.55,1,-1,-1,-1
536,346,423.24,85.45,104.56,315.68,1,-1,-1,-1
537,337,210.18,0.72,148.40,447.29,1,-1,-1,-1
537,345,16.61,111.93,72.15,219.23,1,-1,-1,-1
537,339,340.53,92.06,110.61,333.90,1,-1,-1,-1
537,346,423.24,85.45,104.56,315.68,1,-1,-1,-1
538,337,209.95,0.43,148.53,447.68,1,-1,-1,-1
538,345,2.21,104.62,80.95,245.88,1,-1,-1,-1
538,339,339.12,91.38,111.82,337.55,1,-1,-1,-1
538,346,423.24,85.45,104.56,315.68,1,-1,-1,-1
538,348,117.12,138.23,51.78,157.34,1,-1,-1,-1
539,337,209.87,0.37,148.56,447.75,1,-1,-1,-1
539,345,-3.44,111.99,77.67,235.86,1,-1,-1,-1
539,339,337.65,87.19,107.33,324.00,1,-1,-1,-1
539,346,429.04,73.02,110.21,332.73,1,-1,-1,-1
539,348,118.68,138.74,49.09,149.17,1,-1,-1,-1
540,337,198.69,-20.67,155.57,468.86,1,-1,-1,-1
540,339,338.39,89.66,110.58,333.80,1,-1,-1,-1
540,346,430.92,68.98,112.05,338.27,1,-1,-1,-1
540,348,117.58,138.38,50.99,154.94,1,-1,-1,-1
541,337,221.56,-7.81,138.83,418.45,1,-1,-1,-1
541,339,337.63,100.42,106.83,322.49,1,-1,-1,-1
541,346,440.77,79.20,107.41,324.26,1,-1,-1,-1
541,348,117.24,138.27,51.58,156.74,1,-1,-1,-1
542,337,230.99,-2.28,131.92,397.62,1,-1,-1,-1
542,339,338.61,94.61,110.37,333.17,1,-1,-1,-1
542,346,450.74,71.65,110.84,334.61,1,-1,-1,-1
542,348,124.71,138.23,51.78,157.34,1,-1,-1,-1
543,337,227.58,-0.30,149.90,451.81,1,-1,-1,-1
543,346,454.14,69.05,112.02,338.18,1,-1,-1,-1
543,348,125.78,137.19,54.47,165.51,1,-1,-1,-1
544,337,235.88,0.36,149.25,449.83,1,-1,-1,-1
544,346,460.75,71.44,117.83,355.71,1,-1,-1,-1
544,348,118.47,136.82,55.41,168.37,1,-1,-1,-1
544,349,186.56,148.75,48.99,148.86,1,-1,-1,-1
545,337,250.48,0.67,155.91,469.87,1,-1,-1,-1
545,346,463.09,72.39,119.97,362.13,1,-1,-1,-1
545,348,112.96,126.96,58.43,177.52,1,-1,-1,-1
545,349,187.76,148.74,48.44,147.20,1,-1,-1,-1
546,337,255.93,0.79,158.40,477.36,1,-1,-1,-1
546,346,473.20,69.64,115.43,348.41,1,-1,-1,-1
546,348,110.90,123.30,59.54,180.86,1,-1,-1,-1
546,349,190.45,148.77,51.02,155.03,1,-1,-1,-1
547,337,269.88,-21.43,166.74,502.48,1,-1,-1,-1
547,346,472.04,58.00,124.75,376.53,1,-1,-1,-1
547,348,110.13,121.95,59.92,182.02,1,-1,-1,-1
547,349,192.98,139.95,54.57,165.81,1,-1,-1,-1
548,337,283.82,-28.43,162.57,489.89,1,-1,-1,-1
548,346,488.30,53.82,128.11,386.64,1,-1,-1,-1
548,348,111.45,115.05,65.89,200.09,1,-1,-1,-1
548,349,195.00,135.25,58.54,177.88,1,-1,-1,-1
549,337,280.22,-32.60,168.28,507.06,1,-1,-1,-1
549,346,494.58,52.27,129.36,390.39,1,-1,-1,-1
549,348,110.41,118.72,62.46,189.67,1,-1,-1,-1
549,349,202.09,135.22,57.26,173.98,1,-1,-1,-1
550,337,278.77,-34.10,170.38,513.37,1,-1,-1,-1
550,346,501.77,36.10,135.80,409.78,1,-1,-1,-1
550,348,102.39,104.71,66.82,202.85,1,-1,-1,-1
550,349,198.22,125.57,59.33,180.23,1,-1,-1,-1
551,337,286.84,-33.08,163.70,493.24,1,-1,-1,-1
551,346,509.34,43.22,126.72,382.37,1,-1,-1,-1
551,348,94.43,94.55,71.57,217.23,1,-1,-1,-1
551,349,197.38,110.68,62.89,191.02,1,-1,-1,-1
552,337,280.77,-34.05,168.56,507.86,1,-1,-1,-1
552,346,519.40,44.25,117.45,354.41,1,-1,-1,-1
552,348,87.50,95.65,70.28,213.28,1,-1,-1,-1
552,349,197.07,109.94,67.19,204.05,1,-1,-1,-1
553,337,278.46,-34.37,170.32,513.16,1,-1,-1,-1
553,346,531.76,46.99,119.42,360.35,1,-1,-1,-1
553,348,79.00,91.17,72.87,221.10,1,-1,-1,-1
553,349,196.83,113.35,65.88,200.04,1,-1,-1,-1
554,337,277.44,-34.40,170.95,515.02,1,-1,-1,-1
554,348,61.02,87.09,80.88,245.33,1,-1,-1,-1
554,349,188.14,115.04,65.21,197.98,1,-1,-1,-1
555,337,276.93,-34.33,171.13,515.55,1,-1,-1,-1
555,348,54.12,85.54,83.96,254.60,1,-1,-1,-1
555,349,184.23,112.22,67.91,206.15,1,-1,-1,-1
556,337,276.65,-34.23,171.15,515.59,1,-1,-1,-1
556,348,40.62,85.07,85.15,258.13,1,-1,-1,-1
556,349,171.92,106.75,72.09,218.79,1,-1,-1,-1
557,337,276.46,-34.13,171.10,515.45,1,-1,-1,-1
557,348,24.42,85.01,85.55,259.28,1,-1,-1,-1
557,349,160.92,103.68,80.68,244.77,1,-1,-1,-1
558,337,285.26,-32.53,163.52,492.61,1,-1,-1,-1
558,348,18.24,85.10,85.64,259.49,1,-1,-1,-1
558,349,156.62,91.89,84.03,254.88,1,-1,-1,-1
559,337,288.55,-31.84,160.55,483.66,1,-1,-1,-1
559,348,16.87,77.34,89.55,271.28,1,-1,-1,-1
559,349,154.93,87.12,85.32,258.72,1,-1,-1,-1
560,337,289.67,-31.55,159.45,480.36,1,-1,-1,-1
560,348,4.78,65.23,95.19,288.29,1,-1,-1,-1
560,349,149.73,77.58,89.63,271.70,1,-1,-1,-1
561,337,280.95,-32.95,166.68,502.10,1,-1,-1,-1
561,349,136.14,73.94,91.27,276.60,1,-1,-1,-1
562,337,277.69,-33.45,169.34,510.12,1,-1,-1,-1
562,349,119.07,72.66,91.84,278.25,1,-1,-1,-1
563,337,276.38,-33.61,170.35,513.15,1,-1,-1,-1
563,349,99.88,54.19,105.49,319.50,1,-1,-1,-1
564,337,264.69,-59.38,178.76,538.45,1,-1,-1,-1
564,349,92.58,47.19,110.68,335.10,1,-1,-1,-1
565,337,260.28,-69.05,181.90,547.90,1,-1,-1,-1
565,349,89.77,44.49,112.73,341.20,1,-1,-1,-1
566,337,258.59,-72.70,183.07,551.41,1,-1,-1,-1
566,349,64.54,31.43,124.01,375.21,1,-1,-1,-1
567,337,246.73,-48.39,175.46,528.48,1,-1,-1,-1
567,349,54.77,26.39,128.39,388.33,1,-1,-1,-1
568,337,353.30,14.19,133.72,402.84,1,-1,-1,-1
568,349,37.21,8.25,142.10,429.65,1,-1,-1,-1
569,337,399.74,23.80,122.95,370.43,1,-1,-1,-1
570,337,415.97,27.83,125.98,379.60,1,-1,-1,-1
571,337,435.24,27.88,121.07,364.85,1,-1,-1,-1
572,337,447.85,10.69,131.95,397.64,1,-1,-1,-1
573,337,453.60,4.81,142.23,428.61,1,-1,-1,-1
580,337,509.92,61.35,106.84,322.05,1,-1,-1,-1
581,337,494.20,64.81,104.53,315.14,1,-1,-1,-1
582,337,491.01,65.95,103.78,312.95,1,-1,-1,-1
582,351,215.35,155.34,41.87,127.61,1,-1,-1,-1
583,337,489.68,80.71,103.61,312.47,1,-1,-1,-1
583,351,217.22,157.85,46.71,142.35,1,-1,-1,-1
584,351,209.80,162.60,43.77,133.38,1,-1,-1,-1
585,351,200.37,152.68,47.18,143.77,1,-1,-1,-1
586,351,197.45,156.43,48.24,147.00,1,-1,-1,-1
587,351,191.87,151.16,50.96,155.25,1,-1,-1,-1
588,351,182.92,149.23,51.92,158.16,1,-1,-1,-1
589,351,158.25,148.07,54.70,166.60,1,-1,-1,-1
590,351,140.17,138.77,58.32,177.58,1,-1,-1,-1
591,351,122.88,132.99,62.45,190.06,1,-1,-1,-1
592,351,103.99,127.85,66.95,203.71,1,-1,-1,-1
593,351,84.39,128.75,65.82,200.21,1,-1,-1,-1
594,351,65.19,122.50,71.39,217.05,1,-1,-1,-1
595,351,50.66,115.48,76.82,233.47,1,-1,-1,-1
596,351,35.14,112.73,78.97,239.90,1,-1,-1,-1
597,351,19.93,105.98,83.34,253.09,1,-1,-1,-1
598,351,3.43,103.38,85.04,258.13,1,-1,-1,-1
599,351,-2.76,102.47,85.63,259.84,1,-1,-1,-1
603,352,157.22,155.38,44.95,136.84,1,-1,-1,-1
604,352,150.72,150.26,47.46,144.47,1,-1,-1,-1
608,352,127.38,127.49,67.43,205.23,1,-1,-1,-1
611,352,101.29,117.30,77.29,235.12,1,-1,-1,-1
612,352,91.01,110.27,82.10,249.63,1,-1,-1,-1
613,352,79.49,100.69,87.76,266.69,1,-1,-1,-1
614,352,63.45,96.86,89.97,273.29,1,-1,-1,-1
614,353,189.63,103.89,84.74,256.23,1,-1,-1,-1
615,353,185.94,95.42,89.45,270.46,1,-1,-1,-1
616,353,184.69,92.55,91.04,275.27,1,-1,-1,-1
617,353,184.39,91.87,91.42,276.41,1,-1,-1,-1
618,353,175.54,99.69,87.08,263.28,1,-1,-1,-1
618,354,121.16,138.89,48.25,146.74,1,-1,-1,-1
619,353,168.19,94.76,89.82,271.56,1,-1,-1,-1
619,354,112.05,138.89,48.25,146.74,1,-1,-1,-1
620,353,165.77,93.11,90.74,274.34,1,-1,-1,-1
620,354,98.66,138.38,50.96,154.99,1,-1,-1,-1
621,353,165.07,92.55,91.05,275.27,1,-1,-1,-1
621,354,91.39,137.14,54.54,165.86,1,-1,-1,-1
621,355,241.10,102.51,83.56,252.78,1,-1,-1,-1
622,353,169.02,99.81,87.02,263.08,1,-1,-1,-1
622,354,89.17,144.55,55.75,169.52,1,-1,-1,-1
622,355,253.13,110.45,80.11,242.35,1,-1,-1,-1
623,353,166.59,107.67,89.64,270.99,1,-1,-1,-1
623,355,257.32,113.21,78.91,238.72,1,-1,-1,-1
624,353,165.76,110.46,90.57,273.80,1,-1,-1,-1
624,355,245.41,112.54,87.58,264.94,1,-1,-1,-1
625,353,169.54,117.94,86.85,262.57,1,-1,-1,-1
625,355,242.37,107.21,86.12,260.54,1,-1,-1,-1
626,353,175.09,106.16,93.96,284.04,1,-1,-1,-1
626,355,241.22,105.00,85.43,258.42,1,-1,-1,-1
627,353,173.24,104.83,88.30,266.92,1,-1,-1,-1
627,355,240.85,104.19,85.13,257.52,1,-1,-1,-1
628,353,180.86,96.84,90.06,272.23,1,-1,-1,-1
628,355,240.76,103.90,85.00,257.12,1,-1,-1,-1
629,353,179.33,98.33,95.01,287.18,1,-1,-1,-1
629,355,252.35,103.81,84.93,256.90,1,-1,-1,-1
630,353,197.14,101.75,88.66,268.01,1,-1,-1,-1
630,355,266.56,109.91,81.06,245.19,1,-1,-1,-1
631,353,204.30,114.73,86.05,260.10,1,-1,-1,-1
631,355,271.85,112.22,79.58,240.73,1,-1,-1,-1
632,353,204.42,112.87,89.21,269.65,1,-1,-1,-1
632,355,284.49,113.02,79.06,239.15,1,-1,-1,-1
633,353,218.70,113.30,82.59,249.68,1,-1,-1,-1
633,355,288.98,113.29,78.89,238.62,1,-1,-1,-1
633,356,31.25,31.29,150.46,453.29,1,-1,-1,-1
634,353,223.44,107.18,83.87,253.54,1,-1,-1,-1
634,355,301.19,113.35,78.84,238.48,1,-1,-1,-1
634,356,54.33,30.95,148.79,448.25,1,-1,-1,-1
635,353,236.37,111.08,80.53,243.46,1,-1,-1,-1
635,355,305.54,113.34,78.83,238.48,1,-1,-1,-1
636,353,241.07,112.56,79.28,239.70,1,-1,-1,-1
636,355,306.95,113.31,78.85,238.51,1,-1,-1,-1
637,353,242.60,113.07,78.85,238.43,1,-1,-1,-1
637,355,307.27,113.28,78.86,238.57,1,-1,-1,-1
637,356,70.57,-29.93,169.15,509.59,1,-1,-1,-1
638,353,242.98,113.23,78.72,238.05,1,-1,-1,-1
638,355,307.20,113.25,78.88,238.62,1,-1,-1,-1
638,356,90.80,-13.59,163.74,493.27,1,-1,-1,-1
639,353,242.95,113.27,78.70,238.00,1,-1,-1,-1
639,355,307.01,113.22,78.89,238.66,1,-1,-1,-1
640,353,231.43,107.19,82.53,249.55,1,-1,-1,-1
640,355,296.19,113.19,78.91,238.70,1,-1,-1,-1
641,353,227.13,104.94,83.94,253.83,1,-1,-1,-1
641,355,292.00,113.17,78.92,238.74,1,-1,-1,-1
642,353,226.00,114.92,77.27,233.68,1,-1,-1,-1
642,355,290.37,113.15,78.93,238.77,1,-1,-1,-1
643,353,213.17,119.29,82.15,248.43,1,-1,-1,-1
643,355,289.71,113.13,78.94,238.80,1,-1,-1,-1
644,353,208.74,120.80,83.83,253.51,1,-1,-1,-1
644,355,286.53,118.03,75.42,228.19,1,-1,-1,-1
645,353,208.48,116.09,80.75,244.22,1,-1,-1,-1
645,355,277.47,114.88,77.68,234.99,1,-1,-1,-1
646,353,209.10,119.15,75.99,229.84,1,-1,-1,-1
646,355,274.22,113.74,78.49,237.46,1,-1,-1,-1
647,353,197.86,126.09,77.83,235.41,1,-1,-1,-1
647,355,268.13,122.10,72.03,217.94,1,-1,-1,-1
647,357,68.99,6.57,154.78,466.57,1,-1,-1,-1
648,353,193.92,128.52,78.49,237.41,1,-1,-1,-1
648,355,268.65,131.50,72.91,220.62,1,-1,-1,-1
648,357,66.10,2.43,157.85,475.80,1,-1,-1,-1
649,353,203.73,133.59,75.23,227.57,1,-1,-1,-1
649,355,268.85,134.75,73.23,221.59,1,-1,-1,-1
649,357,65.03,0.91,158.97,479.19,1,-1,-1,-1
650,353,206.86,141.24,67.53,204.31,1,-1,-1,-1
650,355,260.56,131.66,76.90,232.70,1,-1,-1,-1
650,357,64.76,0.53,159.26,480.05,1,-1,-1,-1
651,353,199.09,131.67,67.92,205.52,1,-1,-1,-1
651,355,256.05,124.88,74.80,226.36,1,-1,-1,-1
651,357,64.73,0.49,159.29,480.14,1,-1,-1,-1
652,353,196.50,128.43,68.07,205.98,1,-1,-1,-1
652,355,254.40,122.13,73.98,223.86,1,-1,-1,-1
652,357,64.76,0.54,159.26,480.03,1,-1,-1,-1
653,353,195.01,133.25,71.50,216.37,1,-1,-1,-1
653,355,251.82,134.30,70.37,212.98,1,-1,-1,-1
653,357,64.80,0.60,159.22,479.89,1,-1,-1,-1
654,353,195.08,138.24,69.51,210.37,1,-1,-1,-1
654,355,250.97,138.88,69.03,208.92,1,-1,-1,-1
654,357,61.88,0.66,151.91,457.86,1,-1,-1,-1
655,353,195.21,140.12,68.76,208.11,1,-1,-1,-1
655,355,250.75,140.47,68.56,207.53,1,-1,-1,-1
655,357,63.82,0.72,156.53,471.76,1,-1,-1,-1
656,353,194.72,137.45,71.82,217.39,1,-1,-1,-1
656,355,250.74,131.64,68.41,207.10,1,-1,-1,-1
656,357,64.51,0.76,158.17,476.68,1,-1,-1,-1
657,353,194.56,126.68,72.95,220.81,1,-1,-1,-1
657,355,260.13,128.31,68.38,207.02,1,-1,-1,-1
657,357,64.78,0.79,158.79,478.53,1,-1,-1,-1
658,353,194.54,122.49,73.39,222.15,1,-1,-1,-1
658,355,263.67,127.05,68.39,207.06,1,-1,-1,-1
658,357,64.90,0.82,159.01,479.18,1,-1,-1,-1
659,353,204.33,124.80,70.30,212.80,1,-1,-1,-1
659,355,274.28,126.58,68.42,207.14,1,-1,-1,-1
659,357,77.90,0.84,145.37,438.09,1,-1,-1,-1
660,353,194.60,122.16,79.82,241.60,1,-1,-1,-1
660,355,268.98,126.40,68.44,207.23,1,-1,-1,-1
660,357,82.92,20.07,140.09,422.19,1,-1,-1,-1
661,353,193.29,126.25,79.57,240.82,1,-1,-1,-1
661,355,269.67,122.40,71.76,217.27,1,-1,-1,-1
661,357,88.76,28.16,145.10,437.27,1,-1,-1,-1
662,353,192.80,127.98,79.41,240.34,1,-1,-1,-1
662,355,272.60,127.78,66.75,202.13,1,-1,-1,-1
662,357,90.78,30.97,146.89,442.68,1,-1,-1,-1
663,353,192.65,128.66,79.33,240.08,1,-1,-1,-1
663,355,272.74,133.90,59.10,179.00,1,-1,-1,-1
663,357,100.95,46.59,134.83,406.36,1,-1,-1,-1
664,353,207.55,134.00,64.04,193.87,1,-1,-1,-1
664,355,267.99,128.85,65.40,198.09,1,-1,-1,-1
664,357,77.24,16.58,150.83,454.56,1,-1,-1,-1
664,358,29.22,125.17,69.68,210.93,1,-1,-1,-1
665,353,216.06,134.45,60.66,183.67,1,-1,-1,-1
665,355,275.54,127.24,67.40,204.14,1,-1,-1,-1
665,357,85.77,25.80,149.30,449.95,1,-1,-1,-1
665,358,20.61,108.48,81.42,246.46,1,-1,-1,-1
666,353,211.73,130.85,72.94,220.85,1,-1,-1,-1
666,355,274.78,129.61,65.18,197.42,1,-1,-1,-1
666,357,89.23,29.53,148.66,448.02,1,-1,-1,-1
666,358,5.41,102.93,85.32,258.27,1,-1,-1,-1
667,353,210.37,119.62,76.94,232.92,1,-1,-1,-1
667,355,278.24,127.47,67.40,204.17,1,-1,-1,-1
667,357,90.51,11.13,148.42,447.28,1,-1,-1,-1
667,358,-13.11,93.74,90.63,274.31,1,-1,-1,-1
668,353,219.22,132.40,71.99,217.95,1,-1,-1,-1
668,355,279.48,126.69,68.22,206.63,1,-1,-1,-1
668,357,105.38,22.60,141.74,427.15,1,-1,-1,-1
669,353,221.48,131.49,66.79,202.22,1,-1,-1,-1
669,355,284.70,129.42,65.49,198.39,1,-1,-1,-1
669,357,96.28,8.25,145.90,439.70,1,-1,-1,-1
670,353,223.58,128.01,67.99,205.88,1,-1,-1,-1
670,355,286.66,130.49,64.43,195.20,1,-1,-1,-1
670,357,112.62,3.09,147.41,444.23,1,-1,-1,-1
670,360,38.25,75.57,92.25,278.65,1,-1,-1,-1
671,353,229.25,140.15,62.48,189.24,1,-1,-1,-1
671,355,287.33,130.87,64.05,194.05,1,-1,-1,-1
671,357,113.50,19.52,141.43,426.22,1,-1,-1,-1
671,360,39.93,78.88,96.36,291.06,1,-1,-1,-1
672,353,233.78,143.12,63.32,191.79,1,-1,-1,-1
672,355,287.52,139.67,63.92,193.66,1,-1,-1,-1
672,357,113.67,25.93,139.12,419.29,1,-1,-1,-1
672,360,25.38,79.95,97.69,295.06,1,-1,-1,-1
673,353,241.04,145.83,60.73,183.98,1,-1,-1,-1
673,355,287.54,134.29,63.88,193.55,1,-1,-1,-1
673,357,113.64,28.25,138.30,416.83,1,-1,-1,-1
673,360,5.98,55.27,108.79,328.60,1,-1,-1,-1
674,353,239.80,133.07,65.86,199.52,1,-1,-1,-1
674,355,282.66,129.18,66.94,202.83,1,-1,-1,-1
674,357,125.88,27.82,131.83,397.34,1,-1,-1,-1
674,360,-0.36,49.27,117.97,356.28,1,-1,-1,-1
675,353,237.48,131.59,64.66,195.88,1,-1,-1,-1
675,355,280.98,132.50,62.26,188.67,1,-1,-1,-1
675,357,117.82,28.86,135.74,409.14,1,-1,-1,-1
676,353,238.79,142.41,58.63,177.64,1,-1,-1,-1
676,355,276.26,131.52,63.31,191.85,1,-1,-1,-1
676,357,114.91,29.21,137.15,413.39,1,-1,-1,-1
677,353,239.16,146.58,56.32,170.70,1,-1,-1,-1
677,355,274.59,131.17,63.69,192.99,1,-1,-1,-1
677,357,99.29,30.63,144.31,434.96,1,-1,-1,-1
677,361,225.00,129.00,79.00,239.00,1,-1,-1,-1
678,355,273.97,131.04,63.83,193.45,1,-1,-1,-1
678,357,93.44,11.74,146.99,443.03,1,-1,-1,-1
678,361,224.06,137.70,71.08,215.05,1,-1,-1,-1
679,355,277.68,141.27,61.04,185.01,1,-1,-1,-1
679,357,91.19,23.82,148.02,446.13,1,-1,-1,-1
679,361,224.75,131.29,76.91,232.68,1,-1,-1,-1
679,353,239.10,147.67,55.59,168.49,1,-1,-1,-1
680,355,275.13,143.46,62.89,190.61,1,-1,-1,-1
680,357,90.36,28.51,148.40,447.26,1,-1,-1,-1
680,361,224.94,141.24,78.51,237.52,1,-1,-1,-1
680,353,238.81,147.44,55.64,168.68,1,-1,-1,-1
681,355,274.22,144.22,63.56,192.63,1,-1,-1,-1
681,357,90.09,30.29,148.52,447.61,1,-1,-1,-1
681,353,227.62,144.64,61.22,185.60,1,-1,-1,-1
682,355,269.81,146.14,60.98,184.83,1,-1,-1,-1
682,357,90.04,30.94,148.55,447.68,1,-1,-1,-1
682,353,215.91,141.28,66.20,200.69,1,-1,-1,-1
683,355,268.14,146.81,59.99,181.84,1,-1,-1,-1
683,357,90.05,31.16,148.54,447.65,1,-1,-1,-1
683,353,217.17,143.94,62.49,189.45,1,-1,-1,-1
683,363,373.97,101.85,96.13,290.51,1,-1,-1,-1
684,355,271.70,136.60,62.52,189.52,1,-1,-1,-1
684,357,104.46,29.89,141.96,427.83,1,-1,-1,-1
684,363,369.89,108.99,92.17,278.54,1,-1,-1,-1
685,355,268.96,135.10,60.63,183.80,1,-1,-1,-1
685,357,110.03,29.37,139.41,420.17,1,-1,-1,-1
685,363,368.47,111.47,90.79,274.37,1,-1,-1,-1
686,355,267.92,134.53,59.89,181.57,1,-1,-1,-1
686,357,112.04,29.16,138.49,417.40,1,-1,-1,-1
686,363,368.15,112.04,90.48,273.42,1,-1,-1,-1
687,355,267.56,134.33,59.63,180.79,1,-1,-1,-1
687,357,112.74,29.07,138.17,416.44,1,-1,-1,-1
687,363,368.12,112.08,90.45,273.35,1,-1,-1,-1
687,364,4.51,81.18,94.86,286.82,1,-1,-1,-1
688,355,263.07,135.85,56.86,172.42,1,-1,-1,-1
688,357,98.43,30.35,144.70,436.11,1,-1,-1,-1
688,353,209.06,132.30,63.90,193.73,1,-1,-1,-1
689,355,261.27,132.51,61.48,186.41,1,-1,-1,-1
689,357,107.36,29.52,140.62,423.84,1,-1,-1,-1
690,355,260.63,131.34,63.10,191.32,1,-1,-1,-1
690,357,96.35,30.50,145.65,438.96,1,-1,-1,-1
690,363,356.50,100.84,96.56,291.79,1,-1,-1,-1
691,355,260.44,130.90,63.73,193.24,1,-1,-1,-1
691,357,92.32,30.85,147.49,444.50,1,-1,-1,-1
691,363,354.95,99.04,97.51,294.66,1,-1,-1,-1
692,355,260.40,130.75,63.97,193.96,1,-1,-1,-1
692,357,110.35,30.97,148.18,446.59,1,-1,-1,-1
692,363,354.47,98.46,97.83,295.62,1,-1,-1,-1
692,364,51.57,129.66,64.93,196.37,1,-1,-1,-1
693,355,256.94,132.96,61.23,185.65,1,-1,-1,-1
693,357,112.01,29.70,141.89,427.64,1,-1,-1,-1
693,363,357.30,89.03,102.57,309.91,1,-1,-1,-1
693,364,43.08,121.23,63.42,191.80,1,-1,-1,-1
694,355,255.66,125.73,60.15,182.40,1,-1,-1,-1
694,357,112.60,29.19,139.44,420.25,1,-1,-1,-1
694,363,355.56,94.69,99.75,301.40,1,-1,-1,-1
694,364,41.88,120.05,62.80,189.96,1,-1,-1,-1
695,355,258.93,125.21,57.08,173.10,1,-1,-1,-1
695,357,112.78,28.99,138.54,417.56,1,-1,-1,-1
695,364,33.33,115.50,66.11,199.99,1,-1,-1,-1
696,355,260.22,132.74,55.93,169.63,1,-1,-1,-1
696,357,118.17,30.25,144.86,436.58,1,-1,-1,-1
696,364,21.51,119.42,70.71,213.93,1,-1,-1,-1
697,355,265.15,133.87,58.24,176.65,1,-1,-1,-1
697,357,133.06,29.41,140.69,424.04,1,-1,-1,-1
697,364,7.26,115.82,75.99,229.89,1,-1,-1,-1
697,363,350.47,93.03,92.41,279.22,1,-1,-1,-1
698,355,266.94,134.28,59.09,179.21,1,-1,-1,-1
698,357,138.82,29.07,139.04,419.07,1,-1,-1,-1
698,363,339.86,97.77,95.74,289.28,1,-1,-1,-1
699,355,263.13,132.17,62.26,188.82,1,-1,-1,-1
699,357,140.85,28.94,138.43,417.25,1,-1,-1,-1
699,363,338.48,89.96,101.42,306.40,1,-1,-1,-1
700,357,148.16,30.22,144.84,436.54,1,-1,-1,-1
700,363,345.35,103.79,94.73,286.20,1,-1,-1,-1
701,357,144.26,29.39,140.72,424.14,1,-1,-1,-1
701,363,338.62,101.38,96.44,291.37,1,-1,-1,-1
702,357,142.52,29.05,139.08,419.20,1,-1,-1,-1
702,363,333.54,108.29,92.73,280.16,1,-1,-1,-1
702,364,9.55,146.64,54.02,163.52,1,-1,-1,-1
703,357,152.83,44.97,132.30,398.77,1,-1,-1,-1
703,364,10.09,156.87,49.18,148.95,1,-1,-1,-1
704,357,156.60,50.97,129.75,391.11,1,-1,-1,-1
705,357,146.68,36.84,135.11,407.28,1,-1,-1,-1
706,357,143.03,31.70,137.07,413.18,1,-1,-1,-1
706,366,55.87,103.89,84.74,256.23,1,-1,-1,-1
707,357,128.52,31.03,144.39,435.24,1,-1,-1,-1
707,366,41.95,95.42,89.45,270.46,1,-1,-1,-1
708,357,123.05,30.79,147.15,443.52,1,-1,-1,-1
708,366,37.24,92.55,91.04,275.27,1,-1,-1,-1
709,357,115.71,29.41,141.72,427.16,1,-1,-1,-1
709,366,23.61,82.23,96.23,290.96,1,-1,-1,-1
710,357,112.91,28.89,139.54,420.60,1,-1,-1,-1
710,366,5.47,78.86,97.93,296.07,1,-1,-1,-1
711,357,111.93,28.71,138.72,418.15,1,-1,-1,-1
712,357,118.11,42.34,126.52,381.38,1,-1,-1,-1
713,357,113.91,33.43,134.16,404.42,1,-1,-1,-1
714,357,112.48,30.40,136.76,412.25,1,-1,-1,-1
714,366,12.91,95.71,80.98,244.84,1,-1,-1,-1
715,357,111.98,29.24,137.78,415.32,1,-1,-1,-1
715,366,15.37,85.57,78.92,238.64,1,-1,-1,-1
716,357,124.03,27.58,132.05,398.05,1,-1,-1,-1
716,366,16.76,87.11,82.30,248.86,1,-1,-1,-1
717,357,128.72,26.97,129.83,391.40,1,-1,-1,-1
717,366,17.26,87.60,83.48,252.40,1,-1,-1,-1
718,357,130.44,44.17,129.04,389.02,1,-1,-1,-1
718,366,6.02,69.74,92.50,279.66,1,-1,-1,-1
719,357,141.39,48.21,122.99,370.80,1,-1,-1,-1
719,366,1.96,75.95,95.78,289.56,1,-1,-1,-1
720,357,145.47,49.65,120.75,364.06,1,-1,-1,-1
720,366,0.48,68.43,101.64,307.24,1,-1,-1,-1
721,357,142.73,36.18,132.10,398.27,1,-1,-1,-1
721,366,-0.06,62.82,99.39,300.40,1,-1,-1,-1
722,357,135.71,46.96,130.14,392.37,1,-1,-1,-1
722,366,-0.07,51.52,107.97,326.30,1,-1,-1,-1
723,357,143.05,49.00,123.60,372.69,1,-1,-1,-1
723,366,-0.07,47.36,111.14,335.82,1,-1,-1,-1
724,357,145.81,49.71,121.12,365.21,1,-1,-1,-1
724,366,-16.58,33.44,123.06,371.77,1,-1,-1,-1
725,357,142.64,36.07,132.30,398.93,1,-1,-1,-1
726,357,145.46,44.48,124.75,376.16,1,-1,-1,-1
727,357,146.53,47.96,121.63,366.76,1,-1,-1,-1
728,357,146.88,49.22,120.50,363.38,1,-1,-1,-1
728,355,264.84,148.80,51.89,157.46,1,-1,-1,-1
729,357,146.97,49.66,120.11,362.21,1,-1,-1,-1
729,355,262.15,148.42,54.53,165.49,1,-1,-1,-1
730,357,146.97,49.79,119.99,361.86,1,-1,-1,-1
730,355,263.88,155.92,52.69,159.95,1,-1,-1,-1
731,357,146.93,49.82,119.97,361.82,1,-1,-1,-1
732,357,136.58,69.38,125.74,379.22,1,-1,-1,-1
733,357,136.47,70.02,116.98,352.81,1,-1,-1,-1
734,357,132.59,76.91,124.83,376.47,1,-1,-1,-1
735,357,131.23,79.31,127.57,384.73,1,-1,-1,-1
736,357,130.74,63.17,128.63,387.92,1,-1,-1,-1
737,357,130.59,56.83,129.02,389.10,1,-1,-1,-1
737,355,254.64,159.40,51.84,157.41,1,-1,-1,-1
738,357,130.56,54.38,129.15,389.49,1,-1,-1,-1
738,355,256.00,158.96,49.36,149.90,1,-1,-1,-1
739,357,134.35,63.88,118.17,356.41,1,-1,-1,-1
739,355,257.28,164.14,46.31,140.70,1,-1,-1,-1
740,357,126.01,70.91,119.38,360.05,1,-1,-1,-1
740,355,256.96,160.61,47.47,144.24,1,-1,-1,-1
741,357,132.72,70.11,114.43,345.16,1,-1,-1,-1
741,355,263.44,159.37,47.88,145.50,1,-1,-1,-1
742,357,135.34,69.71,112.59,339.60,1,-1,-1,-1
742,355,260.12,164.11,45.87,139.43,1,-1,-1,-1
743,357,136.29,69.52,111.95,337.69,1,-1,-1,-1
743,355,258.84,165.90,45.12,137.17,1,-1,-1,-1
744,357,136.64,69.41,111.75,337.12,1,-1,-1,-1
744,355,258.38,166.52,44.86,136.42,1,-1,-1,-1
745,357,136.77,69.34,111.72,337.03,1,-1,-1,-1
746,357,127.16,72.52,117.13,353.35,1,-1,-1,-1
747,357,129.34,60.12,124.79,376.44,1,-1,-1,-1
748,357,148.42,65.58,116.95,352.81,1,-1,-1,-1
748,367,113.57,113.54,67.67,205.13,1,-1,-1,-1
749,357,147.60,71.11,119.13,359.38,1,-1,-1,-1
749,367,107.06,116.88,64.88,196.66,1,-1,-1,-1
750,357,162.61,80.78,109.65,330.80,1,-1,-1,-1
750,367,105.29,108.23,71.45,216.57,1,-1,-1,-1
751,357,168.38,84.50,105.94,319.62,1,-1,-1,-1
751,367,98.77,99.52,77.24,234.12,1,-1,-1,-1
752,357,176.00,81.92,99.88,301.37,1,-1,-1,-1
752,367,96.50,96.46,79.28,240.26,1,-1,-1,-1
753,357,187.40,70.27,102.56,309.48,1,-1,-1,-1
753,367,88.94,88.60,83.74,253.75,1,-1,-1,-1
754,357,195.94,76.51,98.82,298.22,1,-1,-1,-1
754,367,90.30,77.74,89.34,270.68,1,-1,-1,-1
755,357,198.92,78.90,97.47,294.17,1,-1,-1,-1
755,367,86.94,81.57,87.48,265.02,1,-1,-1,-1
756,357,204.37,72.36,106.88,322.58,1,-1,-1,-1
756,367,77.76,75.42,90.54,274.23,1,-1,-1,-1
757,357,211.09,80.75,105.36,317.99,1,-1,-1,-1
757,367,65.06,63.87,95.87,290.31,1,-1,-1,-1
758,357,208.56,73.14,109.75,331.23,1,-1,-1,-1
758,367,51.47,50.67,107.15,324.38,1,-1,-1,-1
759,357,215.95,77.42,101.89,307.55,1,-1,-1,-1
759,367,33.19,32.53,116.55,352.73,1,-1,-1,-1
760,357,218.57,79.13,98.75,298.09,1,-1,-1,-1
760,367,25.82,25.24,120.32,364.04,1,-1,-1,-1
761,357,219.36,79.73,97.64,294.76,1,-1,-1,-1
761,367,7.82,7.28,127.14,384.58,1,-1,-1,-1
762,357,219.50,79.93,97.27,293.64,1,-1,-1,-1
763,357,219.41,79.99,97.16,293.34,1,-1,-1,-1
764,357,215.57,69.68,101.84,307.47,1,-1,-1,-1
765,357,227.88,79.68,103.58,312.70,1,-1,-1,-1
766,357,228.67,72.72,109.19,329.64,1,-1,-1,-1
766,371,198.81,154.87,41.26,125.89,1,-1,-1,-1
767,357,219.09,67.16,106.45,321.36,1,-1,-1,-1
767,371,194.41,153.46,39.55,120.68,1,-1,-1,-1
768,357,215.10,64.97,105.32,317.95,1,-1,-1,-1
768,371,186.49,149.04,43.57,132.92,1,-1,-1,-1
769,357,217.19,74.40,100.24,302.62,1,-1,-1,-1
769,371,184.11,147.72,44.80,136.67,1,-1,-1,-1
770,357,217.92,78.04,98.29,296.77,1,-1,-1,-1
770,371,180.88,152.50,43.06,131.35,1,-1,-1,-1
771,357,218.15,79.36,97.60,294.68,1,-1,-1,-1
771,371,169.66,149.23,44.47,135.66,1,-1,-1,-1
772,357,209.54,72.54,107.08,323.31,1,-1,-1,-1
772,371,161.14,141.46,49.52,151.03,1,-1,-1,-1
773,357,214.73,77.07,101.18,305.50,1,-1,-1,-1
773,371,157.56,139.06,49.12,149.78,1,-1,-1,-1
774,357,216.86,78.96,98.71,298.04,1,-1,-1,-1
774,371,149.97,138.22,48.86,148.96,1,-1,-1,-1
775,357,217.62,79.64,97.80,295.32,1,-1,-1,-1
775,371,147.37,137.56,51.02,155.51,1,-1,-1,-1
776,357,217.88,79.88,97.48,294.35,1,-1,-1,-1
776,371,139.67,137.36,51.82,157.90,1,-1,-1,-1
777,357,214.28,83.71,102.05,308.15,1,-1,-1,-1
777,371,135.95,136.40,54.52,166.08,1,-1,-1,-1
778,357,216.54,94.27,99.16,299.43,1,-1,-1,-1
778,371,134.65,136.07,55.54,169.14,1,-1,-1,-1
779,357,232.21,106.23,93.64,282.79,1,-1,-1,-1
779,371,132.85,134.47,58.49,178.05,1,-1,-1,-1
780,357,223.02,102.62,96.02,289.98,1,-1,-1,-1
780,371,130.12,131.71,62.34,189.73,1,-1,-1,-1
781,357,234.42,96.94,92.54,279.49,1,-1,-1,-1
781,371,129.15,122.44,63.84,194.22,1,-1,-1,-1
782,357,239.50,102.04,87.10,263.09,1,-1,-1,-1
782,371,120.64,127.06,64.39,195.82,1,-1,-1,-1
783,357,238.80,87.37,93.80,283.32,1,-1,-1,-1
783,371,117.42,128.98,64.55,196.26,1,-1,-1,-1
784,357,240.92,98.03,87.84,265.35,1,-1,-1,-1
784,371,108.34,122.98,70.75,215.00,1,-1,-1,-1
784,373,196.00,126.36,68.64,207.93,1,-1,-1,-1
785,357,241.62,102.32,85.48,258.23,1,-1,-1,-1
785,371,99.62,116.07,76.41,232.13,1,-1,-1,-1
785,373,181.43,116.06,76.55,231.88,1,-1,-1,-1
786,357,241.81,115.43,84.66,255.78,1,-1,-1,-1
786,371,86.23,103.33,78.67,238.90,1,-1,-1,-1
786,373,176.44,112.54,79.26,240.07,1,-1,-1,-1
787,357,241.06,113.56,88.52,267.44,1,-1,-1,-1
787,371,73.76,102.56,83.12,252.29,1,-1,-1,-1
787,373,167.65,110.43,88.43,267.83,1,-1,-1,-1
788,357,251.94,113.96,82.16,248.27,1,-1,-1,-1
788,371,58.17,102.33,84.84,257.43,1,-1,-1,-1
788,373,160.99,110.93,83.68,253.43,1,-1,-1,-1
789,357,245.26,107.72,83.59,252.61,1,-1,-1,-1
789,371,41.22,102.34,85.46,259.22,1,-1,-1,-1
789,373,143.71,102.11,94.02,284.69,1,-1,-1,-1
790,357,242.81,111.57,80.30,242.70,1,-1,-1,-1
790,371,24.58,95.41,89.53,271.49,1,-1,-1,-1
790,373,124.95,99.03,97.63,295.60,1,-1,-1,-1
791,357,241.82,112.98,79.10,239.09,1,-1,-1,-1
791,371,6.65,92.78,91.08,276.10,1,-1,-1,-1
791,373,109.63,88.89,103.42,313.07,1,-1,-1,-1
792,357,241.43,124.23,78.70,237.91,1,-1,-1,-1
792,373,94.34,74.44,110.38,334.06,1,-1,-1,-1
793,357,229.84,122.94,82.43,249.17,1,-1,-1,-1
793,373,71.35,79.30,108.28,327.64,1,-1,-1,-1
794,357,226.29,117.14,80.06,242.02,1,-1,-1,-1
794,373,50.85,70.91,112.01,338.87,1,-1,-1,-1
795,357,224.97,114.76,79.16,239.32,1,-1,-1,-1
795,373,14.43,42.18,129.98,393.10,1,-1,-1,-1
795,375,416.87,26.99,128.96,388.88,1,-1,-1,-1
796,357,224.54,124.54,78.85,238.40,1,-1,-1,-1
796,375,416.87,26.99,128.96,388.88,1,-1,-1,-1
797,357,224.35,122.41,75.21,227.42,1,-1,-1,-1
797,375,418.46,28.44,136.18,410.65,1,-1,-1,-1
798,357,224.43,116.47,77.48,234.30,1,-1,-1,-1
798,375,417.47,27.54,131.69,397.11,1,-1,-1,-1
799,357,224.40,119.25,74.78,226.16,1,-1,-1,-1
800,357,222.38,118.63,67.31,203.60,1,-1,-1,-1
800,377,57.99,150.62,43.68,133.27,1,-1,-1,-1
800,378,98.60,161.00,39.00,119.00,1,-1,-1,-1
800,379,162.51,171.61,37.88,115.89,1,-1,-1,-1
801,357,212.74,114.88,74.98,226.81,1,-1,-1,-1
801,377,57.25,158.33,40.21,122.67,1,-1,-1,-1
801,378,91.20,161.00,39.00,119.00,1,-1,-1,-1
801,379,155.52,169.67,38.64,118.20,1,-1,-1,-1
801,380,279.58,28.86,138.29,416.86,1,-1,-1,-1
802,357,219.16,122.33,70.78,214.13,1,-1,-1,-1
802,377,56.99,161.13,38.94,118.82,1,-1,-1,-1
802,378,82.50,161.00,39.00,119.00,1,-1,-1,-1
802,379,154.76,171.59,41.05,125.56,1,-1,-1,-1
802,380,279.58,28.86,138.29,416.86,1,-1,-1,-1
803,357,222.69,121.33,72.47,219.25,1,-1,-1,-1
803,377,56.34,158.87,43.14,131.61,1,-1,-1,-1
803,378,86.00,161.00,39.00,119.00,1,-1,-1,-1
803,379,152.94,175.50,39.83,121.80,1,-1,-1,-1
803,380,279.58,28.86,138.29,416.86,1,-1,-1,-1
804,357,223.97,120.96,73.08,221.12,1,-1,-1,-1
804,377,56.14,158.17,44.43,135.55,1,-1,-1,-1
804,378,87.42,166.79,39.00,119.00,1,-1,-1,-1
804,379,158.20,176.91,39.30,120.18,1,-1,-1,-1
804,380,288.85,44.35,124.83,376.28,1,-1,-1,-1
805,357,224.55,115.88,76.85,232.54,1,-1,-1,-1
805,377,62.39,157.81,44.90,136.97,1,-1,-1,-1
805,379,160.09,177.34,39.10,119.56,1,-1,-1,-1
805,380,291.88,49.40,120.43,363.03,1,-1,-1,-1
806,357,234.40,118.80,74.81,226.36,1,-1,-1,-1
806,377,67.59,156.36,42.99,131.14,1,-1,-1,-1
806,379,166.31,177.43,39.02,119.31,1,-1,-1,-1
806,380,310.49,50.76,119.24,359.47,1,-1,-1,-1
807,357,248.21,119.96,74.00,223.91,1,-1,-1,-1
807,377,69.49,155.76,42.24,128.85,1,-1,-1,-1
807,379,170.96,174.34,40.92,125.08,1,-1,-1,-1
807,380,316.44,51.02,119.01,358.80,1,-1,-1,-1
808,357,253.32,120.38,73.70,223.02,1,-1,-1,-1
808,379,174.71,169.17,43.61,133.28,1,-1,-1,-1
808,380,335.06,48.67,113.43,341.99,1,-1,-1,-1
808,378,75.08,149.99,44.39,135.41,1,-1,-1,-1
809,357,265.04,130.43,73.60,222.72,1,-1,-1,-1
809,379,182.04,167.20,44.63,136.35,1,-1,-1,-1
809,380,341.41,49.92,117.30,353.67,1,-1,-1,-1
809,378,77.48,148.62,47.11,143.68,1,-1,-1,-1
810,357,275.85,137.44,70.28,212.69,1,-1,-1,-1
810,379,187.96,170.41,43.03,131.44,1,-1,-1,-1
810,380,343.42,66.76,118.67,357.82,1,-1,-1,-1
810,378,86.78,153.59,46.01,140.32,1,-1,-1,-1
811,357,283.20,126.63,72.37,219.04,1,-1,-1,-1
811,379,193.06,167.67,44.38,135.53,1,-1,-1,-1
811,380,360.27,41.34,125.11,377.24,1,-1,-1,-1
811,378,88.50,150.10,47.66,145.32,1,-1,-1,-1
811,375,474.15,29.11,138.19,416.68,1,-1,-1,-1
812,357,285.76,122.73,73.13,221.34,1,-1,-1,-1
812,379,194.86,166.66,44.87,137.00,1,-1,-1,-1
812,380,366.25,31.95,127.50,384.44,1,-1,-1,-1
812,378,97.16,154.29,46.17,140.74,1,-1,-1,-1
813,357,286.54,121.23,73.43,222.24,1,-1,-1,-1
813,379,189.41,166.30,45.05,137.49,1,-1,-1,-1
813,380,385.31,28.33,128.44,387.27,1,-1,-1,-1
813,378,100.62,156.02,45.53,138.78,1,-1,-1,-1
814,357,296.52,120.65,73.55,222.60,1,-1,-1,-1
814,379,187.19,166.18,45.10,137.62,1,-1,-1,-1
814,380,392.23,27.00,128.80,388.36,1,-1,-1,-1
814,378,100.21,151.09,47.42,144.52,1,-1,-1,-1
815,357,305.30,133.56,70.32,212.84,1,-1,-1,-1
815,379,186.25,166.16,45.10,137.60,1,-1,-1,-1
815,380,394.47,26.54,128.93,388.77,1,-1,-1,-1
815,378,101.69,154.76,46.01,140.21,1,-1,-1,-1
816,357,308.40,138.50,69.08,209.13,1,-1,-1,-1
816,379,188.05,161.03,47.23,144.05,1,-1,-1,-1
816,380,395.09,27.65,135.11,407.39,1,-1,-1,-1
816,378,94.01,150.64,47.58,144.95,1,-1,-1,-1
817,357,309.35,130.91,68.65,207.82,1,-1,-1,-1
817,379,182.33,159.11,48.02,146.44,1,-1,-1,-1
817,380,393.96,10.03,143.87,433.76,1,-1,-1,-1
817,378,88.47,142.29,50.42,153.57,1,-1,-1,-1
817,386,266.87,193.33,27.28,83.85,1,-1,-1,-1
817,387,233.00,169.00,39.00,119.00,1,-1,-1,-1
818,357,314.27,124.10,71.82,217.41,1,-1,-1,-1
818,380,393.34,3.28,147.22,443.86,1,-1,-1,-1
818,378,89.00,145.85,49.27,150.04,1,-1,-1,-1
818,386,262.92,189.95,28.81,88.55,1,-1,-1,-1
818,387,233.00,169.00,39.00,119.00,1,-1,-1,-1
819,357,315.99,121.60,72.99,220.95,1,-1,-1,-1
819,380,411.94,0.71,142.07,428.32,1,-1,-1,-1
819,378,83.11,139.51,53.51,162.91,1,-1,-1,-1
819,386,258.20,173.74,36.48,112.09,1,-1,-1,-1
819,387,232.65,165.04,41.20,125.70,1,-1,-1,-1
819,379,173.34,159.24,50.94,155.28,1,-1,-1,-1
820,357,320.94,124.54,70.19,212.49,1,-1,-1,-1
820,380,419.08,-0.14,146.51,441.68,1,-1,-1,-1
820,387,224.60,165.62,44.09,134.53,1,-1,-1,-1
820,379,164.35,159.63,53.94,164.37,1,-1,-1,-1
820,377,80.08,148.90,48.04,146.45,1,-1,-1,-1
821,357,318.05,121.73,72.42,219.24,1,-1,-1,-1
821,380,421.59,-0.40,148.13,446.56,1,-1,-1,-1
821,387,217.47,164.15,42.98,131.12,1,-1,-1,-1
821,379,152.84,151.52,57.62,175.48,1,-1,-1,-1
821,377,73.12,140.74,53.02,161.55,1,-1,-1,-1
822,357,310.73,115.85,76.71,232.23,1,-1,-1,-1
822,387,208.97,163.67,42.44,129.48,1,-1,-1,-1
822,379,138.55,146.73,61.77,188.04,1,-1,-1,-1
822,377,67.76,138.76,52.46,159.76,1,-1,-1,-1
822,386,243.12,176.49,38.88,119.43,1,-1,-1,-1
823,357,313.98,128.05,74.91,226.78,1,-1,-1,-1
823,387,200.20,169.44,42.22,128.78,1,-1,-1,-1
823,379,126.37,139.43,69.41,211.20,1,-1,-1,-1
823,377,65.53,144.85,52.18,158.89,1,-1,-1,-1
823,386,241.31,183.61,38.76,118.99,1,-1,-1,-1
824,357,315.14,132.98,74.16,224.51,1,-1,-1,-1
824,387,197.21,165.74,42.11,128.44,1,-1,-1,-1
824,379,116.61,139.59,69.39,211.04,1,-1,-1,-1
824,377,57.80,147.24,52.06,158.48,1,-1,-1,-1
824,386,240.72,180.48,38.73,118.85,1,-1,-1,-1
825,357,315.49,134.82,73.87,223.63,1,-1,-1,-1
825,387,189.59,160.78,46.29,141.17,1,-1,-1,-1
825,379,108.29,136.58,72.45,220.24,1,-1,-1,-1
825,377,49.97,140.31,54.45,165.69,1,-1,-1,-1
825,386,235.17,179.20,38.73,118.81,1,-1,-1,-1
826,357,315.54,125.62,73.76,223.29,1,-1,-1,-1
826,387,181.94,152.66,50.05,152.61,1,-1,-1,-1
826,379,99.80,131.40,76.97,233.88,1,-1,-1,-1
826,377,45.05,138.66,52.94,161.06,1,-1,-1,-1
826,386,233.17,178.60,38.75,118.82,1,-1,-1,-1
827,357,314.38,129.08,67.38,204.00,1,-1,-1,-1
827,387,172.35,149.48,51.52,157.04,1,-1,-1,-1
827,379,79.36,124.39,82.30,249.96,1,-1,-1,-1
827,377,31.42,135.52,57.40,174.60,1,-1,-1,-1
827,386,226.48,180.98,40.64,124.57,1,-1,-1,-1
828,357,310.08,127.28,68.07,206.11,1,-1,-1,-1
828,387,168.73,148.29,52.06,158.65,1,-1,-1,-1
828,379,62.92,115.53,88.21,267.78,1,-1,-1,-1
828,377,25.36,135.88,56.50,171.82,1,-1,-1,-1
828,386,218.45,181.81,41.36,126.70,1,-1,-1,-1
828,388,385.26,113.23,89.63,271.00,1,-1,-1,-1
829,357,313.31,122.70,71.63,216.87,1,-1,-1,-1
829,387,160.77,147.45,54.65,166.48,1,-1,-1,-1
829,379,46.67,104.67,94.63,287.11,1,-1,-1,-1
829,386,213.51,178.46,43.62,133.55,1,-1,-1,-1
829,388,386.58,111.75,90.55,273.79,1,-1,-1,-1
830,357,318.93,133.97,69.71,211.06,1,-1,-1,-1
830,387,149.65,146.17,58.18,177.17,1,-1,-1,-1
830,379,38.57,107.67,93.12,282.44,1,-1,-1,-1
830,386,208.82,178.87,46.57,142.51,1,-1,-1,-1
830,388,393.49,118.72,86.19,260.61,1,-1,-1,-1
830,389,289.00,169.00,39.00,119.00,1,-1,-1,-1
831,357,316.53,135.15,72.26,218.79,1,-1,-1,-1
831,387,137.75,145.71,59.55,181.27,1,-1,-1,-1
831,379,24.71,101.53,96.55,292.72,1,-1,-1,-1
831,386,203.12,173.66,49.93,152.71,1,-1,-1,-1
831,388,389.24,113.56,89.42,270.38,1,-1,-1,-1
831,389,289.00,169.00,39.00,119.00,1,-1,-1,-1
832,357,315.61,125.80,73.20,221.62,1,-1,-1,-1
832,387,128.16,132.74,65.72,199.99,1,-1,-1,-1
832,386,192.42,170.64,49.07,149.99,1,-1,-1,-1
832,388,379.55,103.50,95.13,287.61,1,-1,-1,-1
832,389,282.78,162.78,39.00,119.00,1,-1,-1,-1
832,390,109.12,29.71,103.11,311.44,1,-1,-1,-1
833,357,314.12,129.08,67.27,203.69,1,-1,-1,-1
833,387,115.83,127.76,68.11,207.18,1,-1,-1,-1
833,386,183.30,163.45,50.93,155.59,1,-1,-1,-1
833,388,376.13,99.98,97.12,293.63,1,-1,-1,-1
833,389,274.83,160.83,39.00,119.00,1,-1,-1,-1
833,390,101.83,52.71,98.86,298.60,1,-1,-1,-1
834,357,313.47,130.38,64.93,196.62,1,-1,-1,-1
834,387,106.70,122.07,72.14,219.34,1,-1,-1,-1
834,386,173.16,167.49,51.63,157.66,1,-1,-1,-1
834,388,374.93,98.79,97.81,295.68,1,-1,-1,-1
834,389,272.37,160.32,39.00,119.00,1,-1,-1,-1
834,390,88.26,47.42,102.92,310.84,1,-1,-1,-1
835,357,314.35,123.71,70.60,213.79,1,-1,-1,-1
835,387,87.92,115.22,77.03,234.11,1,-1,-1,-1
835,386,162.14,161.82,56.87,173.56,1,-1,-1,-1
835,388,374.58,98.47,97.99,296.23,1,-1,-1,-1
836,357,319.08,125.20,69.38,210.12,1,-1,-1,-1
836,387,84.19,106.87,82.50,250.61,1,-1,-1,-1
836,386,155.30,148.19,64.43,196.50,1,-1,-1,-1
836,388,382.31,106.34,93.63,283.02,1,-1,-1,-1
836,392,226.37,150.44,47.55,144.76,1,-1,-1,-1
836,389,271.59,160.23,39.00,119.00,1,-1,-1,-1
837,357,323.92,128.89,65.82,199.35,1,-1,-1,-1
837,387,75.32,96.75,88.46,268.57,1,-1,-1,-1
837,386,152.62,142.75,67.46,205.61,1,-1,-1,-1
837,388,390.83,101.44,96.35,291.23,1,-1,-1,-1
837,392,227.28,156.61,48.04,146.26,1,-1,-1,-1
837,389,277.42,160.41,39.00,119.00,1,-1,-1,-1
