2,974,1621.54,550.42,41.14,126.02,1,-1,-1,-1
2,976,501.41,533.84,31.79,98.06,1,-1,-1,-1
2,977,181.97,560.05,51.55,157.58,1,-1,-1,-1
2,979,1489.22,517.97,25.28,78.29,1,-1,-1,-1
3,974,1631.17,550.93,40.30,120.52,1,-1,-1,-1
3,976,503.15,552.26,30.39,91.54,1,-1,-1,-1
3,977,172.80,578.95,55.48,166.15,1,-1,-1,-1
4,974,1639.12,550.49,41.24,125.86,1,-1,-1,-1
4,976,501.61,547.38,31.00,95.14,1,-1,-1,-1
4,977,160.67,576.79,55.60,169.46,1,-1,-1,-1
5,974,1647.73,567.70,38.97,121.11,1,-1,-1,-1
5,976,496.68,540.99,30.90,96.12,1,-1,-1,-1
5,977,149.70,566.70,55.04,170.04,1,-1,-1,-1
6,974,1657.03,578.10,38.99,119.32,1,-1,-1,-1
6,976,495.35,552.07,33.11,101.54,1,-1,-1,-1
6,977,146.41,581.59,53.16,161.74,1,-1,-1,-1
7,976,493.96,543.44,33.72,103.45,1,-1,-1,-1
7,977,136.26,576.16,54.84,166.95,1,-1,-1,-1
7,958,1450.08,391.74,68.80,208.85,1,-1,-1,-1
8,976,494.87,550.98,33.89,103.96,1,-1,-1,-1
8,977,126.82,587.69,55.36,168.52,1,-1,-1,-1
8,984,1664.38,570.36,48.22,146.87,1,-1,-1,-1
8,979,1516.96,527.21,27.27,83.81,1,-1,-1,-1
9,976,492.19,551.31,30.80,95.05,1,-1,-1,-1
9,977,114.94,580.36,55.42,169.20,1,-1,-1,-1
9,986,18.89,736.44,38.93,119.18,1,-1,-1,-1
10,976,489.26,546.24,30.78,95.96,1,-1,-1,-1
10,977,104.23,566.92,54.68,169.30,1,-1,-1,-1
10,986,3.64,721.62,40.78,125.72,1,-1,-1,-1
10,988,1586.97,602.46,40.93,125.93,1,-1,-1,-1
10,984,1680.49,599.91,42.18,129.85,1,-1,-1,-1
11,976,487.18,553.20,32.07,96.06,1,-1,-1,-1
11,977,91.84,586.85,56.84,168.79,1,-1,-1,-1
11,974,1691.67,580.50,44.59,135.93,1,-1,-1,-1
12,989,184.66,584.15,59.71,181.07,1,-1,-1,-1
12,974,1698.76,590.01,43.16,131.20,1,-1,-1,-1
13,989,172.66,569.60,59.22,181.37,1,-1,-1,-1
13,974,1703.00,589.85,44.07,135.74,1,-1,-1,-1
13,976,481.84,538.32,33.31,102.12,1,-1,-1,-1
14,989,167.39,574.54,67.13,202.09,1,-1,-1,-1
14,974,1709.55,581.49,45.51,136.92,1,-1,-1,-1
14,976,480.48,544.56,34.18,103.26,1,-1,-1,-1
14,988,1612.48,592.42,41.96,127.63,1,-1,-1,-1
15,974,1718.89,586.69,45.37,137.60,1,-1,-1,-1
15,976,480.77,543.57,34.02,103.86,1,-1,-1,-1
15,988,1621.05,593.10,41.78,127.81,1,-1,-1,-1
15,958,1408.93,520.37,39.08,119.26,1,-1,-1,-1
16,974,1724.89,585.29,47.28,144.25,1,-1,-1,-1
16,976,479.91,544.65,30.80,95.14,1,-1,-1,-1
16,988,1629.17,600.23,41.58,127.84,1,-1,-1,-1
17,974,1733.24,581.76,48.62,146.58,1,-1,-1,-1
17,976,475.30,545.67,33.06,100.82,1,-1,-1,-1
18,974,1743.30,588.33,48.71,147.55,1,-1,-1,-1
18,954,516.69,540.75,34.37,106.94,1,-1,-1,-1
19,974,1754.29,595.01,46.54,141.30,1,-1,-1,-1
19,920,1424.56,527.53,39.07,119.62,1,-1,-1,-1
19,976,472.85,538.62,37.77,115.26,1,-1,-1,-1
20,974,1764.08,597.30,45.80,138.70,1,-1,-1,-1
20,920,1426.63,529.74,38.85,118.46,1,-1,-1,-1
21,974,1773.36,601.36,47.49,144.40,1,-1,-1,-1
21,962,1424.40,526.05,39.28,120.79,1,-1,-1,-1
21,976,467.91,543.37,34.99,106.81,1,-1,-1,-1
22,974,1783.00,595.89,48.25,146.43,1,-1,-1,-1
22,962,1433.09,530.06,38.83,118.42,1,-1,-1,-1
22,954,464.12,533.00,41.70,127.28,1,-1,-1,-1
23,974,1787.30,594.05,50.73,154.14,1,-1,-1,-1
23,976,464.89,538.86,38.21,116.55,1,-1,-1,-1
24,974,1795.37,591.90,51.98,156.93,1,-1,-1,-1
24,976,463.42,541.34,41.00,124.32,1,-1,-1,-1
25,974,1809.92,600.45,49.67,151.19,1,-1,-1,-1
25,976,458.77,549.28,39.86,121.78,1,-1,-1,-1
25,962,1442.37,538.25,38.90,118.55,1,-1,-1,-1
26,974,1817.34,603.29,51.09,155.80,1,-1,-1,-1
26,976,456.15,549.27,41.25,126.24,1,-1,-1,-1
26,962,1443.13,534.94,41.05,125.70,1,-1,-1,-1
27,974,1823.56,602.24,54.32,164.89,1,-1,-1,-1
27,976,454.47,550.70,41.97,127.86,1,-1,-1,-1
27,962,1448.02,542.06,40.02,122.25,1,-1,-1,-1
28,974,1833.17,601.58,55.48,168.25,1,-1,-1,-1
28,962,1450.00,538.94,39.50,120.65,1,-1,-1,-1
29,974,1844.06,611.20,55.53,169.66,1,-1,-1,-1
29,962,1456.12,544.77,39.05,120.11,1,-1,-1,-1
29,976,449.61,553.08,39.73,121.72,1,-1,-1,-1
30,974,1856.31,619.33,53.66,162.37,1,-1,-1,-1
30,962,1457.57,545.04,39.26,119.65,1,-1,-1,-1
31,962,1458.73,551.51,39.54,119.43,1,-1,-1,-1
31,920,1545.20,505.42,39.01,118.99,1,-1,-1,-1
31,976,439.80,574.72,41.80,126.37,1,-1,-1,-1
32,962,1463.99,558.48,38.95,119.47,1,-1,-1,-1
33,962,1465.95,545.86,38.97,119.52,1,-1,-1,-1
33,979,1553.25,497.10,38.97,118.91,1,-1,-1,-1
33,976,439.25,560.31,39.48,121.13,1,-1,-1,-1
34,962,1471.70,545.78,39.25,119.28,1,-1,-1,-1
34,979,1553.35,496.55,39.43,119.42,1,-1,-1,-1
34,976,437.98,561.36,41.34,125.50,1,-1,-1,-1
35,962,1474.00,543.98,38.84,119.32,1,-1,-1,-1
35,979,1559.09,494.89,39.04,119.74,1,-1,-1,-1
35,976,434.42,552.32,39.55,121.43,1,-1,-1,-1
36,962,1479.92,543.63,39.12,119.24,1,-1,-1,-1
36,976,432.51,552.88,39.34,119.73,1,-1,-1,-1
36,1000,1573.39,523.50,25.86,79.37,1,-1,-1,-1
36,988,1799.66,623.33,55.52,168.54,1,-1,-1,-1
37,962,1481.86,544.78,38.82,119.26,1,-1,-1,-1
37,976,430.08,543.11,40.79,124.91,1,-1,-1,-1
37,1000,1574.23,522.02,26.91,82.99,1,-1,-1,-1
37,988,1807.79,621.82,58.11,177.35,1,-1,-1,-1
38,962,1484.32,535.08,41.17,124.88,1,-1,-1,-1
38,976,425.49,550.33,40.04,121.00,1,-1,-1,-1
38,988,1820.26,620.25,57.33,172.62,1,-1,-1,-1
38,979,1568.94,481.35,41.65,126.75,1,-1,-1,-1
39,962,1489.15,542.76,39.41,121.55,1,-1,-1,-1
39,976,424.90,544.60,38.96,119.73,1,-1,-1,-1
39,979,1575.84,487.48,39.56,122.07,1,-1,-1,-1
40,962,1495.15,538.12,39.44,119.93,1,-1,-1,-1
40,976,423.60,546.09,39.23,119.06,1,-1,-1,-1
41,962,1503.39,543.96,38.96,119.42,1,-1,-1,-1
41,976,424.38,544.84,38.86,118.93,1,-1,-1,-1
42,962,1506.30,545.22,39.08,119.23,1,-1,-1,-1
42,976,421.39,549.00,40.92,124.65,1,-1,-1,-1
43,962,1509.93,543.92,40.86,124.79,1,-1,-1,-1
43,976,418.07,552.31,39.63,121.05,1,-1,-1,-1
43,979,1592.22,503.21,39.15,119.60,1,-1,-1,-1
44,962,1513.42,549.66,39.94,121.25,1,-1,-1,-1
44,976,413.25,551.96,41.31,125.42,1,-1,-1,-1
44,979,1595.67,493.72,41.21,125.25,1,-1,-1,-1
45,962,1518.61,551.45,40.97,125.61,1,-1,-1,-1
45,976,415.52,551.35,39.52,121.46,1,-1,-1,-1
45,979,1600.12,491.64,43.45,133.12,1,-1,-1,-1
46,962,1519.89,550.18,41.84,127.13,1,-1,-1,-1
46,976,410.23,553.77,39.36,119.73,1,-1,-1,-1
47,962,1527.28,557.99,39.93,122.10,1,-1,-1,-1
47,1000,1616.88,505.24,38.91,118.75,1,-1,-1,-1
48,962,1534.77,560.67,39.51,120.00,1,-1,-1,-1
48,1000,1622.91,504.58,39.59,120.05,1,-1,-1,-1
48,976,405.33,553.45,43.79,133.22,1,-1,-1,-1
49,962,1537.02,560.53,40.99,125.10,1,-1,-1,-1
49,976,406.71,558.00,40.77,124.81,1,-1,-1,-1
49,979,1623.90,529.12,33.12,101.32,1,-1,-1,-1
50,962,1537.87,558.26,41.73,126.88,1,-1,-1,-1
50,976,402.41,554.35,39.77,121.17,1,-1,-1,-1
50,979,1631.23,527.75,31.71,96.95,1,-1,-1,-1
50,949,337.21,552.90,39.06,119.36,1,-1,-1,-1
51,962,1543.89,566.55,39.93,121.95,1,-1,-1,-1
51,976,400.77,558.89,39.22,119.88,1,-1,-1,-1
51,1000,1633.86,505.41,39.29,119.94,1,-1,-1,-1
52,962,1551.39,568.43,39.38,119.98,1,-1,-1,-1
52,976,396.12,558.85,41.08,125.15,1,-1,-1,-1
52,979,1643.24,534.22,29.59,90.79,1,-1,-1,-1
53,962,1553.92,568.06,41.02,125.03,1,-1,-1,-1
53,976,394.79,558.50,41.68,127.06,1,-1,-1,-1
53,944,326.81,558.09,41.96,128.11,1,-1,-1,-1
53,1000,1641.55,505.23,39.15,119.37,1,-1,-1,-1
54,962,1560.29,567.28,41.66,126.86,1,-1,-1,-1
54,976,392.62,559.90,40.06,122.10,1,-1,-1,-1
54,944,328.61,553.35,39.01,118.92,1,-1,-1,-1
55,962,1563.81,563.98,43.87,133.62,1,-1,-1,-1
55,976,388.09,558.79,41.28,125.89,1,-1,-1,-1
55,944,328.39,553.66,38.66,117.99,1,-1,-1,-1
55,989,432.56,552.69,44.98,136.94,1,-1,-1,-1
55,979,1656.10,534.27,29.37,90.14,1,-1,-1,-1
56,962,1564.87,555.13,49.15,149.46,1,-1,-1,-1
56,976,384.84,560.32,39.87,121.62,1,-1,-1,-1
56,944,321.75,553.54,38.74,118.25,1,-1,-1,-1
56,979,1658.53,533.90,30.88,94.65,1,-1,-1,-1
57,976,379.48,558.63,41.28,125.67,1,-1,-1,-1
57,944,320.23,553.10,38.84,118.46,1,-1,-1,-1
57,979,1662.22,529.20,29.98,91.79,1,-1,-1,-1
58,976,376.68,554.40,39.84,121.50,1,-1,-1,-1
58,1003,496.97,552.19,22.32,68.98,1,-1,-1,-1
58,962,1573.75,550.44,51.48,156.28,1,-1,-1,-1
59,976,376.83,550.39,41.15,125.62,1,-1,-1,-1
59,1003,492.53,545.89,24.74,76.26,1,-1,-1,-1
59,962,1582.46,550.36,51.71,157.33,1,-1,-1,-1
59,944,310.19,549.68,41.38,126.25,1,-1,-1,-1
60,976,371.15,549.75,41.67,127.09,1,-1,-1,-1
60,962,1586.75,558.72,49.54,150.73,1,-1,-1,-1
60,944,308.42,549.50,41.96,127.91,1,-1,-1,-1
61,976,362.93,550.41,42.24,127.56,1,-1,-1,-1
61,962,1587.01,547.28,53.97,162.79,1,-1,-1,-1
61,944,304.20,552.75,40.58,122.43,1,-1,-1,-1
61,1000,1665.89,474.58,47.93,145.69,1,-1,-1,-1
62,976,366.55,549.71,39.68,122.23,1,-1,-1,-1
62,962,1593.79,551.60,52.09,159.95,1,-1,-1,-1
62,944,304.28,545.19,39.18,120.47,1,-1,-1,-1
63,976,361.66,567.09,42.35,125.46,1,-1,-1,-1
63,962,1605.23,547.43,49.37,144.00,1,-1,-1,-1
63,944,297.95,567.44,40.34,119.14,1,-1,-1,-1
64,976,359.18,546.26,43.19,133.21,1,-1,-1,-1
64,962,1607.11,561.77,49.99,153.08,1,-1,-1,-1
64,1004,409.17,553.16,39.04,121.06,1,-1,-1,-1
64,979,1688.87,513.27,38.59,117.76,1,-1,-1,-1
65,976,353.41,555.65,42.78,129.84,1,-1,-1,-1
65,1004,404.27,558.38,41.44,126.22,1,-1,-1,-1
65,979,1689.35,506.20,39.44,119.31,1,-1,-1,-1
65,944,286.46,553.25,43.67,133.49,1,-1,-1,-1
66,976,351.99,567.96,40.99,122.57,1,-1,-1,-1
66,1004,403.28,567.27,42.41,127.81,1,-1,-1,-1
66,979,1695.55,502.19,40.07,119.75,1,-1,-1,-1
66,944,286.38,567.41,41.67,124.36,1,-1,-1,-1
67,976,343.13,545.82,42.81,132.17,1,-1,-1,-1
67,979,1697.89,519.74,38.59,120.40,1,-1,-1,-1
67,944,283.34,549.08,41.00,127.07,1,-1,-1,-1
67,962,1626.42,578.51,45.68,139.76,1,-1,-1,-1
68,976,336.63,547.03,47.07,141.81,1,-1,-1,-1
68,944,276.37,558.78,42.42,127.53,1,-1,-1,-1
68,962,1627.28,565.27,48.00,144.27,1,-1,-1,-1
68,1000,1702.56,524.00,32.69,99.90,1,-1,-1,-1
69,976,331.86,541.84,45.33,139.63,1,-1,-1,-1
69,962,1628.31,572.84,49.99,152.96,1,-1,-1,-1
69,1000,1707.34,531.85,33.19,102.12,1,-1,-1,-1
69,1004,387.31,558.42,41.74,128.00,1,-1,-1,-1
70,976,327.62,539.97,49.88,151.76,1,-1,-1,-1
70,962,1634.30,571.65,49.14,149.09,1,-1,-1,-1
70,1004,385.48,559.00,42.10,127.57,1,-1,-1,-1
71,976,324.67,540.81,49.02,149.59,1,-1,-1,-1
71,962,1637.31,572.47,50.82,154.69,1,-1,-1,-1
71,1004,378.76,554.69,44.08,133.89,1,-1,-1,-1
72,976,321.55,548.63,46.81,141.93,1,-1,-1,-1
72,962,1641.16,568.27,54.20,164.12,1,-1,-1,-1
72,979,1705.41,513.55,39.16,119.49,1,-1,-1,-1
73,976,316.30,543.19,47.67,145.65,1,-1,-1,-1
73,962,1642.81,568.68,55.01,167.85,1,-1,-1,-1
73,979,1706.00,519.92,38.87,119.26,1,-1,-1,-1
74,976,308.85,540.88,50.64,153.75,1,-1,-1,-1
74,962,1647.02,569.71,53.30,161.63,1,-1,-1,-1
74,979,1711.10,520.21,39.06,119.03,1,-1,-1,-1
74,1004,369.11,558.05,42.34,128.76,1,-1,-1,-1
75,976,303.51,547.96,47.19,143.74,1,-1,-1,-1
75,962,1653.73,578.76,50.03,152.22,1,-1,-1,-1
75,979,1712.94,521.65,38.99,119.06,1,-1,-1,-1
75,1004,360.67,554.45,44.10,134.39,1,-1,-1,-1
76,976,297.15,543.46,47.93,146.08,1,-1,-1,-1
76,962,1657.98,580.90,51.15,155.70,1,-1,-1,-1
76,1004,355.88,552.44,46.80,142.71,1,-1,-1,-1
76,1000,1714.53,530.50,33.79,103.40,1,-1,-1,-1
77,976,287.66,541.21,50.64,153.86,1,-1,-1,-1
77,962,1659.22,582.12,51.68,156.92,1,-1,-1,-1
77,1004,350.29,553.14,45.79,139.38,1,-1,-1,-1
77,979,1713.71,521.38,39.01,119.11,1,-1,-1,-1
78,976,284.01,548.06,47.23,143.55,1,-1,-1,-1
78,962,1664.50,582.40,49.52,150.41,1,-1,-1,-1
78,1004,342.19,552.65,45.34,138.01,1,-1,-1,-1
78,979,1713.71,520.95,39.06,119.19,1,-1,-1,-1
79,976,277.28,543.94,47.93,145.87,1,-1,-1,-1
79,962,1668.41,582.27,50.96,154.97,1,-1,-1,-1
79,1004,339.70,552.02,45.08,137.43,1,-1,-1,-1
80,976,274.50,543.83,48.42,146.68,1,-1,-1,-1
80,962,1669.93,581.39,51.74,156.61,1,-1,-1,-1
81,962,1670.19,581.83,51.81,157.23,1,-1,-1,-1
81,1004,323.92,552.75,45.14,137.16,1,-1,-1,-1
82,962,1674.54,579.89,54.34,165.01,1,-1,-1,-1
82,949,138.75,552.38,44.95,136.84,1,-1,-1,-1
83,962,1675.91,578.88,55.37,167.82,1,-1,-1,-1
83,949,129.66,553.06,47.32,143.76,1,-1,-1,-1
84,962,1676.49,577.84,55.77,168.89,1,-1,-1,-1
84,944,130.27,558.31,41.90,127.73,1,-1,-1,-1
84,976,249.26,551.50,45.48,138.21,1,-1,-1,-1
84,1004,308.99,565.21,42.47,129.20,1,-1,-1,-1
85,962,1675.85,582.21,58.44,177.26,1,-1,-1,-1
85,944,120.47,561.24,44.05,134.19,1,-1,-1,-1
85,976,239.00,552.90,47.37,144.10,1,-1,-1,-1
86,962,1683.51,579.38,56.91,172.50,1,-1,-1,-1
86,944,110.94,561.83,44.77,136.15,1,-1,-1,-1
86,976,232.78,551.22,50.34,152.92,1,-1,-1,-1
86,1004,293.29,567.24,42.00,127.92,1,-1,-1,-1
87,962,1686.39,582.72,58.83,178.59,1,-1,-1,-1
87,976,226.85,552.55,49.07,149.39,1,-1,-1,-1
87,1007,1654.23,481.92,99.49,300.52,1,-1,-1,-1
87,1004,285.95,563.76,44.03,134.15,1,-1,-1,-1
87,949,107.79,553.22,48.28,146.76,1,-1,-1,-1
88,962,1687.37,587.24,57.05,172.79,1,-1,-1,-1
88,976,221.10,559.59,46.49,141.22,1,-1,-1,-1
88,1004,277.54,563.10,44.83,136.23,1,-1,-1,-1
88,944,99.59,562.88,45.05,136.96,1,-1,-1,-1
89,962,1687.59,593.32,58.82,178.61,1,-1,-1,-1
89,976,216.56,561.55,47.58,144.89,1,-1,-1,-1
89,1004,268.03,562.22,47.15,143.57,1,-1,-1,-1
89,1009,423.80,535.46,44.33,135.10,1,-1,-1,-1
89,944,92.08,561.90,44.97,137.05,1,-1,-1,-1
90,962,1690.21,589.30,62.49,189.19,1,-1,-1,-1
90,976,215.00,563.77,48.12,146.15,1,-1,-1,-1
90,1004,264.94,568.84,46.05,139.85,1,-1,-1,-1
90,1009,423.29,555.76,40.41,122.99,1,-1,-1,-1
90,944,83.45,569.28,45.09,137.02,1,-1,-1,-1
91,962,1688.48,594.09,60.91,184.83,1,-1,-1,-1
91,976,208.19,563.51,48.19,146.65,1,-1,-1,-1
91,1004,257.29,571.42,47.62,144.86,1,-1,-1,-1
91,1009,417.55,561.76,38.91,118.77,1,-1,-1,-1
91,944,74.47,570.90,45.00,137.03,1,-1,-1,-1
91,1007,1672.38,531.86,91.39,276.07,1,-1,-1,-1
92,976,199.31,570.09,48.28,146.84,1,-1,-1,-1
92,1004,248.18,572.58,48.26,146.70,1,-1,-1,-1
92,1009,407.12,556.38,43.23,131.70,1,-1,-1,-1
92,944,68.36,572.72,47.21,143.60,1,-1,-1,-1
92,1007,1680.25,547.90,86.00,259.94,1,-1,-1,-1
93,976,189.70,572.36,48.28,146.87,1,-1,-1,-1
93,1004,240.19,577.86,46.30,140.85,1,-1,-1,-1
93,1009,403.02,564.83,42.37,129.14,1,-1,-1,-1
93,944,59.93,573.19,48.01,146.01,1,-1,-1,-1
93,1007,1676.49,554.35,88.89,268.69,1,-1,-1,-1
93,962,1690.99,599.00,63.52,192.51,1,-1,-1,-1
94,976,179.84,573.62,48.36,146.83,1,-1,-1,-1
94,1004,237.50,580.35,45.58,138.43,1,-1,-1,-1
94,1009,395.94,568.04,42.08,128.06,1,-1,-1,-1
94,1007,1675.15,555.98,89.98,271.56,1,-1,-1,-1
94,962,1696.59,605.37,61.18,185.08,1,-1,-1,-1
95,976,176.20,572.78,48.20,146.91,1,-1,-1,-1
95,1004,225.07,574.13,49.70,151.26,1,-1,-1,-1
95,1009,391.93,575.13,39.82,121.76,1,-1,-1,-1
95,962,1699.85,603.44,66.11,200.52,1,-1,-1,-1
96,976,162.62,572.72,50.69,153.91,1,-1,-1,-1
96,1004,217.46,580.04,49.12,149.06,1,-1,-1,-1
96,1009,385.31,578.24,39.18,119.43,1,-1,-1,-1
96,962,1703.21,609.44,65.14,196.98,1,-1,-1,-1
96,1007,1689.22,556.02,90.59,273.79,1,-1,-1,-1
97,976,157.89,571.11,51.41,156.50,1,-1,-1,-1
97,1004,215.04,580.84,48.62,148.08,1,-1,-1,-1
97,962,1704.11,612.08,64.41,195.47,1,-1,-1,-1
97,1007,1691.66,554.50,90.82,274.91,1,-1,-1,-1
97,1003,365.39,552.60,48.23,146.71,1,-1,-1,-1
97,1000,1697.14,546.75,31.53,96.58,1,-1,-1,-1
98,1004,207.70,582.65,48.58,147.62,1,-1,-1,-1
98,962,1713.09,612.98,64.34,194.82,1,-1,-1,-1
98,979,1689.25,536.94,39.04,119.07,1,-1,-1,-1
98,1009,369.69,578.31,38.95,118.89,1,-1,-1,-1
99,1004,198.70,581.35,48.35,147.47,1,-1,-1,-1
99,962,1716.35,613.25,64.04,194.62,1,-1,-1,-1
99,979,1688.64,543.03,38.91,119.05,1,-1,-1,-1
99,976,139.69,579.78,49.04,149.38,1,-1,-1,-1
100,1004,190.93,582.35,50.82,154.32,1,-1,-1,-1
100,962,1716.07,614.09,67.30,203.69,1,-1,-1,-1
100,979,1688.41,544.50,39.04,119.00,1,-1,-1,-1
100,976,129.82,582.62,48.56,147.43,1,-1,-1,-1
100,1003,341.19,551.26,51.34,155.95,1,-1,-1,-1
101,1004,181.42,581.04,51.47,156.90,1,-1,-1,-1
101,962,1715.66,615.34,68.16,207.11,1,-1,-1,-1
101,979,1688.31,545.84,38.88,119.03,1,-1,-1,-1
101,976,120.02,581.92,48.15,146.83,1,-1,-1,-1
102,1004,171.24,581.86,51.94,157.76,1,-1,-1,-1
102,962,1717.86,614.16,72.05,218.08,1,-1,-1,-1
102,979,1682.95,545.34,39.00,118.98,1,-1,-1,-1
102,976,117.61,587.68,46.03,139.94,1,-1,-1,-1
103,1004,166.59,581.85,49.73,151.11,1,-1,-1,-1
103,962,1725.42,614.14,70.23,212.58,1,-1,-1,-1
103,979,1681.09,545.08,39.00,118.99,1,-1,-1,-1
103,976,109.55,584.31,47.41,144.14,1,-1,-1,-1
103,1013,387.44,569.97,44.37,135.09,1,-1,-1,-1
103,1009,327.27,575.72,41.69,127.14,1,-1,-1,-1
104,962,1728.35,615.19,69.18,210.33,1,-1,-1,-1
104,979,1680.60,545.97,38.87,119.04,1,-1,-1,-1
104,976,100.27,582.22,47.75,145.71,1,-1,-1,-1
104,1013,379.02,573.75,42.41,129.61,1,-1,-1,-1
104,1014,1541.95,515.17,31.02,95.24,1,-1,-1,-1
104,1009,318.59,574.83,41.80,127.85,1,-1,-1,-1
105,962,1732.22,613.64,72.49,219.15,1,-1,-1,-1
105,979,1680.24,545.04,39.06,118.97,1,-1,-1,-1
105,976,87.84,583.02,50.50,153.27,1,-1,-1,-1
105,1013,366.79,565.78,46.94,142.66,1,-1,-1,-1
105,1014,1540.75,514.38,31.46,96.24,1,-1,-1,-1
106,962,1730.77,623.60,70.06,212.84,1,-1,-1,-1
106,979,1675.05,545.54,38.91,119.03,1,-1,-1,-1
106,976,76.41,581.16,51.27,156.18,1,-1,-1,-1
106,1014,1536.04,516.12,29.78,91.60,1,-1,-1,-1
107,962,1733.10,616.30,72.76,220.01,1,-1,-1,-1
107,979,1673.12,544.44,39.05,118.98,1,-1,-1,-1
107,976,72.38,575.02,51.82,157.20,1,-1,-1,-1
107,1014,1533.87,515.46,27.81,85.32,1,-1,-1,-1
107,1016,216.68,585.83,39.85,121.48,1,-1,-1,-1
107,1013,350.11,569.41,45.46,138.43,1,-1,-1,-1
108,962,1739.86,624.97,70.06,212.99,1,-1,-1,-1
108,976,59.80,568.46,54.22,165.09,1,-1,-1,-1
108,1016,210.02,583.30,37.24,114.15,1,-1,-1,-1
108,1018,385.42,552.65,38.95,119.12,1,-1,-1,-1
108,1013,339.68,555.22,49.88,151.95,1,-1,-1,-1
109,962,1742.22,627.24,69.38,209.92,1,-1,-1,-1
109,976,52.78,570.86,52.96,160.58,1,-1,-1,-1
109,1016,199.36,584.44,40.69,123.99,1,-1,-1,-1
109,1013,329.73,548.33,53.95,163.66,1,-1,-1,-1
109,1009,280.84,584.26,39.33,120.05,1,-1,-1,-1
109,979,1665.75,545.40,38.99,119.09,1,-1,-1,-1
110,976,43.37,570.11,52.20,158.82,1,-1,-1,-1
110,1016,192.36,584.24,39.60,120.98,1,-1,-1,-1
110,1009,268.45,584.02,41.03,125.31,1,-1,-1,-1
110,1007,1744.66,624.32,79.26,239.92,1,-1,-1,-1
110,1003,321.55,570.20,45.20,137.78,1,-1,-1,-1
111,976,33.15,570.54,52.03,158.07,1,-1,-1,-1
111,1016,181.27,588.86,37.32,113.91,1,-1,-1,-1
111,1009,258.70,584.38,41.61,126.87,1,-1,-1,-1
111,962,1745.57,626.35,76.95,233.02,1,-1,-1,-1
111,1013,315.29,558.73,49.72,151.33,1,-1,-1,-1
112,976,23.63,575.90,54.47,165.31,1,-1,-1,-1
112,1016,174.31,592.57,34.72,106.04,1,-1,-1,-1
112,1009,249.66,585.02,41.84,127.46,1,-1,-1,-1
112,962,1746.16,626.15,78.69,238.04,1,-1,-1,-1
112,1013,306.57,569.45,48.55,147.66,1,-1,-1,-1
113,976,12.51,580.08,52.91,160.55,1,-1,-1,-1
113,1016,165.38,591.92,35.66,108.85,1,-1,-1,-1
113,1009,240.94,585.05,41.91,127.65,1,-1,-1,-1
113,962,1746.02,625.86,79.31,239.82,1,-1,-1,-1
114,976,7.98,581.70,49.94,151.57,1,-1,-1,-1
114,1016,154.01,592.97,37.84,115.37,1,-1,-1,-1
114,1009,232.48,590.59,40.06,122.02,1,-1,-1,-1
114,962,1746.06,625.12,79.56,240.42,1,-1,-1,-1
114,1004,64.67,581.52,51.76,157.36,1,-1,-1,-1
115,976,0.34,581.72,51.11,155.34,1,-1,-1,-1
115,1016,143.52,596.65,36.78,112.38,1,-1,-1,-1
115,962,1745.94,625.58,79.47,240.55,1,-1,-1,-1
115,1004,51.28,574.12,57.22,173.85,1,-1,-1,-1
115,1013,277.23,572.80,48.26,146.77,1,-1,-1,-1
116,1016,134.84,598.93,36.48,111.21,1,-1,-1,-1
116,962,1749.27,620.96,83.38,251.77,1,-1,-1,-1
116,1004,44.31,577.41,56.56,171.30,1,-1,-1,-1
116,1013,267.49,578.71,46.11,140.05,1,-1,-1,-1
117,962,1757.31,633.95,80.90,244.81,1,-1,-1,-1
117,1013,255.52,573.63,49.91,151.73,1,-1,-1,-1
117,1018,313.09,560.99,39.01,119.03,1,-1,-1,-1
117,1009,199.16,592.89,41.63,126.86,1,-1,-1,-1
118,962,1760.59,638.49,80.05,241.80,1,-1,-1,-1
118,1013,247.87,578.07,46.90,142.43,1,-1,-1,-1
118,1016,113.59,594.45,38.48,117.34,1,-1,-1,-1
118,1004,16.57,573.88,62.51,189.37,1,-1,-1,-1
119,962,1761.88,640.70,79.60,240.64,1,-1,-1,-1
119,1013,234.82,573.69,50.21,152.54,1,-1,-1,-1
119,1020,121.23,598.93,42.53,129.56,1,-1,-1,-1
119,1004,10.70,580.08,60.91,184.66,1,-1,-1,-1
120,962,1762.12,641.32,79.47,240.08,1,-1,-1,-1
120,1013,226.50,579.66,49.12,149.17,1,-1,-1,-1
120,1020,111.76,598.83,44.49,135.38,1,-1,-1,-1
121,962,1762.11,641.58,79.27,239.84,1,-1,-1,-1
121,1013,213.68,580.97,50.94,154.84,1,-1,-1,-1
121,1020,102.42,598.17,45.06,137.22,1,-1,-1,-1
121,1018,280.87,561.19,39.07,119.12,1,-1,-1,-1
121,1016,79.03,600.29,41.49,126.39,1,-1,-1,-1
122,962,1766.40,637.63,83.11,251.13,1,-1,-1,-1
122,1013,202.11,581.78,51.69,156.92,1,-1,-1,-1
122,1020,92.98,598.32,45.23,137.60,1,-1,-1,-1
122,1018,274.45,559.24,41.09,125.14,1,-1,-1,-1
122,1016,66.11,606.51,40.00,121.83,1,-1,-1,-1
123,962,1767.88,636.84,84.46,255.30,1,-1,-1,-1
123,1013,191.25,582.30,51.90,157.67,1,-1,-1,-1
123,1020,79.78,606.81,42.97,130.92,1,-1,-1,-1
123,1018,265.49,565.88,39.83,121.45,1,-1,-1,-1
124,962,1779.27,647.51,84.95,256.78,1,-1,-1,-1
124,1013,180.49,582.37,51.97,157.88,1,-1,-1,-1
124,1020,69.59,609.66,42.15,128.46,1,-1,-1,-1
124,1018,257.87,566.96,41.25,125.71,1,-1,-1,-1
124,1007,1768.71,548.13,128.35,387.07,1,-1,-1,-1
124,1016,44.04,610.09,41.55,126.58,1,-1,-1,-1
125,962,1783.39,645.95,89.14,269.41,1,-1,-1,-1
125,1013,169.84,582.06,51.97,157.94,1,-1,-1,-1
125,1020,57.06,608.67,44.05,134.18,1,-1,-1,-1
125,1018,249.28,563.55,43.78,133.34,1,-1,-1,-1
125,1007,1769.40,545.21,130.07,392.25,1,-1,-1,-1
126,962,1785.13,645.59,90.70,274.17,1,-1,-1,-1
126,1013,159.18,582.09,51.96,157.95,1,-1,-1,-1
126,1020,46.65,608.44,44.71,136.20,1,-1,-1,-1
126,1018,240.23,562.42,44.73,136.24,1,-1,-1,-1
127,962,1797.32,645.56,91.30,275.79,1,-1,-1,-1
127,1013,148.75,589.42,49.63,150.84,1,-1,-1,-1
127,1020,32.44,611.56,47.19,143.56,1,-1,-1,-1
127,1018,232.38,565.94,43.10,131.25,1,-1,-1,-1
128,962,1801.56,650.79,87.38,264.30,1,-1,-1,-1
128,1013,136.99,589.71,53.62,162.92,1,-1,-1,-1
128,1020,20.66,611.98,48.07,146.30,1,-1,-1,-1
128,1018,223.79,566.63,42.39,129.23,1,-1,-1,-1
129,962,1797.71,651.61,94.34,285.14,1,-1,-1,-1
129,1013,125.59,589.87,55.04,167.21,1,-1,-1,-1
129,1020,9.79,615.49,46.21,140.74,1,-1,-1,-1
130,962,1801.79,659.38,92.62,279.92,1,-1,-1,-1
130,1013,117.51,598.16,50.82,154.53,1,-1,-1,-1
130,1000,1728.79,560.95,38.99,118.98,1,-1,-1,-1
130,1018,206.75,573.84,42.07,128.26,1,-1,-1,-1
131,962,1803.02,662.45,91.77,277.51,1,-1,-1,-1
131,1013,104.20,592.70,54.03,164.20,1,-1,-1,-1
131,1000,1729.19,561.30,39.07,119.24,1,-1,-1,-1
132,962,1810.92,655.41,95.89,289.60,1,-1,-1,-1
132,1013,91.99,598.22,55.22,167.61,1,-1,-1,-1
132,1000,1724.25,560.95,39.14,119.33,1,-1,-1,-1
132,1018,189.69,575.60,41.97,127.89,1,-1,-1,-1
133,962,1818.66,660.86,93.01,281.28,1,-1,-1,-1
133,1013,83.77,601.54,53.11,161.50,1,-1,-1,-1
133,1000,1722.44,561.36,39.10,119.36,1,-1,-1,-1
133,1018,181.05,575.73,41.92,127.84,1,-1,-1,-1
133,1014,1420.79,520.08,21.99,67.97,1,-1,-1,-1
134,962,1821.17,662.51,91.97,277.63,1,-1,-1,-1
134,1013,70.21,602.08,54.89,166.53,1,-1,-1,-1
134,1000,1721.38,561.17,39.15,119.29,1,-1,-1,-1
134,1018,172.47,582.12,41.97,127.76,1,-1,-1,-1
135,962,1821.84,662.85,91.48,276.19,1,-1,-1,-1
135,1013,55.58,609.90,53.01,160.90,1,-1,-1,-1
135,1000,1715.55,560.84,39.12,119.24,1,-1,-1,-1
135,1018,163.89,583.87,41.95,127.72,1,-1,-1,-1
136,1013,45.30,611.57,54.77,166.32,1,-1,-1,-1
136,1000,1713.83,560.72,39.09,119.25,1,-1,-1,-1
136,1018,155.17,584.06,41.92,127.76,1,-1,-1,-1
136,1014,1406.80,519.87,21.98,67.91,1,-1,-1,-1
137,1013,34.80,612.64,55.39,168.24,1,-1,-1,-1
137,1000,1713.12,561.16,39.06,119.20,1,-1,-1,-1
137,1018,146.94,584.59,41.90,127.72,1,-1,-1,-1
138,1013,16.80,609.35,58.25,176.97,1,-1,-1,-1
138,1000,1713.05,561.14,39.02,119.19,1,-1,-1,-1
139,1013,2.29,611.05,56.71,172.34,1,-1,-1,-1
139,1000,1707.36,560.92,39.02,119.16,1,-1,-1,-1
140,979,1561.01,544.96,39.02,119.04,1,-1,-1,-1
141,979,1560.33,544.82,39.03,118.97,1,-1,-1,-1
141,1000,1705.46,554.39,39.09,119.18,1,-1,-1,-1
142,979,1560.15,544.68,39.00,118.96,1,-1,-1,-1
142,1000,1705.11,552.94,39.08,119.17,1,-1,-1,-1
143,979,1554.48,545.27,38.87,118.98,1,-1,-1,-1
143,1000,1703.32,563.39,37.15,113.86,1,-1,-1,-1
143,1014,1383.76,519.94,21.99,68.00,1,-1,-1,-1
143,1018,95.60,584.04,41.91,127.80,1,-1,-1,-1
144,979,1552.47,545.73,38.91,118.99,1,-1,-1,-1
144,1000,1698.68,562.64,38.33,117.24,1,-1,-1,-1
144,1018,86.73,584.41,41.88,127.76,1,-1,-1,-1
145,979,1545.61,543.22,40.81,124.76,1,-1,-1,-1
145,1000,1696.51,562.34,38.68,118.41,1,-1,-1,-1
146,979,1544.21,543.95,39.70,121.21,1,-1,-1,-1
146,1000,1696.46,561.24,38.91,118.86,1,-1,-1,-1
147,979,1537.29,548.39,41.17,125.59,1,-1,-1,-1
148,979,1535.78,551.31,39.87,121.48,1,-1,-1,-1
148,1000,1689.84,561.34,39.02,119.11,1,-1,-1,-1
149,979,1529.74,547.04,39.39,119.82,1,-1,-1,-1
150,979,1528.11,550.90,39.10,119.27,1,-1,-1,-1
151,979,1521.69,552.44,39.09,119.02,1,-1,-1,-1
152,979,1512.36,544.77,40.98,124.68,1,-1,-1,-1
153,979,1505.58,544.30,39.77,121.14,1,-1,-1,-1
154,979,1500.77,542.16,41.22,125.50,1,-1,-1,-1
155,979,1496.40,543.41,39.88,121.39,1,-1,-1,-1
156,979,1489.62,544.22,39.32,119.82,1,-1,-1,-1
156,1014,1315.99,518.10,23.61,72.83,1,-1,-1,-1
157,979,1481.59,544.56,39.14,119.15,1,-1,-1,-1
158,979,1476.16,542.35,40.96,124.75,1,-1,-1,-1
159,979,1472.21,538.02,39.84,121.09,1,-1,-1,-1
160,979,1465.77,542.60,39.30,119.72,1,-1,-1,-1
161,979,1463.76,538.61,39.07,119.19,1,-1,-1,-1
162,979,1458.84,540.51,40.86,124.75,1,-1,-1,-1
163,979,1455.93,543.28,39.73,121.18,1,-1,-1,-1
164,979,1450.01,544.36,39.19,119.76,1,-1,-1,-1
165,979,1442.34,544.83,39.07,119.18,1,-1,-1,-1
166,979,1439.88,544.96,39.01,119.02,1,-1,-1,-1
167,979,1434.00,539.67,38.94,118.97,1,-1,-1,-1
168,979,1426.63,537.70,38.91,118.96,1,-1,-1,-1
169,979,1424.02,537.26,38.91,118.94,1,-1,-1,-1
170,979,1417.12,533.70,40.85,124.68,1,-1,-1,-1
171,979,1414.64,532.99,41.51,126.80,1,-1,-1,-1
172,979,1408.43,532.43,41.79,127.61,1,-1,-1,-1
173,979,1406.21,532.51,41.87,127.89,1,-1,-1,-1
174,979,1406.73,535.05,40.08,122.29,1,-1,-1,-1
175,979,1399.58,534.48,43.29,132.07,1,-1,-1,-1
176,979,1399.16,541.31,40.66,124.06,1,-1,-1,-1
177,979,1399.31,543.92,39.50,120.74,1,-1,-1,-1
178,979,1394.18,545.05,39.17,119.50,1,-1,-1,-1
179,979,1390.33,542.78,40.91,124.81,1,-1,-1,-1
180,979,1385.77,544.50,39.74,121.13,1,-1,-1,-1
181,979,1383.99,545.04,39.25,119.64,1,-1,-1,-1
182,979,1379.92,537.62,43.07,131.07,1,-1,-1,-1
182,1000,1612.94,549.70,41.88,127.62,1,-1,-1,-1
183,979,1376.89,542.31,40.61,123.72,1,-1,-1,-1
184,979,1373.12,541.47,41.52,126.40,1,-1,-1,-1
185,979,1371.87,535.58,41.85,127.36,1,-1,-1,-1
186,979,1368.99,541.45,40.05,122.03,1,-1,-1,-1
186,1000,1616.34,559.79,39.35,120.02,1,-1,-1,-1
187,1000,1616.80,555.01,39.08,119.10,1,-1,-1,-1
188,1000,1616.96,553.95,38.95,118.83,1,-1,-1,-1
188,979,1363.95,541.16,41.55,126.49,1,-1,-1,-1
189,1000,1617.21,553.16,38.94,118.76,1,-1,-1,-1
189,979,1363.32,540.88,41.91,127.56,1,-1,-1,-1
190,1000,1614.33,550.79,40.86,124.56,1,-1,-1,-1
190,979,1357.33,540.84,42.00,127.92,1,-1,-1,-1
191,1000,1616.02,552.10,39.70,121.00,1,-1,-1,-1
191,979,1355.21,540.93,42.05,128.01,1,-1,-1,-1
192,1000,1614.11,550.33,41.15,125.43,1,-1,-1,-1
192,979,1352.87,543.34,40.13,122.35,1,-1,-1,-1
193,1000,1616.13,552.24,39.78,121.36,1,-1,-1,-1
193,979,1353.96,542.11,41.32,125.94,1,-1,-1,-1
194,1000,1616.90,552.69,39.28,119.74,1,-1,-1,-1
194,979,1352.60,543.98,39.89,121.54,1,-1,-1,-1
195,1000,1621.95,552.82,39.01,119.08,1,-1,-1,-1
195,979,1347.83,541.97,41.17,125.54,1,-1,-1,-1
196,1000,1618.81,553.10,38.94,118.90,1,-1,-1,-1
196,979,1346.40,541.51,41.66,127.03,1,-1,-1,-1
197,1000,1622.81,553.06,38.91,118.81,1,-1,-1,-1
197,979,1345.87,541.19,41.83,127.55,1,-1,-1,-1
198,1000,1624.50,553.03,38.93,118.82,1,-1,-1,-1
198,979,1343.02,536.35,43.94,133.85,1,-1,-1,-1
199,1000,1625.40,553.30,38.91,118.88,1,-1,-1,-1
199,979,1342.22,534.76,44.71,136.25,1,-1,-1,-1
200,1000,1629.22,550.67,40.89,124.65,1,-1,-1,-1
200,979,1342.08,533.72,45.06,137.14,1,-1,-1,-1
201,1000,1630.13,549.85,41.57,126.71,1,-1,-1,-1
201,979,1339.10,538.17,43.10,131.30,1,-1,-1,-1
202,1000,1632.47,552.27,39.91,121.89,1,-1,-1,-1
202,979,1340.88,535.63,44.36,135.19,1,-1,-1,-1
203,1000,1631.49,550.51,41.24,125.75,1,-1,-1,-1
203,979,1338.95,539.03,42.85,130.54,1,-1,-1,-1
204,1000,1635.35,545.50,43.75,133.19,1,-1,-1,-1
204,979,1338.23,540.34,42.25,128.66,1,-1,-1,-1
205,1000,1638.01,547.89,42.68,130.02,1,-1,-1,-1
205,979,1337.99,540.83,41.99,127.96,1,-1,-1,-1
206,1000,1640.41,551.45,40.28,122.99,1,-1,-1,-1
206,979,1336.81,543.87,39.94,121.96,1,-1,-1,-1
207,1000,1645.51,550.79,41.32,126.09,1,-1,-1,-1
207,979,1334.10,543.97,43.23,131.81,1,-1,-1,-1
208,1000,1648.59,557.77,39.80,121.54,1,-1,-1,-1
208,979,1330.96,548.08,42.39,129.29,1,-1,-1,-1
209,1000,1647.47,554.46,43.20,131.73,1,-1,-1,-1
209,979,1330.16,538.22,46.27,140.95,1,-1,-1,-1
210,1000,1653.22,553.33,44.46,135.39,1,-1,-1,-1
210,979,1330.02,534.77,47.73,145.22,1,-1,-1,-1
211,1000,1655.88,557.36,42.90,130.80,1,-1,-1,-1
211,979,1331.94,540.63,46.12,140.46,1,-1,-1,-1
211,1025,880.40,531.53,20.75,64.28,1,-1,-1,-1
212,1000,1662.70,558.14,42.28,128.93,1,-1,-1,-1
212,979,1332.92,542.22,45.46,138.49,1,-1,-1,-1
212,1025,879.90,532.49,20.51,63.57,1,-1,-1,-1
213,1000,1665.06,558.93,42.02,128.19,1,-1,-1,-1
213,979,1333.30,543.31,45.18,137.68,1,-1,-1,-1
213,1025,878.85,530.47,21.64,66.96,1,-1,-1,-1
214,1000,1671.74,558.21,42.05,127.90,1,-1,-1,-1
214,979,1333.55,543.00,45.21,137.36,1,-1,-1,-1
215,1000,1674.36,555.05,43.85,133.92,1,-1,-1,-1
215,979,1333.70,543.29,44.92,137.25,1,-1,-1,-1
216,1000,1681.34,552.98,44.77,136.13,1,-1,-1,-1
216,979,1333.74,549.29,45.10,137.13,1,-1,-1,-1
217,1000,1684.05,552.26,44.99,136.98,1,-1,-1,-1
217,979,1337.28,555.25,42.99,130.99,1,-1,-1,-1
218,979,1338.45,557.35,42.24,128.60,1,-1,-1,-1
219,979,1341.82,554.53,43.97,133.95,1,-1,-1,-1
220,979,1342.85,552.95,44.82,135.88,1,-1,-1,-1
221,979,1341.97,546.57,47.03,143.20,1,-1,-1,-1
222,979,1345.76,547.84,43.95,133.46,1,-1,-1,-1
223,979,1349.60,544.85,46.82,142.48,1,-1,-1,-1
224,979,1350.74,542.85,48.01,145.59,1,-1,-1,-1
225,979,1352.07,543.19,46.06,140.32,1,-1,-1,-1
226,979,1351.39,542.37,47.73,144.73,1,-1,-1,-1
227,979,1351.21,542.69,48.12,146.40,1,-1,-1,-1
227,1000,1753.59,542.75,48.24,146.61,1,-1,-1,-1
228,979,1357.61,542.25,48.39,146.97,1,-1,-1,-1
228,1000,1757.54,542.39,46.11,140.13,1,-1,-1,-1
229,979,1360.14,542.60,48.35,147.21,1,-1,-1,-1
229,1000,1764.24,542.77,47.51,144.65,1,-1,-1,-1
230,979,1361.11,542.19,48.45,147.21,1,-1,-1,-1
230,1000,1773.05,542.04,48.12,146.22,1,-1,-1,-1
231,979,1362.89,540.69,50.61,154.21,1,-1,-1,-1
231,1000,1782.52,543.20,48.14,146.85,1,-1,-1,-1
232,979,1368.63,547.67,47.22,143.49,1,-1,-1,-1
232,1000,1792.68,542.12,48.37,147.04,1,-1,-1,-1
233,979,1370.43,550.61,45.65,139.04,1,-1,-1,-1
233,1000,1802.21,542.14,48.30,147.03,1,-1,-1,-1
234,979,1371.00,545.26,47.37,144.12,1,-1,-1,-1
234,1000,1812.26,542.13,48.34,147.03,1,-1,-1,-1
235,979,1371.61,549.77,45.75,139.50,1,-1,-1,-1
235,1000,1822.72,542.47,48.27,147.06,1,-1,-1,-1
236,979,1373.76,542.73,49.82,151.45,1,-1,-1,-1
236,1000,1829.10,539.98,50.70,154.06,1,-1,-1,-1
237,979,1374.62,540.37,51.18,155.74,1,-1,-1,-1
237,1000,1841.50,541.73,49.19,149.79,1,-1,-1,-1
238,979,1381.85,539.69,51.76,157.39,1,-1,-1,-1
238,1000,1847.58,535.92,53.51,162.65,1,-1,-1,-1
239,979,1384.34,538.90,51.91,157.94,1,-1,-1,-1
240,979,1390.74,534.36,54.51,165.49,1,-1,-1,-1
241,979,1394.48,537.53,52.97,160.99,1,-1,-1,-1
242,979,1395.95,538.54,52.34,159.12,1,-1,-1,-1
243,979,1404.81,541.46,47.54,144.80,1,-1,-1,-1
244,979,1407.79,542.61,45.70,139.14,1,-1,-1,-1
246,979,1418.90,542.66,47.68,145.08,1,-1,-1,-1
247,979,1425.32,539.66,50.63,153.76,1,-1,-1,-1
248,979,1429.41,540.90,49.40,149.97,1,-1,-1,-1
249,979,1436.02,539.27,51.21,155.40,1,-1,-1,-1
249,1025,921.03,532.99,19.01,59.02,1,-1,-1,-1
250,979,1439.04,534.22,54.42,164.80,1,-1,-1,-1
251,979,1447.40,539.36,50.77,154.26,1,-1,-1,-1
251,1025,927.25,532.76,20.24,62.65,1,-1,-1,-1
252,979,1456.43,538.92,51.67,156.84,1,-1,-1,-1
253,979,1459.65,538.45,52.06,157.71,1,-1,-1,-1
254,979,1467.64,527.39,57.24,173.57,1,-1,-1,-1
255,979,1477.25,534.20,54.32,164.31,1,-1,-1,-1
256,979,1487.29,539.61,50.52,153.27,1,-1,-1,-1
257,979,1494.90,534.24,54.06,163.98,1,-1,-1,-1
258,979,1504.54,532.75,55.27,167.65,1,-1,-1,-1
259,979,1508.35,532.46,55.66,169.07,1,-1,-1,-1
259,1025,965.96,529.50,21.98,67.84,1,-1,-1,-1
260,979,1517.33,532.73,55.81,169.65,1,-1,-1,-1
261,979,1527.11,531.77,55.90,169.60,1,-1,-1,-1
267,1027,1217.32,526.42,39.63,120.87,1,-1,-1,-1
270,979,1566.76,593.11,59.57,180.83,1,-1,-1,-1
272,1029,1599.19,596.69,64.00,194.24,1,-1,-1,-1
273,1029,1615.50,588.38,67.74,205.10,1,-1,-1,-1
274,1029,1627.78,583.59,72.55,219.94,1,-1,-1,-1
275,1029,1643.32,583.94,70.76,213.85,1,-1,-1,-1
276,1029,1657.86,595.12,69.66,210.96,1,-1,-1,-1
280,1029,1728.12,608.54,78.49,237.29,1,-1,-1,-1
283,1031,1742.47,535.86,62.40,189.07,1,-1,-1,-1
284,1031,1757.60,543.90,60.48,183.21,1,-1,-1,-1
284,1029,1807.43,611.06,79.34,239.55,1,-1,-1,-1
285,1031,1770.99,546.60,59.69,180.93,1,-1,-1,-1
285,1029,1825.20,610.61,79.23,239.34,1,-1,-1,-1
285,1027,1305.11,536.98,39.01,119.02,1,-1,-1,-1
286,1031,1781.83,537.63,62.77,190.18,1,-1,-1,-1
287,1031,1795.00,543.91,60.66,183.96,1,-1,-1,-1
287,1032,1264.81,553.00,39.06,119.10,1,-1,-1,-1
288,1031,1807.14,536.52,63.01,190.89,1,-1,-1,-1
288,1032,1270.37,550.16,41.31,125.77,1,-1,-1,-1
289,1031,1819.47,543.57,60.79,184.32,1,-1,-1,-1
289,1032,1273.81,552.31,39.85,121.44,1,-1,-1,-1
290,1031,1827.51,534.26,66.17,200.61,1,-1,-1,-1
290,1032,1280.57,552.51,39.23,119.70,1,-1,-1,-1
291,1031,1839.61,531.97,68.06,206.28,1,-1,-1,-1
291,1032,1282.57,553.40,39.04,119.13,1,-1,-1,-1
292,1031,1856.65,541.29,65.74,199.11,1,-1,-1,-1
292,1032,1288.51,553.17,39.00,118.95,1,-1,-1,-1
293,1031,1871.33,545.56,64.66,196.18,1,-1,-1,-1
294,1032,1296.00,557.36,41.36,126.07,1,-1,-1,-1
299,1034,41.19,617.27,39.01,119.11,1,-1,-1,-1
299,1027,1392.31,552.82,39.04,119.08,1,-1,-1,-1
300,1027,1398.42,551.31,41.03,125.17,1,-1,-1,-1
306,979,1625.22,529.59,39.08,119.20,1,-1,-1,-1
309,1034,64.86,640.94,39.01,119.04,1,-1,-1,-1
314,1036,221.38,635.40,45.02,136.99,1,-1,-1,-1
314,1032,1379.86,592.11,48.22,146.69,1,-1,-1,-1
315,1036,221.61,635.03,44.97,137.03,1,-1,-1,-1
315,1032,1387.65,592.38,48.29,147.05,1,-1,-1,-1
316,1036,218.54,632.46,47.57,144.68,1,-1,-1,-1
316,1032,1390.23,592.43,48.40,147.16,1,-1,-1,-1
317,1036,220.39,634.17,45.94,139.84,1,-1,-1,-1
317,1032,1391.07,592.52,48.39,147.17,1,-1,-1,-1
318,1036,218.32,632.16,47.76,145.10,1,-1,-1,-1
318,1032,1396.64,596.17,46.28,140.53,1,-1,-1,-1
319,1036,220.20,640.44,45.95,139.98,1,-1,-1,-1
320,1036,221.03,643.48,45.33,137.91,1,-1,-1,-1
321,1036,218.67,642.40,47.35,144.03,1,-1,-1,-1
321,1027,1526.37,589.12,44.95,136.86,1,-1,-1,-1
321,1034,44.63,652.80,41.87,127.57,1,-1,-1,-1
322,1036,213.87,636.98,50.43,153.33,1,-1,-1,-1
322,1027,1534.43,589.27,44.99,137.02,1,-1,-1,-1
323,1036,212.18,635.19,51.59,156.75,1,-1,-1,-1
323,1027,1536.96,589.33,45.03,137.05,1,-1,-1,-1
323,1034,40.99,656.03,39.67,121.07,1,-1,-1,-1
324,1036,215.31,632.06,49.62,151.04,1,-1,-1,-1
324,1038,10.03,643.41,45.62,138.96,1,-1,-1,-1
324,1034,36.56,653.42,41.14,125.54,1,-1,-1,-1
325,1036,212.83,633.11,51.17,155.78,1,-1,-1,-1
326,1036,211.83,634.59,51.92,157.38,1,-1,-1,-1
326,1027,1553.50,597.22,45.04,137.10,1,-1,-1,-1
327,1036,211.64,634.04,47.42,144.55,1,-1,-1,-1
327,1027,1555.19,592.19,44.93,137.07,1,-1,-1,-1
328,1036,203.74,634.97,50.54,153.38,1,-1,-1,-1
328,1027,1557.82,591.92,47.31,143.69,1,-1,-1,-1
328,1034,20.02,653.74,44.61,135.81,1,-1,-1,-1
330,1036,192.73,633.69,51.58,156.88,1,-1,-1,-1
330,1034,10.82,645.61,44.96,137.05,1,-1,-1,-1
331,1034,8.89,644.27,45.07,137.09,1,-1,-1,-1
331,1032,1426.44,600.47,55.44,168.35,1,-1,-1,-1
334,1040,1828.38,516.53,44.41,135.10,1,-1,-1,-1
334,1036,179.98,624.60,51.94,157.62,1,-1,-1,-1
335,1040,1830.65,515.54,44.86,136.59,1,-1,-1,-1
335,1036,179.10,623.61,51.85,157.61,1,-1,-1,-1
336,1036,172.37,623.64,54.50,165.13,1,-1,-1,-1
337,1036,169.25,630.93,52.76,160.56,1,-1,-1,-1
337,1040,1846.91,515.60,45.02,137.00,1,-1,-1,-1
338,1036,168.36,634.55,52.38,158.54,1,-1,-1,-1
339,1036,160.90,635.69,51.98,157.85,1,-1,-1,-1
339,979,1362.79,560.17,51.77,157.32,1,-1,-1,-1
339,1027,1574.05,573.22,63.62,192.82,1,-1,-1,-1
339,1040,1849.65,515.51,45.08,136.98,1,-1,-1,-1
340,1036,158.59,635.02,54.39,165.16,1,-1,-1,-1
341,1036,150.18,635.91,55.19,167.87,1,-1,-1,-1
342,1036,146.22,633.32,58.16,176.86,1,-1,-1,-1
342,1032,1443.80,607.58,59.64,180.81,1,-1,-1,-1
343,1036,146.14,649.29,54.30,165.00,1,-1,-1,-1
343,1032,1444.26,617.46,59.74,181.18,1,-1,-1,-1
344,1036,139.28,654.67,52.60,160.07,1,-1,-1,-1
344,1032,1443.96,615.64,62.58,189.96,1,-1,-1,-1
345,1036,134.23,657.84,57.35,174.10,1,-1,-1,-1
345,1032,1443.94,623.82,63.73,193.21,1,-1,-1,-1
346,1036,126.93,666.57,56.44,171.20,1,-1,-1,-1
346,1032,1443.87,626.06,64.15,194.35,1,-1,-1,-1
347,1036,116.63,669.19,55.96,169.96,1,-1,-1,-1
347,1032,1443.72,626.68,64.21,194.74,1,-1,-1,-1
348,1036,113.48,669.47,55.76,169.37,1,-1,-1,-1
348,1032,1443.88,638.48,61.34,186.14,1,-1,-1,-1
349,1036,111.93,669.34,55.69,169.23,1,-1,-1,-1
349,1032,1443.89,639.01,63.15,191.62,1,-1,-1,-1
350,1036,101.14,668.57,58.26,177.17,1,-1,-1,-1
350,1032,1452.02,643.29,60.82,185.00,1,-1,-1,-1
351,1036,97.31,668.21,59.32,180.11,1,-1,-1,-1
351,1032,1455.63,640.06,62.96,191.08,1,-1,-1,-1
351,1027,1586.78,625.14,64.07,194.31,1,-1,-1,-1
352,1036,91.72,676.42,56.97,173.27,1,-1,-1,-1
352,1032,1456.89,648.58,63.65,193.31,1,-1,-1,-1
353,1036,86.17,679.05,58.78,178.60,1,-1,-1,-1
353,1032,1456.89,654.11,61.07,185.51,1,-1,-1,-1
353,1027,1588.99,617.77,67.71,205.43,1,-1,-1,-1
354,1036,80.07,680.35,56.79,172.61,1,-1,-1,-1
354,1032,1457.09,662.01,63.00,191.25,1,-1,-1,-1
354,1027,1589.65,627.76,62.50,189.80,1,-1,-1,-1
355,1036,81.95,692.15,53.40,162.55,1,-1,-1,-1
355,1032,1456.99,664.61,63.63,193.26,1,-1,-1,-1
356,1036,74.48,684.89,57.58,174.81,1,-1,-1,-1
356,1032,1452.36,659.76,67.06,203.27,1,-1,-1,-1
356,1027,1587.29,636.53,63.66,193.26,1,-1,-1,-1
357,1036,64.18,682.22,58.91,179.08,1,-1,-1,-1
357,1032,1450.52,658.63,68.20,207.01,1,-1,-1,-1
358,1036,54.74,679.19,62.42,189.21,1,-1,-1,-1
358,1032,1449.79,657.07,68.80,208.33,1,-1,-1,-1
358,1043,1380.24,600.07,68.71,208.11,1,-1,-1,-1
359,1036,48.68,680.33,60.90,184.68,1,-1,-1,-1
359,1032,1449.42,666.17,68.95,208.83,1,-1,-1,-1
359,1043,1379.18,609.66,65.10,197.42,1,-1,-1,-1
359,1027,1589.03,664.52,60.29,183.17,1,-1,-1,-1
360,1036,40.63,677.98,62.96,191.35,1,-1,-1,-1
360,1032,1449.27,670.17,68.79,208.95,1,-1,-1,-1
360,1043,1378.72,623.29,63.79,193.74,1,-1,-1,-1
360,1027,1587.14,666.24,62.68,190.61,1,-1,-1,-1
361,1036,36.11,687.34,61.07,185.27,1,-1,-1,-1
361,1032,1448.85,672.50,72.20,218.71,1,-1,-1,-1
361,1043,1375.31,617.08,71.03,215.11,1,-1,-1,-1
362,1036,26.61,690.89,60.11,182.87,1,-1,-1,-1
362,1032,1458.38,681.47,70.03,212.79,1,-1,-1,-1
362,1043,1377.46,624.30,66.41,201.78,1,-1,-1,-1
363,1036,16.62,688.29,66.11,199.76,1,-1,-1,-1
363,1032,1461.85,683.57,69.63,210.01,1,-1,-1,-1
364,1036,12.13,688.19,64.74,197.17,1,-1,-1,-1
365,1032,1463.80,696.59,68.92,208.94,1,-1,-1,-1
367,1027,1569.89,659.23,78.20,236.69,1,-1,-1,-1
368,1044,1326.20,646.41,54.82,166.58,1,-1,-1,-1
368,1027,1572.62,675.59,72.51,219.81,1,-1,-1,-1
369,1027,1569.49,673.73,73.74,222.68,1,-1,-1,-1
369,1032,1464.52,716.99,73.29,221.74,1,-1,-1,-1
370,1043,1359.93,643.20,73.52,222.52,1,-1,-1,-1
370,1044,1323.31,644.33,59.21,179.50,1,-1,-1,-1
371,1043,1358.88,643.36,73.94,223.38,1,-1,-1,-1
372,1043,1348.84,642.05,77.50,234.47,1,-1,-1,-1
372,1032,1458.40,722.16,78.38,236.87,1,-1,-1,-1
373,1032,1457.53,722.23,79.30,238.83,1,-1,-1,-1
374,1032,1456.89,722.15,79.38,239.61,1,-1,-1,-1
374,1043,1344.53,641.84,79.20,238.77,1,-1,-1,-1
375,1032,1457.69,721.88,83.18,251.15,1,-1,-1,-1
375,1027,1553.46,688.40,78.93,238.26,1,-1,-1,-1
376,1032,1458.07,721.80,84.67,255.43,1,-1,-1,-1
376,1027,1552.34,689.06,79.26,239.25,1,-1,-1,-1
376,1043,1343.60,641.69,79.34,239.28,1,-1,-1,-1
377,1032,1457.96,721.48,85.12,256.91,1,-1,-1,-1
377,1027,1541.10,689.00,79.29,239.51,1,-1,-1,-1
378,1032,1456.87,732.14,81.20,246.42,1,-1,-1,-1
378,1027,1537.02,689.62,79.03,239.82,1,-1,-1,-1
379,1032,1453.79,723.22,87.65,265.78,1,-1,-1,-1
379,1027,1535.54,689.57,78.95,239.74,1,-1,-1,-1
380,1032,1452.35,719.89,90.14,272.69,1,-1,-1,-1
380,1027,1534.77,689.38,79.10,239.59,1,-1,-1,-1
381,1032,1454.56,730.85,83.23,252.43,1,-1,-1,-1
381,1027,1534.81,689.20,79.01,239.64,1,-1,-1,-1
382,1027,1534.88,689.52,79.00,239.54,1,-1,-1,-1
382,1044,1304.35,635.77,84.53,255.58,1,-1,-1,-1
383,1027,1524.27,689.40,78.91,239.49,1,-1,-1,-1
383,1032,1443.29,737.63,84.40,255.95,1,-1,-1,-1
384,1027,1531.23,689.35,78.86,239.52,1,-1,-1,-1
384,1047,1391.17,563.16,46.95,143.01,1,-1,-1,-1
384,1032,1441.12,738.98,84.57,256.59,1,-1,-1,-1
385,1027,1527.28,688.24,82.73,250.78,1,-1,-1,-1
385,1047,1388.72,561.97,45.45,138.57,1,-1,-1,-1
385,1032,1435.68,738.20,88.79,268.90,1,-1,-1,-1
386,1027,1525.78,688.09,83.91,255.07,1,-1,-1,-1
386,1047,1389.21,565.78,42.42,129.74,1,-1,-1,-1
387,1027,1521.35,688.06,81.20,245.16,1,-1,-1,-1
387,1047,1381.24,562.22,44.14,134.20,1,-1,-1,-1
387,1032,1433.21,737.76,90.54,274.12,1,-1,-1,-1
388,1032,1425.95,751.35,86.57,262.59,1,-1,-1,-1
388,1043,1228.00,642.11,68.87,208.94,1,-1,-1,-1
389,1043,1223.02,643.12,72.09,218.74,1,-1,-1,-1
389,1047,1376.20,568.04,39.66,121.25,1,-1,-1,-1
390,1043,1215.47,641.96,76.77,232.07,1,-1,-1,-1
391,1043,1202.35,641.96,77.82,237.10,1,-1,-1,-1
391,1027,1475.92,718.61,79.06,240.15,1,-1,-1,-1
391,1032,1415.44,756.16,89.98,273.09,1,-1,-1,-1
392,1043,1197.41,641.32,79.14,238.78,1,-1,-1,-1
392,1027,1460.27,720.78,79.31,239.24,1,-1,-1,-1
393,1043,1185.39,641.27,79.00,239.52,1,-1,-1,-1
393,1032,1400.68,752.12,96.03,290.37,1,-1,-1,-1
394,1032,1396.69,766.67,92.94,280.77,1,-1,-1,-1
395,1032,1383.23,769.71,95.78,290.26,1,-1,-1,-1
395,1047,1337.05,568.33,38.97,119.10,1,-1,-1,-1
396,1027,1409.87,722.21,78.96,239.24,1,-1,-1,-1
397,1043,1151.33,655.35,79.03,239.47,1,-1,-1,-1
397,1047,1321.29,559.49,41.31,126.04,1,-1,-1,-1
403,1032,1301.86,789.70,97.43,294.60,1,-1,-1,-1
403,1043,1084.02,633.50,96.26,290.96,1,-1,-1,-1
404,1047,1256.87,560.22,39.13,119.54,1,-1,-1,-1
405,1047,1244.68,558.78,41.01,125.12,1,-1,-1,-1
405,1043,1063.22,647.50,97.49,294.88,1,-1,-1,-1
406,1047,1233.12,559.77,39.70,121.15,1,-1,-1,-1
406,1043,1047.07,650.96,97.49,294.79,1,-1,-1,-1
407,1047,1218.26,560.83,39.16,119.59,1,-1,-1,-1
407,1043,1031.45,660.33,93.08,281.76,1,-1,-1,-1
408,1047,1207.90,560.72,39.00,119.00,1,-1,-1,-1
408,1043,1013.98,663.27,91.50,276.68,1,-1,-1,-1
409,1047,1193.78,560.76,38.94,118.80,1,-1,-1,-1
409,1043,990.63,656.52,95.29,288.02,1,-1,-1,-1
410,1047,1178.27,560.70,38.95,118.78,1,-1,-1,-1
410,1043,963.18,661.53,92.46,279.36,1,-1,-1,-1
411,1043,935.07,658.72,100.31,303.19,1,-1,-1,-1
412,1043,910.26,667.20,98.74,298.22,1,-1,-1,-1
412,1047,1152.10,560.64,38.94,118.88,1,-1,-1,-1
413,1043,888.44,670.27,97.89,296.17,1,-1,-1,-1
413,1047,1137.22,560.37,38.93,119.05,1,-1,-1,-1
414,1043,865.87,678.58,93.47,282.18,1,-1,-1,-1
414,1047,1126.61,560.56,39.02,119.05,1,-1,-1,-1
415,1043,833.67,674.43,96.00,290.12,1,-1,-1,-1
415,1047,1112.48,560.54,38.98,119.06,1,-1,-1,-1
416,1043,809.47,672.68,97.07,293.01,1,-1,-1,-1
417,1043,788.03,672.12,97.35,294.14,1,-1,-1,-1
418,1043,767.67,671.77,97.57,294.45,1,-1,-1,-1
418,1044,1021.30,520.55,20.58,63.94,1,-1,-1,-1
419,1043,747.75,671.15,97.55,294.64,1,-1,-1,-1
420,1043,714.97,684.16,97.44,294.72,1,-1,-1,-1
420,1047,1030.19,550.04,41.61,126.91,1,-1,-1,-1
421,1043,681.06,680.24,102.11,308.63,1,-1,-1,-1
421,1047,1012.69,549.60,41.82,127.62,1,-1,-1,-1
422,1043,652.07,686.93,99.19,300.13,1,-1,-1,-1
422,1047,993.41,550.95,39.99,122.24,1,-1,-1,-1
423,1043,615.64,689.96,98.07,296.65,1,-1,-1,-1
423,1047,974.61,545.35,43.27,132.02,1,-1,-1,-1
424,1043,576.89,691.06,97.66,295.30,1,-1,-1,-1
424,1047,953.41,547.60,42.47,129.61,1,-1,-1,-1
425,1047,934.51,543.05,42.16,128.56,1,-1,-1,-1
426,1047,917.33,546.78,41.98,128.17,1,-1,-1,-1
426,1043,502.43,683.24,108.86,328.94,1,-1,-1,-1
427,1047,897.05,551.14,40.08,122.31,1,-1,-1,-1
427,1043,467.10,693.56,106.44,321.69,1,-1,-1,-1
428,1047,875.72,551.07,41.27,125.80,1,-1,-1,-1
428,1043,420.28,686.41,115.77,349.57,1,-1,-1,-1
428,1027,858.61,534.39,64.01,194.11,1,-1,-1,-1
429,1047,856.26,552.56,39.74,121.45,1,-1,-1,-1
429,1043,385.59,697.09,113.83,344.47,1,-1,-1,-1
431,1047,810.08,560.23,39.08,119.52,1,-1,-1,-1
432,1032,960.53,562.02,39.18,119.73,1,-1,-1,-1
436,1054,1434.26,586.31,71.69,217.14,1,-1,-1,-1
437,1054,1408.98,597.16,69.34,210.34,1,-1,-1,-1
440,1055,1158.55,662.41,64.83,196.78,1,-1,-1,-1
441,1055,1135.55,659.07,71.62,217.27,1,-1,-1,-1
441,1054,1310.30,600.22,68.56,207.91,1,-1,-1,-1
442,1055,1114.50,666.53,70.21,212.82,1,-1,-1,-1
442,1054,1283.04,600.16,68.59,207.90,1,-1,-1,-1
443,1055,1083.91,656.87,81.39,246.29,1,-1,-1,-1
443,1054,1255.23,600.34,68.59,207.93,1,-1,-1,-1
443,1047,532.63,566.77,41.77,127.42,1,-1,-1,-1
444,1055,1057.45,667.07,81.16,245.74,1,-1,-1,-1
444,1054,1227.18,600.12,68.58,207.91,1,-1,-1,-1
444,1047,507.31,566.74,41.84,127.69,1,-1,-1,-1
445,1054,1196.73,599.02,71.96,217.97,1,-1,-1,-1
445,1047,481.59,567.01,41.88,127.77,1,-1,-1,-1
446,1054,1168.85,594.90,76.76,232.20,1,-1,-1,-1
446,1047,455.66,566.97,41.93,127.80,1,-1,-1,-1
446,1055,1002.69,674.09,75.68,229.37,1,-1,-1,-1
447,1047,429.71,566.79,41.93,127.79,1,-1,-1,-1
448,1047,398.61,562.95,43.92,133.85,1,-1,-1,-1
448,1055,946.39,675.89,78.03,236.54,1,-1,-1,-1
449,1047,370.36,565.16,42.74,130.12,1,-1,-1,-1
449,1055,915.13,674.96,78.81,238.63,1,-1,-1,-1
450,1047,341.53,562.09,44.15,134.77,1,-1,-1,-1
450,1055,883.09,685.38,78.85,239.52,1,-1,-1,-1
451,1047,316.62,564.93,42.83,130.43,1,-1,-1,-1
451,1055,857.19,687.60,82.92,251.06,1,-1,-1,-1
452,1047,286.60,562.39,44.23,134.85,1,-1,-1,-1
452,1055,825.64,688.65,84.27,255.47,1,-1,-1,-1
453,1047,257.95,565.72,42.89,130.39,1,-1,-1,-1
453,1055,792.99,685.15,89.03,268.95,1,-1,-1,-1
454,1047,223.81,562.75,44.20,134.81,1,-1,-1,-1
454,1055,754.12,689.97,94.68,286.85,1,-1,-1,-1
455,1055,714.63,692.20,97.28,293.77,1,-1,-1,-1
457,1055,637.92,683.48,103.08,312.05,1,-1,-1,-1
458,1057,1601.49,737.81,158.83,479.19,1,-1,-1,-1
458,1047,93.22,570.43,44.83,136.79,1,-1,-1,-1
459,1057,1569.68,738.20,158.82,479.25,1,-1,-1,-1
459,1047,57.29,571.55,44.88,136.91,1,-1,-1,-1
459,1055,556.71,693.14,98.64,299.02,1,-1,-1,-1
460,1055,511.95,698.86,102.35,309.98,1,-1,-1,-1
461,1055,474.24,709.61,98.94,299.97,1,-1,-1,-1
463,1057,1434.33,776.20,148.54,448.32,1,-1,-1,-1
464,1057,1403.57,779.10,147.84,446.07,1,-1,-1,-1
465,1057,1367.19,802.22,140.62,424.44,1,-1,-1,-1
469,1054,327.28,669.99,84.66,256.12,1,-1,-1,-1
471,1054,240.12,670.71,84.86,257.21,1,-1,-1,-1
476,1054,18.84,671.50,96.62,292.13,1,-1,-1,-1
483,1061,1787.13,646.17,89.73,271.30,1,-1,-1,-1
501,1061,938.70,681.03,90.92,274.76,1,-1,-1,-1
505,1062,1808.88,643.70,59.70,181.19,1,-1,-1,-1
506,1062,1772.39,644.77,59.60,181.24,1,-1,-1,-1
507,1062,1741.87,638.02,63.37,191.27,1,-1,-1,-1
507,1061,631.72,689.46,97.39,293.98,1,-1,-1,-1
508,1062,1710.57,652.52,60.89,184.98,1,-1,-1,-1
508,1061,588.38,691.95,97.58,295.31,1,-1,-1,-1
509,1062,1676.46,656.33,57.32,173.38,1,-1,-1,-1
510,1062,1639.49,657.64,58.78,178.32,1,-1,-1,-1
510,1066,1718.12,662.22,64.08,194.20,1,-1,-1,-1
510,1067,1742.11,547.68,31.10,95.29,1,-1,-1,-1
511,1066,1679.72,664.09,64.24,194.31,1,-1,-1,-1
511,1061,434.27,726.92,98.25,295.63,1,-1,-1,-1
512,1066,1644.78,658.37,67.71,205.19,1,-1,-1,-1
512,1062,1573.03,663.82,63.14,191.31,1,-1,-1,-1
513,1066,1612.03,661.81,65.48,198.29,1,-1,-1,-1
513,1062,1536.03,664.07,64.20,194.28,1,-1,-1,-1
513,1067,1655.86,552.84,29.49,90.38,1,-1,-1,-1
514,1066,1574.64,673.32,64.40,195.53,1,-1,-1,-1
514,1062,1503.95,668.73,67.50,204.66,1,-1,-1,-1
514,1067,1629.48,555.56,27.66,85.13,1,-1,-1,-1
515,1066,1535.20,671.02,67.48,204.55,1,-1,-1,-1
515,1062,1469.77,665.61,65.78,199.28,1,-1,-1,-1
515,1067,1601.66,553.46,28.70,88.14,1,-1,-1,-1
516,1066,1503.06,676.91,62.35,189.14,1,-1,-1,-1
516,1062,1435.75,667.70,68.12,206.32,1,-1,-1,-1
516,1067,1573.79,554.17,27.61,84.88,1,-1,-1,-1
517,1062,1396.69,668.40,69.06,208.84,1,-1,-1,-1
517,1067,1546.86,552.55,28.71,88.08,1,-1,-1,-1
517,1069,1511.86,568.76,39.13,119.26,1,-1,-1,-1
518,1062,1364.80,669.19,69.16,209.75,1,-1,-1,-1
518,1069,1487.63,569.01,39.10,119.39,1,-1,-1,-1
519,1062,1336.92,673.90,66.24,200.65,1,-1,-1,-1
519,1069,1458.04,562.47,39.12,119.27,1,-1,-1,-1
519,1070,1786.41,736.29,91.18,275.37,1,-1,-1,-1
519,1066,1406.64,669.99,68.06,206.15,1,-1,-1,-1
520,1062,1298.92,671.17,68.04,206.45,1,-1,-1,-1
520,1069,1432.50,560.77,39.03,119.21,1,-1,-1,-1
520,1070,1750.53,736.80,91.14,275.71,1,-1,-1,-1
521,1069,1408.13,560.51,39.00,119.15,1,-1,-1,-1
521,1070,1716.05,731.82,96.20,290.85,1,-1,-1,-1
521,1067,1443.40,549.24,27.47,84.55,1,-1,-1,-1
522,1069,1384.42,560.26,39.03,119.16,1,-1,-1,-1
522,1070,1690.26,734.61,93.00,281.07,1,-1,-1,-1
523,1069,1356.99,558.52,41.03,125.19,1,-1,-1,-1
523,1070,1656.78,735.87,91.63,277.04,1,-1,-1,-1
523,1066,1281.70,681.78,68.93,209.23,1,-1,-1,-1
524,1069,1330.35,557.72,41.82,127.27,1,-1,-1,-1
524,1066,1248.81,687.73,65.73,198.99,1,-1,-1,-1
525,1069,1304.91,559.97,40.01,122.19,1,-1,-1,-1
525,1066,1213.86,685.90,67.67,205.26,1,-1,-1,-1
525,1070,1583.63,735.76,91.26,275.84,1,-1,-1,-1
526,1069,1280.54,560.59,39.39,120.16,1,-1,-1,-1
526,1066,1180.65,677.88,71.82,217.49,1,-1,-1,-1
526,1070,1555.16,716.86,95.97,289.99,1,-1,-1,-1
526,1062,1091.32,673.07,73.60,223.11,1,-1,-1,-1
527,1069,1256.76,561.15,39.11,119.43,1,-1,-1,-1
527,1066,1149.78,675.12,73.27,222.08,1,-1,-1,-1
527,1070,1525.39,716.12,92.96,281.44,1,-1,-1,-1
527,1062,1068.57,680.87,70.43,213.60,1,-1,-1,-1
528,1069,1232.83,561.77,38.99,119.17,1,-1,-1,-1
528,1066,1115.96,690.75,70.46,213.92,1,-1,-1,-1
528,1070,1496.64,711.33,96.23,291.42,1,-1,-1,-1
528,1062,1032.91,683.99,69.31,210.39,1,-1,-1,-1
529,1069,1208.73,561.48,39.03,119.04,1,-1,-1,-1
529,1066,1085.92,696.30,69.48,210.45,1,-1,-1,-1
529,1070,1460.70,709.04,97.58,294.88,1,-1,-1,-1
529,1062,1002.34,684.65,69.03,209.10,1,-1,-1,-1
530,1069,1184.16,561.07,38.95,118.91,1,-1,-1,-1
530,1066,1044.34,692.13,75.92,229.93,1,-1,-1,-1
530,1070,1434.50,721.23,97.79,295.80,1,-1,-1,-1
531,1069,1166.18,560.74,39.09,118.94,1,-1,-1,-1
531,1066,1009.64,690.66,78.56,237.12,1,-1,-1,-1
531,1070,1399.73,730.02,93.84,282.88,1,-1,-1,-1
531,1062,945.08,694.88,69.01,208.95,1,-1,-1,-1
532,1069,1144.23,566.69,38.86,118.79,1,-1,-1,-1
532,1070,1375.35,729.84,96.10,290.91,1,-1,-1,-1
532,1062,908.26,696.87,68.71,208.89,1,-1,-1,-1
533,1069,1121.82,568.35,38.94,118.90,1,-1,-1,-1
533,1070,1342.37,729.41,97.27,294.13,1,-1,-1,-1
533,1062,877.95,706.71,68.87,209.09,1,-1,-1,-1
533,1066,944.62,702.49,79.18,240.17,1,-1,-1,-1
534,1069,1103.89,569.74,38.89,119.03,1,-1,-1,-1
534,1070,1320.58,734.50,93.05,282.31,1,-1,-1,-1
534,1066,912.82,705.72,79.17,240.67,1,-1,-1,-1
535,1069,1081.94,569.52,38.94,118.98,1,-1,-1,-1
535,1070,1289.77,723.68,100.91,305.27,1,-1,-1,-1
535,1066,877.31,705.57,83.10,252.06,1,-1,-1,-1
536,1069,1064.27,569.49,39.03,119.00,1,-1,-1,-1
536,1070,1261.80,727.15,99.24,299.65,1,-1,-1,-1
536,1066,842.73,705.71,84.69,256.34,1,-1,-1,-1
537,1069,1042.62,568.09,38.95,118.40,1,-1,-1,-1
537,1070,1227.61,718.94,102.94,309.86,1,-1,-1,-1
537,1066,811.35,700.61,89.06,268.62,1,-1,-1,-1
538,1069,1021.96,574.57,40.51,124.55,1,-1,-1,-1
538,1070,1201.88,719.96,103.27,315.24,1,-1,-1,-1
538,1066,774.29,715.00,85.73,262.92,1,-1,-1,-1
539,1069,1001.86,575.69,39.45,120.69,1,-1,-1,-1
539,1070,1179.21,724.24,99.49,301.80,1,-1,-1,-1
539,1066,740.48,718.74,85.13,258.96,1,-1,-1,-1
540,1069,978.88,577.94,39.13,119.76,1,-1,-1,-1
540,1070,1144.47,721.42,102.98,312.12,1,-1,-1,-1
540,1066,704.74,722.26,85.07,258.61,1,-1,-1,-1
540,1062,626.85,720.79,78.55,238.37,1,-1,-1,-1
541,1069,960.68,577.50,38.99,118.78,1,-1,-1,-1
541,1070,1111.39,722.41,109.13,329.26,1,-1,-1,-1
541,1066,671.52,733.43,84.97,256.99,1,-1,-1,-1
542,1069,939.09,577.73,38.64,118.65,1,-1,-1,-1
542,1070,1079.07,733.36,105.62,321.62,1,-1,-1,-1
542,1066,640.90,746.71,80.41,245.48,1,-1,-1,-1
543,1069,921.40,577.15,38.65,118.25,1,-1,-1,-1
543,1070,1059.62,742.65,99.94,303.24,1,-1,-1,-1
543,1066,609.68,739.94,87.04,264.15,1,-1,-1,-1
544,1069,900.72,582.89,41.18,124.61,1,-1,-1,-1
544,1070,1040.14,761.78,99.46,297.95,1,-1,-1,-1
544,1066,571.49,752.89,90.82,272.41,1,-1,-1,-1
545,1069,882.55,577.97,39.35,120.56,1,-1,-1,-1
545,1070,1014.02,759.99,101.87,308.42,1,-1,-1,-1
545,1066,548.40,752.82,86.16,261.85,1,-1,-1,-1
546,1069,864.35,576.57,39.32,119.85,1,-1,-1,-1
546,1070,986.40,766.33,99.67,300.59,1,-1,-1,-1
547,1069,843.09,576.56,39.19,118.98,1,-1,-1,-1
548,1069,824.46,575.89,40.93,124.57,1,-1,-1,-1
549,1069,806.94,575.25,41.66,126.47,1,-1,-1,-1
549,1074,366.77,746.06,110.69,334.08,1,-1,-1,-1
549,1070,907.19,768.06,97.92,295.60,1,-1,-1,-1
550,1069,784.09,575.34,41.84,127.39,1,-1,-1,-1
550,1074,340.17,757.29,105.96,320.78,1,-1,-1,-1
551,1069,764.93,575.63,41.99,127.71,1,-1,-1,-1
551,1074,300.65,768.15,98.91,298.99,1,-1,-1,-1
551,1070,847.41,745.20,103.17,312.30,1,-1,-1,-1
552,1069,747.03,575.20,42.05,127.89,1,-1,-1,-1
552,1074,259.83,770.59,97.00,293.02,1,-1,-1,-1
552,1070,823.15,754.15,104.44,315.96,1,-1,-1,-1
553,1069,729.82,575.58,42.09,127.83,1,-1,-1,-1
553,1070,791.75,763.36,100.30,302.98,1,-1,-1,-1
554,1069,711.77,575.95,42.06,128.01,1,-1,-1,-1
554,1074,179.28,786.82,97.06,293.27,1,-1,-1,-1
555,1069,695.32,575.67,42.04,127.84,1,-1,-1,-1
555,1070,746.58,767.69,98.29,297.44,1,-1,-1,-1
556,1069,673.77,571.81,44.05,134.07,1,-1,-1,-1
556,1070,719.18,762.40,102.62,310.64,1,-1,-1,-1
557,1069,660.12,573.67,42.80,130.02,1,-1,-1,-1
557,1070,696.77,760.31,104.10,314.43,1,-1,-1,-1
558,1069,638.29,571.36,44.16,134.63,1,-1,-1,-1
558,1070,671.20,765.07,99.57,302.11,1,-1,-1,-1
558,1067,713.00,512.88,38.99,119.00,1,-1,-1,-1
559,1069,624.44,570.48,44.76,136.41,1,-1,-1,-1
559,1070,649.44,767.20,98.09,297.34,1,-1,-1,-1
560,1069,603.41,572.06,47.35,143.71,1,-1,-1,-1
560,1070,615.61,782.40,98.00,295.82,1,-1,-1,-1
561,1069,588.25,571.15,45.99,139.94,1,-1,-1,-1
561,1070,589.40,759.62,107.37,324.39,1,-1,-1,-1
562,1069,572.39,572.50,47.69,144.75,1,-1,-1,-1
562,1070,560.90,755.25,116.16,350.17,1,-1,-1,-1
563,1069,553.90,577.63,46.04,140.17,1,-1,-1,-1
563,1070,534.77,753.17,119.31,360.49,1,-1,-1,-1
564,1069,539.95,582.55,43.47,132.16,1,-1,-1,-1
564,1070,509.75,752.77,120.89,364.52,1,-1,-1,-1
565,1069,523.66,582.37,46.67,142.00,1,-1,-1,-1
565,1070,479.09,763.24,115.73,349.88,1,-1,-1,-1
566,1069,505.06,582.83,47.95,145.54,1,-1,-1,-1
566,1070,453.45,768.11,114.06,343.90,1,-1,-1,-1
567,1069,488.26,582.04,46.16,140.52,1,-1,-1,-1
567,1070,433.78,774.85,118.53,357.93,1,-1,-1,-1
568,1069,470.69,587.13,45.44,138.25,1,-1,-1,-1
568,1070,411.68,776.51,120.17,362.62,1,-1,-1,-1
569,1069,454.36,584.28,47.37,144.04,1,-1,-1,-1
569,1070,386.02,787.64,115.41,348.40,1,-1,-1,-1
570,1069,435.69,582.62,50.36,153.03,1,-1,-1,-1
570,1070,362.59,791.53,113.42,342.39,1,-1,-1,-1
571,1069,421.75,582.67,51.51,156.57,1,-1,-1,-1
572,1069,403.68,582.00,51.92,157.85,1,-1,-1,-1
573,1069,383.65,581.68,52.01,158.21,1,-1,-1,-1
574,1069,368.98,588.99,52.04,158.44,1,-1,-1,-1
575,1069,354.70,590.91,49.59,151.44,1,-1,-1,-1
576,1069,339.02,592.81,51.23,155.63,1,-1,-1,-1
577,1069,319.56,590.23,54.15,164.72,1,-1,-1,-1
578,1069,306.04,591.60,52.90,160.71,1,-1,-1,-1
579,1069,286.36,590.22,54.75,166.50,1,-1,-1,-1
580,1069,271.82,590.00,55.49,168.70,1,-1,-1,-1
581,1069,252.08,589.48,55.78,169.49,1,-1,-1,-1
582,1069,237.73,589.48,55.93,169.76,1,-1,-1,-1
583,1069,225.52,596.91,55.86,169.72,1,-1,-1,-1
584,1069,208.42,595.96,58.55,177.63,1,-1,-1,-1
585,1069,194.53,596.16,59.57,180.58,1,-1,-1,-1
586,1069,182.17,595.84,60.02,181.51,1,-1,-1,-1
587,1069,170.03,606.81,57.40,173.85,1,-1,-1,-1
587,1078,1774.66,592.71,51.83,157.60,1,-1,-1,-1
588,1069,150.56,611.44,56.37,171.06,1,-1,-1,-1
589,1069,134.81,609.63,58.64,177.89,1,-1,-1,-1
589,1078,1770.15,575.87,62.85,190.68,1,-1,-1,-1
590,1069,121.83,608.49,59.42,180.37,1,-1,-1,-1
590,1078,1770.40,570.79,61.78,187.61,1,-1,-1,-1
591,1069,106.53,602.60,62.60,189.77,1,-1,-1,-1
591,1078,1761.98,569.06,61.03,185.19,1,-1,-1,-1
592,1069,92.14,609.76,64.03,193.53,1,-1,-1,-1
592,1078,1765.37,573.41,58.01,175.59,1,-1,-1,-1
593,1069,79.72,611.20,64.23,194.60,1,-1,-1,-1
593,1078,1768.80,570.67,59.36,180.05,1,-1,-1,-1
594,1069,60.28,604.67,67.50,204.18,1,-1,-1,-1
594,1078,1774.49,574.25,57.19,173.32,1,-1,-1,-1
594,1067,329.09,528.97,39.01,119.09,1,-1,-1,-1
595,1069,44.40,610.23,68.48,207.90,1,-1,-1,-1
595,1078,1773.26,580.48,58.91,179.07,1,-1,-1,-1
596,1069,29.08,614.08,69.33,209.55,1,-1,-1,-1
596,1078,1775.72,581.45,59.91,181.37,1,-1,-1,-1
596,1067,320.82,529.18,39.09,119.25,1,-1,-1,-1
597,1069,22.74,621.03,65.98,200.57,1,-1,-1,-1
597,1078,1776.84,587.86,57.05,173.70,1,-1,-1,-1
597,1067,313.73,528.83,38.97,119.38,1,-1,-1,-1
598,1069,13.00,628.33,68.39,206.14,1,-1,-1,-1
598,1078,1778.09,579.97,56.48,170.50,1,-1,-1,-1
598,1067,311.42,530.17,39.27,119.34,1,-1,-1,-1
599,1069,2.09,629.29,72.31,217.75,1,-1,-1,-1
599,1067,306.45,529.23,39.22,119.15,1,-1,-1,-1
600,1069,-2.87,636.00,67.35,203.64,1,-1,-1,-1
600,1067,304.17,529.19,39.09,119.23,1,-1,-1,-1
600,1078,1782.61,571.18,59.18,179.02,1,-1,-1,-1
601,1067,298.94,528.77,39.08,119.08,1,-1,-1,-1
601,1078,1783.19,568.99,59.75,180.93,1,-1,-1,-1
602,1067,297.10,534.12,39.05,118.99,1,-1,-1,-1
602,1078,1781.72,569.69,62.80,190.20,1,-1,-1,-1
603,1067,293.21,532.77,40.95,124.83,1,-1,-1,-1
603,1078,1782.96,560.59,66.93,202.80,1,-1,-1,-1
604,1067,289.62,535.97,39.83,121.27,1,-1,-1,-1
605,1067,288.58,536.34,39.30,119.81,1,-1,-1,-1
606,1067,282.98,536.44,39.06,119.29,1,-1,-1,-1
607,1067,281.21,536.60,38.96,119.05,1,-1,-1,-1
608,1067,280.47,535.85,38.83,119.08,1,-1,-1,-1
609,1067,280.42,536.19,38.88,118.96,1,-1,-1,-1
610,1067,274.94,530.65,38.81,118.98,1,-1,-1,-1
611,1067,272.93,529.25,38.87,118.96,1,-1,-1,-1
612,1067,272.25,528.63,38.91,118.97,1,-1,-1,-1
613,1067,266.92,528.13,38.90,118.95,1,-1,-1,-1
613,1078,1819.41,596.96,64.15,194.81,1,-1,-1,-1
614,1067,264.92,528.54,38.91,118.96,1,-1,-1,-1
615,1067,264.30,528.63,38.92,118.95,1,-1,-1,-1
616,1067,258.61,529.32,38.96,118.96,1,-1,-1,-1
616,1081,1853.31,600.56,67.73,205.36,1,-1,-1,-1
617,1067,256.80,528.96,38.96,118.94,1,-1,-1,-1
618,1067,250.75,529.12,38.97,118.94,1,-1,-1,-1
619,1067,248.61,529.44,39.06,118.96,1,-1,-1,-1
620,1067,247.92,529.16,39.03,118.97,1,-1,-1,-1
621,1067,242.68,526.11,41.01,124.65,1,-1,-1,-1
622,1067,240.67,528.20,39.79,121.18,1,-1,-1,-1
623,1067,240.06,534.97,39.48,119.75,1,-1,-1,-1
624,1067,240.28,530.53,39.07,119.22,1,-1,-1,-1
625,1067,240.33,536.81,39.20,119.02,1,-1,-1,-1
626,1067,234.95,532.93,41.00,124.68,1,-1,-1,-1
627,1067,238.30,543.07,40.08,121.04,1,-1,-1,-1
628,1067,234.95,544.55,39.29,119.70,1,-1,-1,-1
629,1067,233.47,551.74,39.37,119.13,1,-1,-1,-1
630,1067,233.20,551.05,41.08,124.73,1,-1,-1,-1
631,1067,238.66,551.76,39.63,121.24,1,-1,-1,-1
632,1067,240.48,553.75,39.28,119.69,1,-1,-1,-1
633,1067,241.25,553.18,38.99,119.23,1,-1,-1,-1
634,1067,241.35,554.08,39.03,118.95,1,-1,-1,-1
635,1067,241.77,552.39,38.75,118.98,1,-1,-1,-1
636,1067,241.50,560.09,39.00,118.94,1,-1,-1,-1
637,1067,241.02,554.91,42.81,130.85,1,-1,-1,-1
638,1067,246.46,560.43,40.67,123.59,1,-1,-1,-1
639,1067,248.87,560.36,39.37,120.71,1,-1,-1,-1
640,1067,249.98,559.83,41.06,125.31,1,-1,-1,-1
641,1067,250.46,564.76,41.59,127.02,1,-1,-1,-1
642,1067,255.50,567.35,39.88,122.01,1,-1,-1,-1
647,1067,274.84,567.01,41.72,127.35,1,-1,-1,-1
650,1067,284.36,566.72,41.93,127.92,1,-1,-1,-1
651,1067,291.52,567.80,42.08,127.77,1,-1,-1,-1
671,1067,402.65,510.47,27.39,84.39,1,-1,-1,-1
676,1081,1521.24,317.81,104.56,315.67,1,-1,-1,-1
682,1084,614.80,616.96,47.25,137.96,1,-1,-1,-1
683,1084,624.22,596.73,44.59,137.54,1,-1,-1,-1
688,1084,699.55,563.03,48.20,146.61,1,-1,-1,-1
692,1084,770.58,569.47,51.40,156.82,1,-1,-1,-1
693,1084,783.58,567.76,54.47,165.49,1,-1,-1,-1
700,1067,540.29,500.98,31.49,96.47,1,-1,-1,-1
701,1067,544.41,497.23,33.01,101.58,1,-1,-1,-1
702,1084,946.56,595.53,59.42,180.79,1,-1,-1,-1
708,1067,565.03,509.40,33.85,103.75,1,-1,-1,-1
711,1067,568.84,521.25,38.65,117.30,1,-1,-1,-1
712,1084,1117.46,631.93,59.96,181.44,1,-1,-1,-1
713,1084,1130.66,631.17,59.83,181.26,1,-1,-1,-1
713,1067,575.84,521.78,39.32,119.37,1,-1,-1,-1
714,1067,577.40,530.86,40.06,119.01,1,-1,-1,-1
715,1067,577.70,528.79,39.09,119.47,1,-1,-1,-1
716,1067,577.12,535.20,39.39,119.43,1,-1,-1,-1
716,1081,1433.51,522.14,23.78,73.37,1,-1,-1,-1
717,1067,577.49,537.03,38.99,119.49,1,-1,-1,-1
717,1081,1439.04,529.49,21.95,67.85,1,-1,-1,-1
717,1084,1208.93,626.24,64.10,193.16,1,-1,-1,-1
718,1067,582.53,538.52,39.29,119.44,1,-1,-1,-1
718,1081,1443.30,525.61,21.79,67.32,1,-1,-1,-1
719,1067,585.10,536.37,38.47,119.55,1,-1,-1,-1
720,1067,585.31,543.88,39.24,119.20,1,-1,-1,-1
721,1067,585.21,542.56,40.91,125.02,1,-1,-1,-1
721,1088,1296.81,454.44,40.21,122.94,1,-1,-1,-1
721,1084,1299.45,637.15,64.25,194.97,1,-1,-1,-1
722,1067,585.84,544.38,39.67,121.47,1,-1,-1,-1
722,1088,1298.30,452.16,44.05,134.31,1,-1,-1,-1
723,1067,591.73,544.74,39.08,119.90,1,-1,-1,-1
723,1088,1303.81,454.62,42.80,130.73,1,-1,-1,-1
723,1090,792.05,513.06,18.99,59.10,1,-1,-1,-1
724,1088,1305.98,463.57,42.50,129.07,1,-1,-1,-1
725,1067,593.48,553.85,39.33,119.53,1,-1,-1,-1
726,1067,594.04,552.21,38.74,119.59,1,-1,-1,-1
726,1088,1320.24,464.30,41.93,128.17,1,-1,-1,-1
727,1067,593.42,560.85,39.43,119.29,1,-1,-1,-1
727,1088,1323.70,461.68,44.55,134.49,1,-1,-1,-1
728,1067,599.35,559.77,38.77,119.49,1,-1,-1,-1
728,1090,808.91,525.14,19.01,59.08,1,-1,-1,-1
729,1067,600.95,560.02,38.87,119.30,1,-1,-1,-1
729,1090,809.60,524.64,18.97,58.99,1,-1,-1,-1
730,1067,601.76,567.03,39.13,119.21,1,-1,-1,-1
730,1090,815.64,528.30,19.05,58.97,1,-1,-1,-1
731,1067,601.80,562.03,38.76,119.28,1,-1,-1,-1
731,1090,820.44,525.40,18.87,59.01,1,-1,-1,-1
732,1067,601.58,559.58,40.98,124.91,1,-1,-1,-1
732,1090,821.60,524.81,19.02,58.97,1,-1,-1,-1
732,1084,1582.65,716.05,73.49,222.76,1,-1,-1,-1
733,1067,601.66,558.58,41.75,126.97,1,-1,-1,-1
733,1090,824.76,524.64,19.04,58.95,1,-1,-1,-1
733,1084,1600.01,708.79,81.39,246.42,1,-1,-1,-1
734,1067,606.91,558.38,39.71,122.32,1,-1,-1,-1
734,1090,828.78,523.93,18.87,59.03,1,-1,-1,-1
734,1088,1360.89,469.36,44.89,137.19,1,-1,-1,-1
735,1067,608.06,560.75,39.60,120.18,1,-1,-1,-1
735,1090,829.27,524.73,19.11,58.97,1,-1,-1,-1
736,1067,608.30,554.22,43.09,131.37,1,-1,-1,-1
736,1090,832.85,521.52,18.97,58.98,1,-1,-1,-1
737,1067,608.74,558.29,40.77,123.95,1,-1,-1,-1
737,1084,1710.00,687.16,89.95,272.69,1,-1,-1,-1
738,1067,609.35,559.41,41.59,126.59,1,-1,-1,-1
738,1090,836.99,520.76,21.39,66.14,1,-1,-1,-1
739,1067,609.75,558.68,41.85,127.56,1,-1,-1,-1
740,1067,608.08,561.31,44.18,133.96,1,-1,-1,-1
741,1067,607.84,562.02,44.80,136.46,1,-1,-1,-1
742,1067,607.45,562.56,45.15,137.33,1,-1,-1,-1
743,1067,609.95,562.90,47.38,144.09,1,-1,-1,-1
744,1067,607.77,562.04,45.96,140.27,1,-1,-1,-1
744,1090,845.70,528.21,20.58,63.90,1,-1,-1,-1
745,1067,606.89,568.39,45.69,138.52,1,-1,-1,-1
745,1090,845.62,528.58,20.55,63.49,1,-1,-1,-1
746,1067,602.89,564.41,47.33,144.52,1,-1,-1,-1
746,1090,845.77,528.68,20.36,63.43,1,-1,-1,-1
747,1067,605.63,568.73,46.05,140.02,1,-1,-1,-1
747,1090,845.93,528.56,20.42,63.30,1,-1,-1,-1
748,1067,606.58,569.99,45.46,138.33,1,-1,-1,-1
748,1090,846.02,528.20,20.43,63.33,1,-1,-1,-1
749,1067,602.95,565.31,47.47,144.24,1,-1,-1,-1
749,1090,848.62,528.41,20.45,63.31,1,-1,-1,-1
750,1067,602.22,569.35,48.08,146.33,1,-1,-1,-1
750,1090,850.03,528.00,20.40,63.28,1,-1,-1,-1
