1,1,125.45,159.39,55.57,168.71,1,-1,-1,-1
1,2,14.93,140.29,68.64,207.93,1,-1,-1,-1
2,1,122.97,158.62,59.05,179.41,1,-1,-1,-1
2,2,15.16,140.09,68.58,208.11,1,-1,-1,-1
3,1,130.21,147.21,62.97,191.38,1,-1,-1,-1
3,2,16.01,140.01,68.60,208.33,1,-1,-1,-1
4,1,132.31,143.90,64.51,194.95,1,-1,-1,-1
4,2,16.72,136.84,72.67,219.54,1,-1,-1,-1
5,1,144.28,154.03,61.90,186.42,1,-1,-1,-1
5,2,26.52,139.89,70.56,212.34,1,-1,-1,-1
6,1,147.64,156.91,60.49,183.06,1,-1,-1,-1
6,2,30.78,136.30,72.94,220.39,1,-1,-1,-1
7,1,156.57,157.44,59.87,181.91,1,-1,-1,-1
7,2,31.52,134.51,73.59,223.17,1,-1,-1,-1
8,1,157.18,146.15,65.98,200.18,1,-1,-1,-1
8,2,33.97,130.93,77.52,234.92,1,-1,-1,-1
9,1,167.65,153.38,61.90,188.83,1,-1,-1,-1
9,2,44.91,128.60,78.63,239.10,1,-1,-1,-1
10,1,171.94,155.33,63.35,192.93,1,-1,-1,-1
10,2,49.95,127.77,79.18,240.73,1,-1,-1,-1
11,1,181.39,156.41,64.11,194.03,1,-1,-1,-1
11,2,51.11,128.22,79.68,240.71,1,-1,-1,-1
12,1,184.31,143.22,70.94,213.94,1,-1,-1,-1
12,2,63.22,129.44,80.00,240.69,1,-1,-1,-1
13,1,193.21,149.49,70.12,211.49,1,-1,-1,-1
13,2,65.49,128.69,79.84,240.52,1,-1,-1,-1
14,1,207.23,153.90,66.91,200.92,1,-1,-1,-1
14,2,78.81,128.57,80.07,240.32,1,-1,-1,-1
15,1,211.57,137.17,75.36,227.29,1,-1,-1,-1
15,2,83.02,128.71,79.71,240.30,1,-1,-1,-1
16,1,220.67,145.92,71.57,216.79,1,-1,-1,-1
16,2,86.30,122.17,83.19,251.59,1,-1,-1,-1
17,1,223.82,150.79,69.95,212.09,1,-1,-1,-1
17,2,87.00,120.57,84.54,255.89,1,-1,-1,-1
17,9,214.39,95.20,97.62,294.92,1,-1,-1,-1
18,1,225.67,150.43,72.66,220.20,1,-1,-1,-1
18,2,91.34,114.04,89.09,269.52,1,-1,-1,-1
19,1,225.14,135.26,76.96,233.60,1,-1,-1,-1
19,2,91.82,110.31,90.53,274.61,1,-1,-1,-1
20,1,223.65,124.69,82.01,249.96,1,-1,-1,-1
20,2,79.29,109.34,90.73,276.74,1,-1,-1,-1
21,1,223.58,121.60,84.12,256.16,1,-1,-1,-1
21,2,78.64,102.28,95.34,290.01,1,-1,-1,-1
22,1,222.70,113.38,89.34,270.25,1,-1,-1,-1
22,2,78.98,99.13,97.59,294.93,1,-1,-1,-1
23,1,222.75,112.32,91.57,275.40,1,-1,-1,-1
23,2,79.62,100.15,98.63,296.43,1,-1,-1,-1
24,1,234.26,110.53,92.28,277.13,1,-1,-1,-1
24,2,76.29,106.74,94.57,283.79,1,-1,-1,-1
25,1,237.34,102.69,96.61,290.79,1,-1,-1,-1
25,10,65.92,83.89,115.84,349.18,1,-1,-1,-1
26,1,237.84,99.32,97.82,295.55,1,-1,-1,-1
26,10,68.35,89.80,112.90,340.99,1,-1,-1,-1
27,1,235.43,102.06,102.93,311.42,1,-1,-1,-1
27,2,65.81,106.29,103.39,312.12,1,-1,-1,-1
28,1,234.89,103.95,105.05,316.96,1,-1,-1,-1
28,2,67.69,96.66,109.78,331.03,1,-1,-1,-1
29,2,55.46,80.54,117.59,354.14,1,-1,-1,-1
29,9,243.47,73.78,120.20,362.62,1,-1,-1,-1
30,2,52.77,62.15,125.58,379.01,1,-1,-1,-1
30,1,247.31,93.80,111.43,336.13,1,-1,-1,-1
31,2,52.31,54.46,128.56,389.12,1,-1,-1,-1
31,1,250.67,92.80,112.02,339.04,1,-1,-1,-1
32,2,53.11,68.93,129.96,392.49,1,-1,-1,-1
32,1,248.48,81.26,117.79,355.74,1,-1,-1,-1
33,2,67.76,70.13,125.28,376.57,1,-1,-1,-1
33,1,264.27,75.36,120.37,362.03,1,-1,-1,-1
34,2,76.36,76.21,128.95,386.96,1,-1,-1,-1
34,1,272.67,86.56,116.06,348.19,1,-1,-1,-1
35,2,80.18,78.56,129.56,390.41,1,-1,-1,-1
35,9,286.97,79.21,128.87,388.47,1,-1,-1,-1
36,2,81.75,77.70,130.25,392.16,1,-1,-1,-1
36,1,292.62,96.25,119.80,360.79,1,-1,-1,-1
37,2,83.50,63.59,136.17,410.44,1,-1,-1,-1
37,1,290.30,85.40,126.26,380.61,1,-1,-1,-1
38,2,84.59,58.65,138.24,417.68,1,-1,-1,-1
38,1,290.05,82.05,128.45,388.12,1,-1,-1,-1
39,2,68.47,38.70,145.90,439.85,1,-1,-1,-1
39,1,302.27,64.80,135.72,409.19,1,-1,-1,-1
40,2,77.88,49.75,142.58,428.26,1,-1,-1,-1
40,1,307.01,59.83,138.67,416.64,1,-1,-1,-1
41,2,67.87,37.81,154.62,464.79,1,-1,-1,-1
41,1,307.87,57.24,139.67,419.83,1,-1,-1,-1
42,2,60.28,30.22,150.82,458.11,1,-1,-1,-1
42,1,306.92,55.18,138.74,421.05,1,-1,-1,-1
43,2,58.72,28.47,148.98,454.35,1,-1,-1,-1
43,1,307.44,55.63,138.11,420.98,1,-1,-1,-1
44,1,303.32,58.56,144.89,440.20,1,-1,-1,-1
45,2,59.46,28.59,148.67,451.31,1,-1,-1,-1
47,1,292.66,37.40,157.02,475.17,1,-1,-1,-1
51,1,318.86,33.88,159.56,480.57,1,-1,-1,-1
52,1,321.85,33.38,159.66,480.50,1,-1,-1,-1
52,2,126.70,26.04,130.39,393.77,1,-1,-1,-1
53,2,131.02,26.44,129.24,389.28,1,-1,-1,-1
54,2,132.64,26.97,128.74,387.59,1,-1,-1,-1
55,2,133.76,26.58,128.81,387.52,1,-1,-1,-1
56,2,133.19,26.88,128.56,387.17,1,-1,-1,-1
57,2,132.87,26.64,128.66,387.59,1,-1,-1,-1
58,2,132.91,27.24,128.59,387.18,1,-1,-1,-1
59,2,132.25,27.16,128.81,387.51,1,-1,-1,-1
60,2,131.67,26.74,128.71,387.66,1,-1,-1,-1
61,2,131.81,27.04,128.53,387.46,1,-1,-1,-1
62,2,131.91,26.73,128.60,387.81,1,-1,-1,-1
63,2,131.81,27.04,128.36,387.50,1,-1,-1,-1
64,2,131.89,27.20,128.52,387.58,1,-1,-1,-1
65,2,131.43,27.27,128.60,387.69,1,-1,-1,-1
66,2,131.16,27.23,128.48,387.82,1,-1,-1,-1
67,2,131.73,27.32,128.41,387.76,1,-1,-1,-1
68,2,131.97,27.33,128.39,387.90,1,-1,-1,-1
69,2,131.65,27.32,128.42,387.90,1,-1,-1,-1
70,2,131.58,27.39,128.50,387.99,1,-1,-1,-1
71,2,124.50,10.10,141.31,426.47,1,-1,-1,-1
72,2,122.18,3.91,145.94,440.49,1,-1,-1,-1
73,2,121.04,1.44,147.70,445.95,1,-1,-1,-1
74,2,133.55,0.45,141.93,428.51,1,-1,-1,-1
75,2,125.45,0.23,146.28,441.35,1,-1,-1,-1
76,2,135.01,0.12,141.41,426.54,1,-1,-1,-1
77,2,125.69,0.24,146.09,440.48,1,-1,-1,-1
78,2,122.25,0.28,147.81,445.51,1,-1,-1,-1
79,2,120.79,0.30,148.52,447.45,1,-1,-1,-1
80,2,120.22,0.40,148.76,447.98,1,-1,-1,-1
81,2,120.15,0.53,148.88,447.99,1,-1,-1,-1
82,2,119.96,0.51,148.86,448.09,1,-1,-1,-1
83,2,119.93,0.53,148.79,448.04,1,-1,-1,-1
84,2,132.88,18.95,142.06,428.28,1,-1,-1,-1
85,2,132.00,24.90,133.26,401.71,1,-1,-1,-1
86,2,131.39,27.08,130.09,392.00,1,-1,-1,-1
87,2,130.90,27.39,128.91,388.56,1,-1,-1,-1
88,2,131.21,28.05,128.61,387.37,1,-1,-1,-1
89,2,131.15,27.82,128.52,387.13,1,-1,-1,-1
90,2,130.92,27.80,128.60,387.16,1,-1,-1,-1
91,2,130.93,27.68,128.58,387.29,1,-1,-1,-1
95,2,121.50,3.40,146.00,440.01,1,-1,-1,-1
96,1,146.91,25.30,120.34,362.98,1,-1,-1,-1
97,1,145.38,25.37,119.91,361.84,1,-1,-1,-1
98,1,144.99,25.20,119.66,361.38,1,-1,-1,-1
99,2,137.97,25.96,139.38,420.36,1,-1,-1,-1
100,2,139.98,9.53,138.43,417.35,1,-1,-1,-1
101,2,140.99,4.41,138.08,416.29,1,-1,-1,-1
102,2,141.14,2.39,137.90,416.01,1,-1,-1,-1
103,2,141.25,1.68,137.88,415.95,1,-1,-1,-1
104,2,141.13,1.44,138.05,415.98,1,-1,-1,-1
105,2,140.76,19.71,138.17,416.09,1,-1,-1,-1
106,2,140.74,26.56,138.24,416.16,1,-1,-1,-1
107,2,140.71,29.14,138.26,416.21,1,-1,-1,-1
108,2,140.52,29.79,138.32,416.31,1,-1,-1,-1
109,2,140.32,30.05,138.28,416.40,1,-1,-1,-1
110,2,140.24,29.98,138.19,416.53,1,-1,-1,-1
111,2,140.42,29.98,138.07,416.49,1,-1,-1,-1
112,2,140.58,29.86,137.93,416.56,1,-1,-1,-1
113,2,140.54,29.79,137.93,416.55,1,-1,-1,-1
114,2,140.64,29.71,137.82,416.58,1,-1,-1,-1
115,2,140.73,29.58,137.82,416.45,1,-1,-1,-1
116,2,140.95,29.55,137.74,416.27,1,-1,-1,-1
117,2,141.14,29.51,137.74,416.01,1,-1,-1,-1
118,2,141.10,29.45,137.85,415.99,1,-1,-1,-1
119,2,152.41,28.25,131.66,397.28,1,-1,-1,-1
120,2,145.15,29.02,135.79,409.29,1,-1,-1,-1
121,2,149.44,11.14,143.71,432.88,1,-1,-1,-1
122,2,150.88,4.40,146.78,441.88,1,-1,-1,-1
135,2,141.01,28.76,138.51,417.28,1,-1,-1,-1
136,2,140.02,29.25,138.27,416.90,1,-1,-1,-1
137,2,139.75,29.44,138.21,416.72,1,-1,-1,-1
138,2,139.41,29.42,138.21,416.83,1,-1,-1,-1
139,2,139.78,29.42,138.11,416.64,1,-1,-1,-1
140,2,139.74,29.35,138.16,416.67,1,-1,-1,-1
141,2,150.75,28.10,132.00,398.00,1,-1,-1,-1
141,1,532.10,189.37,20.51,63.55,1,-1,-1,-1
142,2,155.16,27.62,129.67,390.88,1,-1,-1,-1
143,2,145.40,28.59,135.24,407.35,1,-1,-1,-1
144,2,152.91,27.68,130.95,394.88,1,-1,-1,-1
145,2,155.78,27.12,129.39,390.26,1,-1,-1,-1
146,2,145.97,28.40,134.98,407.16,1,-1,-1,-1
147,2,153.49,27.71,130.92,394.68,1,-1,-1,-1
148,2,145.61,29.02,135.53,408.13,1,-1,-1,-1
149,2,153.55,28.17,131.06,394.73,1,-1,-1,-1
150,2,145.35,28.93,135.62,408.64,1,-1,-1,-1
151,2,142.39,29.19,137.26,413.59,1,-1,-1,-1
152,2,151.88,27.93,131.75,397.55,1,-1,-1,-1
153,2,155.53,27.46,129.63,391.27,1,-1,-1,-1
154,2,156.62,27.20,128.88,389.15,1,-1,-1,-1
155,2,157.00,27.18,128.66,388.49,1,-1,-1,-1
156,2,145.82,28.30,134.82,406.97,1,-1,-1,-1
157,2,141.73,28.56,137.15,413.98,1,-1,-1,-1
158,2,140.06,28.60,138.15,416.90,1,-1,-1,-1
158,12,487.85,120.67,52.84,160.54,1,-1,-1,-1
159,2,139.64,28.74,138.47,417.86,1,-1,-1,-1
160,2,139.18,28.77,138.50,418.35,1,-1,-1,-1
161,2,149.83,27.02,132.46,400.44,1,-1,-1,-1
162,2,143.52,27.78,136.69,411.99,1,-1,-1,-1
163,2,147.21,10.02,144.77,435.93,1,-1,-1,-1
164,2,148.57,3.09,147.59,444.75,1,-1,-1,-1
165,2,143.05,0.67,142.10,428.66,1,-1,-1,-1
166,2,133.70,-0.24,153.59,463.03,1,-1,-1,-1
166,12,488.04,138.57,45.07,137.25,1,-1,-1,-1
167,2,124.21,-0.27,150.91,454.98,1,-1,-1,-1
168,2,120.84,-0.22,149.64,451.04,1,-1,-1,-1
168,12,489.10,145.67,42.24,128.75,1,-1,-1,-1
169,2,119.89,0.12,149.22,449.35,1,-1,-1,-1
170,2,125.15,0.07,155.98,469.83,1,-1,-1,-1
170,12,487.97,139.81,44.45,135.34,1,-1,-1,-1
171,2,121.65,0.25,151.49,456.49,1,-1,-1,-1
172,2,120.52,0.39,149.74,450.69,1,-1,-1,-1
173,2,120.37,0.59,148.93,448.53,1,-1,-1,-1
174,2,120.05,0.65,148.69,447.60,1,-1,-1,-1
175,2,125.69,0.87,155.61,468.43,1,-1,-1,-1
178,2,121.72,1.44,149.71,450.87,1,-1,-1,-1
180,2,144.64,1.37,148.39,447.29,1,-1,-1,-1
181,2,128.98,1.07,148.31,446.90,1,-1,-1,-1
182,2,123.43,0.90,148.31,446.81,1,-1,-1,-1
183,2,121.34,0.83,148.32,446.80,1,-1,-1,-1
184,2,140.37,0.90,148.38,446.78,1,-1,-1,-1
185,2,127.78,0.89,148.38,446.78,1,-1,-1,-1
186,2,122.97,0.89,148.34,446.81,1,-1,-1,-1
187,2,121.07,0.94,148.28,446.81,1,-1,-1,-1
188,2,120.39,0.88,148.23,446.85,1,-1,-1,-1
189,2,120.21,0.84,148.22,446.87,1,-1,-1,-1
190,2,120.12,0.89,148.23,446.85,1,-1,-1,-1
191,2,120.07,0.94,148.24,446.84,1,-1,-1,-1
192,2,120.07,0.92,148.23,446.85,1,-1,-1,-1
193,2,120.05,0.94,148.20,446.88,1,-1,-1,-1
194,2,120.03,0.88,148.22,446.91,1,-1,-1,-1
195,2,119.83,0.83,148.24,446.98,1,-1,-1,-1
196,2,119.98,0.92,148.33,446.95,1,-1,-1,-1
197,2,120.15,0.98,148.41,446.97,1,-1,-1,-1
198,2,119.95,1.01,148.40,446.99,1,-1,-1,-1
199,2,119.84,0.91,148.40,447.04,1,-1,-1,-1
200,2,119.97,0.91,148.38,447.06,1,-1,-1,-1
201,2,119.96,0.95,148.36,447.03,1,-1,-1,-1
202,2,119.79,0.89,148.37,447.12,1,-1,-1,-1
202,12,528.32,182.71,29.36,90.07,1,-1,-1,-1
204,2,113.65,22.80,140.46,423.62,1,-1,-1,-1
205,2,125.39,26.23,132.38,399.01,1,-1,-1,-1
206,2,116.51,28.63,136.08,409.80,1,-1,-1,-1
207,2,113.30,29.58,137.37,413.54,1,-1,-1,-1
208,2,112.01,29.65,137.84,415.26,1,-1,-1,-1
209,2,124.61,28.57,131.62,396.99,1,-1,-1,-1
210,2,139.29,26.75,123.60,372.90,1,-1,-1,-1
211,2,144.77,25.85,120.80,364.27,1,-1,-1,-1
212,2,146.27,42.63,120.02,361.59,1,-1,-1,-1
213,2,155.24,45.53,114.20,344.48,1,-1,-1,-1
214,2,158.71,46.94,112.10,338.37,1,-1,-1,-1
215,2,168.15,49.57,116.88,352.73,1,-1,-1,-1
216,2,171.21,49.89,118.48,358.18,1,-1,-1,-1
217,2,165.31,48.41,113.64,343.44,1,-1,-1,-1
218,2,170.59,50.46,117.35,354.32,1,-1,-1,-1
219,2,180.56,63.95,113.48,341.84,1,-1,-1,-1
220,2,184.64,69.43,112.07,336.80,1,-1,-1,-1
221,2,185.12,70.92,111.71,335.77,1,-1,-1,-1
221,12,478.96,172.72,36.29,110.87,1,-1,-1,-1
222,2,196.01,78.12,101.87,306.59,1,-1,-1,-1
223,2,201.42,80.82,97.41,294.16,1,-1,-1,-1
224,2,204.63,90.09,91.90,278.33,1,-1,-1,-1
225,2,205.23,93.34,90.42,273.29,1,-1,-1,-1
226,2,219.51,101.79,85.59,259.12,1,-1,-1,-1
227,2,224.03,104.70,84.03,254.66,1,-1,-1,-1
227,15,332.68,52.25,142.21,428.92,1,-1,-1,-1
228,2,225.41,105.38,83.63,253.49,1,-1,-1,-1
228,15,323.60,37.08,155.43,468.56,1,-1,-1,-1
229,15,331.71,50.06,144.42,434.75,1,-1,-1,-1
230,15,334.46,55.51,139.87,420.47,1,-1,-1,-1
230,2,239.07,99.26,79.76,240.88,1,-1,-1,-1
231,15,335.52,56.80,138.45,416.65,1,-1,-1,-1
231,2,250.83,102.59,75.63,228.36,1,-1,-1,-1
231,12,480.86,177.07,38.87,118.53,1,-1,-1,-1
232,15,336.09,57.09,137.73,415.22,1,-1,-1,-1
232,2,255.24,103.64,73.99,223.82,1,-1,-1,-1
232,17,455.96,163.84,41.88,127.60,1,-1,-1,-1
233,15,336.71,56.98,137.60,415.59,1,-1,-1,-1
233,2,258.57,109.06,77.11,233.58,1,-1,-1,-1
234,15,357.57,72.63,131.42,395.76,1,-1,-1,-1
234,2,261.04,105.20,82.18,248.18,1,-1,-1,-1
235,15,364.89,77.84,128.95,389.68,1,-1,-1,-1
235,2,268.95,104.45,76.69,232.63,1,-1,-1,-1
236,15,366.17,64.18,134.73,406.69,1,-1,-1,-1
236,2,282.07,104.41,74.53,225.89,1,-1,-1,-1
237,15,385.46,75.10,131.01,393.78,1,-1,-1,-1
237,2,293.04,110.02,70.64,213.17,1,-1,-1,-1
238,15,391.39,78.67,129.31,389.04,1,-1,-1,-1
238,2,299.76,106.92,72.48,218.92,1,-1,-1,-1
239,15,408.36,93.15,123.24,368.96,1,-1,-1,-1
239,2,307.39,110.76,70.04,210.48,1,-1,-1,-1
240,15,416.23,84.37,126.49,379.19,1,-1,-1,-1
240,2,309.61,111.40,68.81,206.96,1,-1,-1,-1
241,15,417.79,81.72,126.60,382.79,1,-1,-1,-1
241,2,312.83,115.60,64.66,196.51,1,-1,-1,-1
242,15,433.08,93.33,120.03,368.00,1,-1,-1,-1
242,2,314.42,117.37,62.87,193.25,1,-1,-1,-1
243,15,441.22,84.56,125.62,380.97,1,-1,-1,-1
243,2,313.96,117.91,63.29,192.73,1,-1,-1,-1
245,2,323.71,118.03,64.19,192.25,1,-1,-1,-1
246,2,325.33,117.10,64.53,193.48,1,-1,-1,-1
247,2,325.49,117.91,65.02,192.25,1,-1,-1,-1
248,2,313.67,113.46,67.34,203.22,1,-1,-1,-1
249,2,316.23,118.22,62.84,190.08,1,-1,-1,-1
249,21,409.81,167.32,39.19,119.21,1,-1,-1,-1
249,15,475.20,91.16,114.41,339.74,1,-1,-1,-1
250,2,321.78,114.25,66.49,202.74,1,-1,-1,-1
250,21,410.79,169.10,38.99,119.27,1,-1,-1,-1
250,22,141.46,28.88,138.13,417.55,1,-1,-1,-1
251,2,325.57,115.96,64.39,196.78,1,-1,-1,-1
251,21,412.08,164.88,41.09,125.39,1,-1,-1,-1
251,22,149.62,30.53,145.43,439.02,1,-1,-1,-1
252,2,328.05,120.90,61.29,186.48,1,-1,-1,-1
252,21,415.64,168.42,39.97,121.42,1,-1,-1,-1
252,22,150.91,31.93,148.96,447.75,1,-1,-1,-1
252,15,494.00,149.82,99.05,300.06,1,-1,-1,-1
253,2,337.50,131.60,57.82,174.34,1,-1,-1,-1
253,21,417.57,168.55,39.71,119.86,1,-1,-1,-1
253,12,462.36,146.66,59.51,180.43,1,-1,-1,-1
254,2,339.97,133.55,59.01,178.61,1,-1,-1,-1
254,21,415.40,166.73,43.63,132.19,1,-1,-1,-1
254,12,463.07,146.95,57.75,175.16,1,-1,-1,-1
255,2,340.11,135.26,59.21,180.05,1,-1,-1,-1
255,21,413.86,167.24,44.81,136.35,1,-1,-1,-1
255,22,192.53,56.93,140.40,420.87,1,-1,-1,-1
256,2,339.36,135.75,56.56,172.83,1,-1,-1,-1
256,21,411.43,169.84,43.15,131.94,1,-1,-1,-1
256,24,95.46,138.82,54.87,166.74,1,-1,-1,-1
257,2,347.61,136.65,55.65,169.77,1,-1,-1,-1
257,24,91.74,137.30,55.51,168.47,1,-1,-1,-1
258,2,341.68,134.97,58.03,177.11,1,-1,-1,-1
258,12,419.93,133.73,63.43,192.48,1,-1,-1,-1
258,22,182.42,34.81,147.34,444.34,1,-1,-1,-1
259,2,339.83,136.42,56.05,171.46,1,-1,-1,-1
259,26,492.61,168.60,48.21,146.87,1,-1,-1,-1
259,12,406.22,125.20,70.26,213.22,1,-1,-1,-1
259,22,180.48,31.29,148.18,447.65,1,-1,-1,-1
260,12,387.28,128.24,75.92,230.79,1,-1,-1,-1
260,22,165.14,31.95,155.49,470.57,1,-1,-1,-1
261,12,369.67,129.43,77.84,237.68,1,-1,-1,-1
261,22,152.53,30.76,150.55,457.92,1,-1,-1,-1
261,2,327.60,146.16,55.20,169.37,1,-1,-1,-1
262,12,347.72,124.21,82.73,251.50,1,-1,-1,-1
262,22,148.12,29.85,149.54,452.77,1,-1,-1,-1
263,12,328.76,121.65,84.44,256.12,1,-1,-1,-1
263,22,127.49,29.73,148.83,449.39,1,-1,-1,-1
264,12,312.72,120.31,85.69,258.71,1,-1,-1,-1
264,22,121.02,29.21,149.55,449.50,1,-1,-1,-1
265,12,284.12,106.44,94.25,284.40,1,-1,-1,-1
265,28,371.11,159.34,51.91,157.76,1,-1,-1,-1
266,12,273.74,114.10,89.22,269.62,1,-1,-1,-1
266,28,369.65,158.95,51.85,157.71,1,-1,-1,-1
267,12,270.17,108.95,91.17,275.37,1,-1,-1,-1
267,28,360.85,149.41,51.88,157.71,1,-1,-1,-1
267,2,316.27,137.59,52.12,158.70,1,-1,-1,-1
268,28,354.04,136.58,57.82,175.17,1,-1,-1,-1
268,2,317.61,136.47,51.94,157.42,1,-1,-1,-1
269,28,350.38,134.44,57.01,172.34,1,-1,-1,-1
269,2,317.18,129.06,51.93,157.05,1,-1,-1,-1
270,28,340.58,114.76,56.28,171.46,1,-1,-1,-1
270,2,308.30,105.80,54.28,165.17,1,-1,-1,-1
271,28,330.88,86.38,57.96,178.52,1,-1,-1,-1
272,28,315.68,43.06,62.86,191.71,1,-1,-1,-1
273,28,311.75,38.66,64.64,194.90,1,-1,-1,-1
273,21,267.63,65.62,44.95,137.05,1,-1,-1,-1
274,28,306.16,55.77,69.12,204.02,1,-1,-1,-1
274,21,265.26,83.84,45.82,136.28,1,-1,-1,-1
275,28,295.05,71.88,70.84,206.46,1,-1,-1,-1
275,21,264.22,103.44,46.13,135.53,1,-1,-1,-1
276,21,265.92,131.18,45.77,135.93,1,-1,-1,-1
277,22,56.53,28.20,139.40,417.92,1,-1,-1,-1
277,28,280.67,112.58,70.31,208.13,1,-1,-1,-1
278,22,52.60,31.46,141.27,416.83,1,-1,-1,-1
278,28,266.17,113.86,71.35,208.33,1,-1,-1,-1
278,12,178.23,107.04,75.51,224.39,1,-1,-1,-1
279,22,33.06,38.12,148.58,434.91,1,-1,-1,-1
279,28,250.43,128.62,71.21,206.90,1,-1,-1,-1
280,22,3.28,31.78,149.03,445.46,1,-1,-1,-1
280,15,257.78,207.35,48.69,147.18,1,-1,-1,-1
280,2,293.68,156.71,46.32,137.26,1,-1,-1,-1
280,12,162.33,139.24,70.47,209.73,1,-1,-1,-1
281,2,265.25,131.45,50.66,153.14,1,-1,-1,-1
281,12,138.45,129.14,65.65,200.17,1,-1,-1,-1
281,28,189.12,105.94,82.64,248.31,1,-1,-1,-1
282,2,256.43,145.95,45.65,143.72,1,-1,-1,-1
282,28,158.37,107.99,83.44,257.56,1,-1,-1,-1
283,26,264.95,148.80,51.80,157.36,1,-1,-1,-1
284,2,277.18,158.83,46.80,145.67,1,-1,-1,-1
284,28,151.08,114.10,87.66,271.76,1,-1,-1,-1
285,2,288.29,149.08,51.03,153.94,1,-1,-1,-1
285,28,157.77,103.16,95.31,287.29,1,-1,-1,-1
286,2,304.95,155.05,50.77,150.30,1,-1,-1,-1
286,28,164.41,109.68,94.92,281.06,1,-1,-1,-1
287,28,174.43,104.13,97.95,291.28,1,-1,-1,-1
287,17,258.34,166.40,44.95,136.84,1,-1,-1,-1
288,28,177.89,100.19,99.30,296.38,1,-1,-1,-1
288,34,392.97,59.17,135.52,407.92,1,-1,-1,-1
289,28,183.83,95.01,109.35,326.63,1,-1,-1,-1
289,34,416.69,57.25,138.95,416.75,1,-1,-1,-1
289,36,365.19,56.97,93.01,279.81,1,-1,-1,-1
289,15,288.50,185.10,39.03,119.34,1,-1,-1,-1
289,12,148.25,158.35,55.76,170.27,1,-1,-1,-1
290,28,201.56,93.14,113.60,336.51,1,-1,-1,-1
290,34,444.78,56.35,139.82,417.70,1,-1,-1,-1
290,36,381.63,62.39,103.05,308.86,1,-1,-1,-1
290,12,150.76,158.61,59.09,177.84,1,-1,-1,-1
291,28,207.02,90.42,113.39,340.74,1,-1,-1,-1
291,12,158.74,157.32,59.37,179.64,1,-1,-1,-1
291,37,298.76,143.82,63.20,191.82,1,-1,-1,-1
291,22,27.86,54.77,138.66,419.64,1,-1,-1,-1
292,28,218.30,79.32,118.13,358.07,1,-1,-1,-1
292,37,324.61,163.70,54.44,166.48,1,-1,-1,-1
292,22,33.36,36.85,145.22,439.80,1,-1,-1,-1
292,36,413.34,53.08,118.67,358.92,1,-1,-1,-1
293,28,220.34,73.31,120.86,365.19,1,-1,-1,-1
293,37,340.41,160.30,58.27,176.85,1,-1,-1,-1
293,22,33.33,30.90,148.04,445.52,1,-1,-1,-1
293,36,419.76,35.72,127.67,384.58,1,-1,-1,-1
294,28,238.06,71.61,121.50,367.91,1,-1,-1,-1
294,37,354.47,159.95,59.19,179.64,1,-1,-1,-1
294,22,51.53,46.71,142.00,427.51,1,-1,-1,-1
294,36,440.52,30.01,130.53,393.77,1,-1,-1,-1
295,28,237.98,58.55,127.91,383.37,1,-1,-1,-1
295,37,365.80,159.72,59.73,179.78,1,-1,-1,-1
295,22,60.55,36.73,147.02,438.90,1,-1,-1,-1
295,36,449.58,10.80,144.84,433.21,1,-1,-1,-1
296,28,238.75,38.95,144.03,430.36,1,-1,-1,-1
296,37,376.89,159.86,60.35,181.28,1,-1,-1,-1
296,22,75.82,50.38,143.50,426.12,1,-1,-1,-1
296,21,217.34,192.53,39.25,119.39,1,-1,-1,-1
297,28,238.97,30.82,148.37,445.60,1,-1,-1,-1
297,22,83.09,54.58,139.81,418.50,1,-1,-1,-1
297,24,12.16,125.50,55.60,168.75,1,-1,-1,-1
298,22,100.59,73.17,132.55,395.15,1,-1,-1,-1
298,37,399.65,158.66,59.97,180.85,1,-1,-1,-1
299,22,110.85,63.07,136.01,408.04,1,-1,-1,-1
299,37,405.82,145.20,66.33,200.47,1,-1,-1,-1
300,37,431.80,152.53,63.59,190.82,1,-1,-1,-1
300,17,368.46,157.18,45.09,137.11,1,-1,-1,-1
301,37,441.04,156.71,58.09,176.24,1,-1,-1,-1
301,17,368.34,163.95,44.79,136.66,1,-1,-1,-1
301,15,401.11,175.55,39.15,119.17,1,-1,-1,-1
302,37,448.72,157.88,58.97,179.10,1,-1,-1,-1
302,24,13.04,146.35,55.75,168.99,1,-1,-1,-1
303,37,455.26,148.36,62.44,188.07,1,-1,-1,-1
303,39,383.23,158.66,48.45,146.37,1,-1,-1,-1
303,24,13.90,140.57,55.72,167.92,1,-1,-1,-1
304,37,456.79,143.80,64.06,190.98,1,-1,-1,-1
304,39,385.76,157.05,46.19,138.32,1,-1,-1,-1
305,37,461.19,141.21,68.02,203.13,1,-1,-1,-1
306,37,466.81,141.93,66.13,196.92,1,-1,-1,-1
306,2,516.49,137.37,84.80,255.70,1,-1,-1,-1
306,39,390.78,149.60,51.45,155.27,1,-1,-1,-1
307,45,306.23,148.28,55.86,168.59,1,-1,-1,-1
307,2,514.59,131.95,81.52,246.21,1,-1,-1,-1
307,39,386.98,154.64,49.85,150.89,1,-1,-1,-1
308,45,306.50,148.52,56.44,167.98,1,-1,-1,-1
308,2,513.86,129.03,81.35,240.77,1,-1,-1,-1
308,46,352.19,181.95,43.09,128.87,1,-1,-1,-1
308,22,158.06,68.56,114.75,339.10,1,-1,-1,-1
308,15,392.77,168.38,39.46,118.54,1,-1,-1,-1
309,45,304.84,146.76,58.87,177.77,1,-1,-1,-1
309,2,515.19,123.38,83.71,250.56,1,-1,-1,-1
309,46,359.19,184.43,40.01,120.65,1,-1,-1,-1
309,48,471.22,168.84,39.10,118.68,1,-1,-1,-1
309,22,137.84,56.28,125.52,373.81,1,-1,-1,-1
310,45,303.29,146.86,59.37,181.40,1,-1,-1,-1
310,2,514.99,122.53,84.12,255.12,1,-1,-1,-1
310,46,360.74,189.37,41.20,125.62,1,-1,-1,-1
310,48,464.91,172.11,41.21,125.50,1,-1,-1,-1
310,22,139.14,55.75,133.17,401.99,1,-1,-1,-1
310,39,400.07,150.31,52.00,156.40,1,-1,-1,-1
311,45,302.66,146.79,59.91,182.01,1,-1,-1,-1
311,46,366.80,193.04,39.63,120.46,1,-1,-1,-1
311,48,456.33,172.51,42.15,127.62,1,-1,-1,-1
311,22,139.25,56.09,136.95,412.04,1,-1,-1,-1
311,39,401.02,149.90,52.07,156.89,1,-1,-1,-1
311,12,27.69,52.93,128.74,387.80,1,-1,-1,-1
312,46,369.24,191.25,41.30,124.68,1,-1,-1,-1
312,48,448.58,175.78,40.37,121.04,1,-1,-1,-1
312,39,397.47,149.08,54.79,163.75,1,-1,-1,-1
312,34,499.30,113.52,112.58,338.44,1,-1,-1,-1
312,28,302.46,98.11,82.10,240.75,1,-1,-1,-1
313,46,369.12,187.18,44.25,134.00,1,-1,-1,-1
313,48,442.30,169.17,44.14,133.35,1,-1,-1,-1
313,39,396.54,148.35,56.17,168.44,1,-1,-1,-1
313,34,487.29,102.14,119.17,357.05,1,-1,-1,-1
314,46,369.92,184.99,45.78,136.78,1,-1,-1,-1
314,48,440.08,173.61,41.87,124.55,1,-1,-1,-1
314,39,396.92,147.55,57.24,169.36,1,-1,-1,-1
314,34,484.81,99.12,121.42,360.35,1,-1,-1,-1
314,45,309.64,146.07,64.72,192.50,1,-1,-1,-1
314,22,151.38,78.21,133.67,391.24,1,-1,-1,-1
315,46,373.87,188.57,47.77,144.78,1,-1,-1,-1
315,34,484.17,100.45,120.29,362.57,1,-1,-1,-1
315,45,311.36,146.76,64.58,194.39,1,-1,-1,-1
315,22,142.48,84.79,137.45,409.54,1,-1,-1,-1
315,24,24.19,147.59,60.12,180.26,1,-1,-1,-1
316,46,382.45,187.41,48.21,147.35,1,-1,-1,-1
316,34,490.81,85.97,125.62,380.71,1,-1,-1,-1
316,45,312.70,144.50,64.18,194.62,1,-1,-1,-1
316,22,147.56,69.29,144.67,434.54,1,-1,-1,-1
316,24,25.77,134.94,62.95,190.07,1,-1,-1,-1
317,46,393.65,188.37,44.47,134.36,1,-1,-1,-1
317,34,498.44,66.51,134.63,403.89,1,-1,-1,-1
317,45,314.71,144.17,64.46,193.40,1,-1,-1,-1
317,22,137.86,46.25,155.24,462.14,1,-1,-1,-1
317,24,28.96,132.03,64.08,192.36,1,-1,-1,-1
318,46,404.11,189.25,42.72,130.11,1,-1,-1,-1
318,45,324.42,144.54,64.33,194.06,1,-1,-1,-1
318,24,36.01,132.85,61.37,185.81,1,-1,-1,-1
318,28,275.60,166.98,52.62,159.03,1,-1,-1,-1
319,45,329.21,143.60,64.93,193.54,1,-1,-1,-1
319,21,35.29,148.01,55.68,168.49,1,-1,-1,-1
319,17,269.88,105.77,73.77,222.17,1,-1,-1,-1
319,39,422.65,178.28,53.13,157.93,1,-1,-1,-1
319,22,150.34,58.55,152.85,450.00,1,-1,-1,-1
320,45,342.51,127.72,72.07,212.96,1,-1,-1,-1
320,21,36.48,140.60,59.68,176.33,1,-1,-1,-1
320,39,439.94,173.01,55.76,164.77,1,-1,-1,-1
320,22,183.00,61.28,146.41,424.22,1,-1,-1,-1
321,45,360.44,125.43,71.03,209.55,1,-1,-1,-1
321,21,51.42,138.52,58.02,171.44,1,-1,-1,-1
321,22,196.49,59.46,142.40,415.50,1,-1,-1,-1
321,46,453.79,171.19,51.62,153.07,1,-1,-1,-1
322,45,383.20,113.94,77.48,232.46,1,-1,-1,-1
322,55,465.54,110.80,79.99,240.61,1,-1,-1,-1
322,56,158.90,106.67,63.84,192.60,1,-1,-1,-1
322,46,477.30,160.42,55.45,166.14,1,-1,-1,-1
322,24,69.43,125.18,58.07,170.03,1,-1,-1,-1
323,45,402.15,111.37,79.74,240.70,1,-1,-1,-1
323,55,494.20,111.52,80.23,240.86,1,-1,-1,-1
323,46,500.58,158.15,56.78,170.84,1,-1,-1,-1
323,24,79.27,124.25,56.53,169.87,1,-1,-1,-1
323,48,465.66,160.77,39.72,118.87,1,-1,-1,-1
323,22,223.18,32.94,141.78,420.90,1,-1,-1,-1
324,45,404.17,100.01,79.58,241.90,1,-1,-1,-1
324,46,516.10,157.36,54.00,163.76,1,-1,-1,-1
324,24,75.73,120.99,58.47,177.26,1,-1,-1,-1
324,48,471.35,156.34,41.31,125.27,1,-1,-1,-1
324,22,232.18,44.98,133.21,399.02,1,-1,-1,-1
324,56,147.62,82.62,77.95,235.16,1,-1,-1,-1
325,45,418.04,95.53,80.38,244.14,1,-1,-1,-1
325,46,542.58,157.45,55.99,169.67,1,-1,-1,-1
325,24,82.66,120.46,59.73,181.29,1,-1,-1,-1
325,22,239.65,33.49,145.11,434.76,1,-1,-1,-1
325,56,133.03,77.98,80.97,243.98,1,-1,-1,-1
325,55,513.90,97.48,79.55,239.85,1,-1,-1,-1
326,45,429.14,96.24,79.46,242.41,1,-1,-1,-1
326,46,548.18,148.80,61.55,186.93,1,-1,-1,-1
326,24,75.83,121.35,59.38,181.09,1,-1,-1,-1
326,22,239.65,31.67,147.39,443.44,1,-1,-1,-1
326,56,120.64,82.76,84.64,256.03,1,-1,-1,-1
326,15,377.57,145.96,59.90,180.21,1,-1,-1,-1
327,45,433.28,87.53,84.55,254.92,1,-1,-1,-1
327,46,562.45,143.51,64.96,194.82,1,-1,-1,-1
327,24,73.42,132.49,55.08,166.20,1,-1,-1,-1
327,22,247.72,28.46,144.58,429.57,1,-1,-1,-1
327,56,104.35,84.00,87.60,261.74,1,-1,-1,-1
328,45,434.18,86.38,85.30,256.22,1,-1,-1,-1
328,46,572.53,144.80,62.43,186.48,1,-1,-1,-1
328,22,265.01,31.69,147.78,439.44,1,-1,-1,-1
328,56,94.89,78.40,91.35,272.59,1,-1,-1,-1
329,45,435.22,80.65,93.71,285.16,1,-1,-1,-1
329,22,267.80,29.88,148.21,448.39,1,-1,-1,-1
329,56,64.02,63.96,96.63,293.01,1,-1,-1,-1
329,39,570.62,147.87,60.48,180.97,1,-1,-1,-1
329,55,548.32,86.06,85.13,256.04,1,-1,-1,-1
330,45,441.10,87.70,92.67,284.67,1,-1,-1,-1
330,22,275.59,47.30,141.81,432.63,1,-1,-1,-1
330,56,39.02,59.08,98.75,301.60,1,-1,-1,-1
330,55,547.89,93.15,81.14,247.27,1,-1,-1,-1
331,22,279.95,34.82,139.88,422.50,1,-1,-1,-1
331,56,21.03,60.74,104.52,315.90,1,-1,-1,-1
331,55,551.19,87.11,84.21,254.44,1,-1,-1,-1
332,22,273.48,29.85,147.60,441.10,1,-1,-1,-1
332,56,-2.09,49.17,113.04,337.18,1,-1,-1,-1
332,55,559.99,90.30,82.37,245.75,1,-1,-1,-1
332,61,447.88,87.12,84.92,254.47,1,-1,-1,-1
333,22,271.58,30.73,147.80,445.18,1,-1,-1,-1
333,55,561.56,94.82,79.88,240.95,1,-1,-1,-1
333,45,459.60,75.31,93.45,279.84,1,-1,-1,-1
334,22,268.99,29.06,148.65,449.52,1,-1,-1,-1
334,55,569.75,105.77,72.10,219.05,1,-1,-1,-1
334,63,406.04,117.99,75.48,227.98,1,-1,-1,-1
334,45,456.02,77.17,97.22,292.49,1,-1,-1,-1
334,24,40.96,137.68,52.57,158.77,1,-1,-1,-1
335,22,261.20,32.09,154.95,469.76,1,-1,-1,-1
335,55,572.23,111.72,68.66,209.44,1,-1,-1,-1
335,63,414.45,114.18,78.58,237.62,1,-1,-1,-1
335,24,36.74,125.93,57.92,175.40,1,-1,-1,-1
335,61,459.63,74.95,91.04,274.66,1,-1,-1,-1
336,22,266.19,30.27,150.87,455.23,1,-1,-1,-1
336,55,582.42,101.83,67.97,206.41,1,-1,-1,-1
336,24,27.58,109.93,62.39,188.42,1,-1,-1,-1
336,61,460.66,72.57,91.62,275.91,1,-1,-1,-1
337,22,256.55,27.12,143.13,429.16,1,-1,-1,-1
337,24,23.33,107.14,61.60,184.79,1,-1,-1,-1
337,61,461.71,71.05,92.20,276.38,1,-1,-1,-1
338,22,256.34,10.87,153.01,461.23,1,-1,-1,-1
338,24,23.28,109.50,60.28,182.16,1,-1,-1,-1
338,45,476.12,74.05,92.86,277.99,1,-1,-1,-1
338,63,432.36,112.42,79.58,239.62,1,-1,-1,-1
339,22,265.69,3.82,149.51,451.87,1,-1,-1,-1
339,24,23.68,108.90,59.97,181.74,1,-1,-1,-1
339,45,479.20,74.06,91.62,275.73,1,-1,-1,-1
339,63,434.83,113.18,79.15,239.33,1,-1,-1,-1
340,22,259.99,1.03,155.05,468.41,1,-1,-1,-1
340,45,488.81,64.26,95.51,287.64,1,-1,-1,-1
340,63,445.85,113.30,78.78,238.41,1,-1,-1,-1
341,22,268.94,19.38,150.90,457.67,1,-1,-1,-1
341,45,506.33,63.79,102.25,308.81,1,-1,-1,-1
341,63,463.79,107.56,83.18,252.33,1,-1,-1,-1
342,22,272.22,26.34,149.01,451.17,1,-1,-1,-1
342,45,521.14,50.93,109.65,330.65,1,-1,-1,-1
342,63,481.03,110.65,80.71,244.65,1,-1,-1,-1
342,28,230.78,164.76,29.52,90.11,1,-1,-1,-1
342,48,418.99,106.23,73.71,222.54,1,-1,-1,-1
343,63,484.80,113.64,79.32,240.22,1,-1,-1,-1
343,48,416.39,101.12,77.76,234.38,1,-1,-1,-1
343,61,530.38,60.81,97.82,294.54,1,-1,-1,-1
343,24,46.67,119.61,60.18,181.94,1,-1,-1,-1
344,24,52.47,109.21,62.80,190.18,1,-1,-1,-1
344,34,435.12,95.92,80.34,239.85,1,-1,-1,-1
344,22,294.93,6.97,147.96,446.67,1,-1,-1,-1
344,45,548.57,59.11,100.70,303.47,1,-1,-1,-1
345,24,60.23,107.82,60.74,184.42,1,-1,-1,-1
345,34,432.80,97.37,78.72,237.92,1,-1,-1,-1
345,36,530.69,112.79,79.79,238.98,1,-1,-1,-1
346,24,72.49,119.22,60.25,181.99,1,-1,-1,-1
346,36,450.04,99.04,78.88,238.38,1,-1,-1,-1
346,12,10.21,124.10,61.02,181.58,1,-1,-1,-1
346,17,216.35,161.21,39.94,120.02,1,-1,-1,-1
346,61,553.08,104.31,92.10,277.74,1,-1,-1,-1
347,24,87.75,123.74,58.26,173.97,1,-1,-1,-1
347,12,34.72,136.17,55.53,168.89,1,-1,-1,-1
347,22,346.63,-0.86,159.44,476.53,1,-1,-1,-1
348,12,38.14,124.05,58.71,177.10,1,-1,-1,-1
348,22,347.47,-2.95,168.14,502.68,1,-1,-1,-1
348,17,209.12,160.93,38.97,118.76,1,-1,-1,-1
349,12,47.93,121.61,59.14,179.87,1,-1,-1,-1
349,17,207.29,160.40,38.98,119.45,1,-1,-1,-1
349,24,105.87,134.15,52.94,160.55,1,-1,-1,-1
350,12,48.03,123.26,56.32,171.64,1,-1,-1,-1
350,17,201.08,160.01,39.04,119.48,1,-1,-1,-1
350,24,113.38,127.44,54.57,166.19,1,-1,-1,-1
351,17,199.77,159.43,39.05,119.46,1,-1,-1,-1
351,24,123.70,124.43,55.10,168.14,1,-1,-1,-1
352,17,194.30,159.70,39.17,119.08,1,-1,-1,-1
352,2,487.79,63.89,104.96,315.63,1,-1,-1,-1
353,17,192.79,153.53,39.38,118.88,1,-1,-1,-1
353,63,512.42,50.11,119.44,360.15,1,-1,-1,-1
353,24,145.83,111.13,59.00,178.08,1,-1,-1,-1
354,63,511.84,48.63,121.64,364.36,1,-1,-1,-1
354,24,150.71,120.92,57.13,171.98,1,-1,-1,-1
354,12,101.05,124.01,55.71,168.72,1,-1,-1,-1
355,12,121.69,133.96,55.89,168.67,1,-1,-1,-1
355,22,385.74,-0.03,160.08,481.08,1,-1,-1,-1
356,12,127.09,125.81,55.94,168.93,1,-1,-1,-1
356,36,168.43,128.53,48.28,147.20,1,-1,-1,-1
357,12,127.49,124.09,55.72,169.42,1,-1,-1,-1
357,24,179.84,113.79,56.33,169.66,1,-1,-1,-1
358,12,128.99,125.87,55.27,168.85,1,-1,-1,-1
358,24,183.71,122.69,55.54,168.82,1,-1,-1,-1
359,24,184.38,146.49,57.73,176.44,1,-1,-1,-1
359,2,519.94,48.25,112.08,337.72,1,-1,-1,-1
359,22,385.75,30.73,158.99,479.62,1,-1,-1,-1
360,24,190.90,157.34,53.79,164.36,1,-1,-1,-1
360,22,385.87,34.52,158.80,479.50,1,-1,-1,-1
360,34,-21.30,68.73,112.10,338.12,1,-1,-1,-1
360,17,138.68,189.24,41.83,127.31,1,-1,-1,-1
360,63,521.05,32.30,128.77,388.03,1,-1,-1,-1
361,24,184.52,156.75,55.21,167.49,1,-1,-1,-1
361,22,383.69,30.62,159.98,480.49,1,-1,-1,-1
361,28,1.08,138.11,84.70,255.96,1,-1,-1,-1
361,12,138.32,157.51,52.11,159.22,1,-1,-1,-1
362,24,181.50,156.66,53.23,161.13,1,-1,-1,-1
362,22,406.02,28.19,153.27,459.56,1,-1,-1,-1
362,12,138.07,149.52,52.14,158.08,1,-1,-1,-1
363,24,189.83,159.65,52.07,158.36,1,-1,-1,-1
363,22,393.62,32.26,156.84,472.44,1,-1,-1,-1
363,12,140.80,156.24,49.42,150.26,1,-1,-1,-1
363,15,-19.60,64.90,104.64,315.59,1,-1,-1,-1
363,17,101.79,176.48,44.77,136.06,1,-1,-1,-1
364,24,193.72,161.94,54.53,164.97,1,-1,-1,-1
364,22,388.42,34.50,159.04,476.64,1,-1,-1,-1
364,12,147.77,160.50,51.13,154.58,1,-1,-1,-1
364,17,87.79,174.27,49.82,150.79,1,-1,-1,-1
365,24,194.36,161.82,55.27,167.23,1,-1,-1,-1
365,12,141.56,160.98,54.12,163.63,1,-1,-1,-1
366,24,190.96,148.65,52.07,161.98,1,-1,-1,-1
366,12,136.81,147.29,54.35,168.15,1,-1,-1,-1
366,22,388.14,29.37,149.39,455.94,1,-1,-1,-1
367,24,203.73,137.62,54.09,166.51,1,-1,-1,-1
367,22,412.32,27.04,147.91,450.10,1,-1,-1,-1
368,24,213.97,145.22,52.81,160.16,1,-1,-1,-1
368,22,416.13,9.21,163.48,491.96,1,-1,-1,-1
368,48,195.43,90.89,73.75,223.22,1,-1,-1,-1
369,24,227.76,156.40,50.48,149.79,1,-1,-1,-1
369,22,412.16,3.88,178.80,528.66,1,-1,-1,-1
369,12,180.81,147.48,55.79,168.68,1,-1,-1,-1
370,24,233.12,159.19,51.55,154.18,1,-1,-1,-1
370,22,415.08,21.28,168.83,498.49,1,-1,-1,-1
370,65,20.80,66.07,100.99,304.03,1,-1,-1,-1
370,12,183.49,148.21,56.10,168.69,1,-1,-1,-1
371,24,242.19,159.02,51.74,156.16,1,-1,-1,-1
371,22,417.25,27.54,163.36,487.44,1,-1,-1,-1
371,65,21.03,64.28,104.06,313.26,1,-1,-1,-1
371,12,185.06,146.16,58.69,177.32,1,-1,-1,-1
372,24,250.98,151.62,54.32,164.45,1,-1,-1,-1
372,22,439.33,9.10,168.83,505.99,1,-1,-1,-1
372,65,22.74,64.01,104.97,316.29,1,-1,-1,-1
372,12,193.99,146.70,56.95,172.39,1,-1,-1,-1
373,65,37.91,65.07,106.30,317.52,1,-1,-1,-1
373,12,199.16,132.83,65.67,197.22,1,-1,-1,-1
374,65,44.24,65.46,105.55,315.91,1,-1,-1,-1
374,48,208.28,156.50,53.63,160.19,1,-1,-1,-1
374,24,267.30,157.43,53.31,159.04,1,-1,-1,-1
375,65,56.94,75.19,99.77,301.05,1,-1,-1,-1
375,48,219.70,159.62,51.64,156.65,1,-1,-1,-1
375,24,273.23,150.41,54.96,165.59,1,-1,-1,-1
376,65,63.59,67.61,102.58,311.18,1,-1,-1,-1
376,48,224.80,160.13,48.33,148.08,1,-1,-1,-1
376,24,276.74,155.60,52.82,160.54,1,-1,-1,-1
377,65,66.20,65.08,103.34,313.93,1,-1,-1,-1
377,48,226.66,159.96,47.37,145.19,1,-1,-1,-1
377,24,277.74,157.59,51.90,158.12,1,-1,-1,-1
378,65,66.21,64.64,103.84,315.38,1,-1,-1,-1
378,24,283.14,151.46,54.23,165.09,1,-1,-1,-1
378,55,447.13,171.86,41.96,127.71,1,-1,-1,-1
378,12,228.26,146.07,56.91,171.71,1,-1,-1,-1
379,65,53.26,51.32,109.25,331.33,1,-1,-1,-1
379,24,285.97,155.65,52.61,160.25,1,-1,-1,-1
379,55,448.12,176.61,39.10,119.74,1,-1,-1,-1
379,12,232.82,147.82,52.92,160.70,1,-1,-1,-1
380,65,46.18,60.30,106.31,322.08,1,-1,-1,-1
380,24,285.10,151.67,54.56,165.90,1,-1,-1,-1
380,12,233.87,157.30,51.82,157.43,1,-1,-1,-1
380,2,523.37,167.19,48.83,148.19,1,-1,-1,-1
381,65,45.35,66.92,110.43,333.74,1,-1,-1,-1
381,24,293.10,157.66,52.89,160.55,1,-1,-1,-1
381,12,234.14,160.45,51.56,156.47,1,-1,-1,-1
381,69,456.40,180.05,37.57,114.61,1,-1,-1,-1
381,2,518.40,170.51,51.33,155.70,1,-1,-1,-1
382,65,30.61,54.63,117.54,354.34,1,-1,-1,-1
382,24,295.72,157.61,49.95,151.41,1,-1,-1,-1
382,12,233.75,159.76,51.60,156.36,1,-1,-1,-1
382,71,283.79,105.02,73.94,223.25,1,-1,-1,-1
382,39,521.98,159.14,55.65,168.76,1,-1,-1,-1
383,65,23.73,64.05,114.76,346.03,1,-1,-1,-1
383,24,289.06,159.38,51.15,155.21,1,-1,-1,-1
383,12,242.69,167.08,49.13,149.12,1,-1,-1,-1
383,71,283.17,105.79,73.96,223.31,1,-1,-1,-1
383,39,521.34,159.33,59.15,178.66,1,-1,-1,-1
383,48,211.23,192.55,45.06,137.12,1,-1,-1,-1
384,65,18.49,62.62,108.62,327.94,1,-1,-1,-1
384,24,285.36,158.06,51.65,156.86,1,-1,-1,-1
384,12,242.33,161.37,50.76,154.20,1,-1,-1,-1
384,71,273.61,97.80,78.11,236.06,1,-1,-1,-1
384,69,449.15,193.70,30.03,91.76,1,-1,-1,-1
385,65,20.05,63.38,106.02,319.93,1,-1,-1,-1
385,24,285.11,150.93,54.29,164.70,1,-1,-1,-1
385,12,240.42,159.52,48.89,148.48,1,-1,-1,-1
385,71,272.85,96.26,79.29,239.50,1,-1,-1,-1
385,69,444.64,195.22,29.10,89.20,1,-1,-1,-1
385,39,518.68,145.92,63.56,192.16,1,-1,-1,-1
386,65,4.96,53.80,115.83,349.20,1,-1,-1,-1
386,24,283.60,148.68,55.34,167.70,1,-1,-1,-1
386,12,238.99,151.98,53.30,161.69,1,-1,-1,-1
386,71,273.20,88.90,83.79,252.91,1,-1,-1,-1
386,39,518.61,143.93,64.51,194.62,1,-1,-1,-1
387,24,282.53,147.24,55.54,168.94,1,-1,-1,-1
387,12,237.10,155.55,49.84,151.97,1,-1,-1,-1
387,71,273.03,74.02,85.04,257.59,1,-1,-1,-1
387,39,515.29,140.44,67.84,205.14,1,-1,-1,-1
388,24,283.37,148.16,55.60,169.15,1,-1,-1,-1
388,12,234.78,158.91,50.93,155.14,1,-1,-1,-1
388,71,262.61,81.61,85.41,258.67,1,-1,-1,-1
388,39,519.95,137.26,72.37,218.69,1,-1,-1,-1
389,24,283.11,157.23,55.68,169.05,1,-1,-1,-1
389,12,236.18,167.44,49.00,149.06,1,-1,-1,-1
389,71,257.36,92.83,81.67,246.87,1,-1,-1,-1
389,39,524.63,133.10,77.63,234.04,1,-1,-1,-1
390,24,276.83,157.31,53.21,161.66,1,-1,-1,-1
390,12,226.05,161.10,50.73,154.26,1,-1,-1,-1
390,71,255.87,78.60,88.36,267.03,1,-1,-1,-1
390,39,526.17,128.12,79.66,240.12,1,-1,-1,-1
391,24,266.30,158.11,52.13,158.93,1,-1,-1,-1
391,12,217.92,158.95,48.88,149.22,1,-1,-1,-1
391,39,517.17,115.68,87.92,265.63,1,-1,-1,-1
392,24,265.82,171.62,49.32,150.62,1,-1,-1,-1
392,12,213.19,159.11,50.59,154.35,1,-1,-1,-1
392,39,513.91,103.96,95.15,287.56,1,-1,-1,-1
392,55,251.78,140.49,68.56,207.57,1,-1,-1,-1
392,69,394.90,188.95,29.31,89.89,1,-1,-1,-1
393,24,257.06,165.05,50.81,154.75,1,-1,-1,-1
393,12,211.62,165.39,46.75,142.51,1,-1,-1,-1
393,39,512.42,100.83,98.14,296.05,1,-1,-1,-1
393,71,237.58,62.73,96.55,291.91,1,-1,-1,-1
394,24,256.56,161.72,51.39,156.20,1,-1,-1,-1
394,12,217.27,168.08,47.58,144.80,1,-1,-1,-1
394,39,519.91,93.43,108.62,327.03,1,-1,-1,-1
394,71,241.02,78.89,89.24,268.94,1,-1,-1,-1
395,24,255.62,158.25,49.15,149.95,1,-1,-1,-1
395,12,205.85,161.16,50.19,152.95,1,-1,-1,-1
395,39,527.65,93.78,103.36,312.34,1,-1,-1,-1
395,63,258.15,39.83,97.78,294.83,1,-1,-1,-1
395,2,252.23,112.41,68.60,207.74,1,-1,-1,-1
396,24,256.08,159.36,48.09,147.45,1,-1,-1,-1
396,12,202.39,160.99,50.88,155.84,1,-1,-1,-1
396,39,523.91,92.38,109.79,333.27,1,-1,-1,-1
396,63,229.53,27.46,109.71,329.89,1,-1,-1,-1
397,24,254.75,160.05,50.16,153.71,1,-1,-1,-1
397,12,199.10,166.64,48.82,150.02,1,-1,-1,-1
397,39,522.93,91.69,112.05,341.17,1,-1,-1,-1
397,55,194.31,117.35,68.93,209.66,1,-1,-1,-1
397,71,237.01,46.07,96.14,291.59,1,-1,-1,-1
398,24,252.16,160.13,53.83,163.40,1,-1,-1,-1
398,12,195.60,162.57,53.42,162.37,1,-1,-1,-1
398,39,522.62,65.71,124.65,375.70,1,-1,-1,-1
398,71,237.52,41.61,97.88,294.54,1,-1,-1,-1
399,24,255.68,164.65,50.61,152.78,1,-1,-1,-1
399,12,203.51,165.69,50.50,152.55,1,-1,-1,-1
399,71,230.98,27.39,108.23,324.81,1,-1,-1,-1
400,24,251.31,160.67,53.86,163.52,1,-1,-1,-1
400,12,203.79,160.97,53.83,163.49,1,-1,-1,-1
400,71,234.25,33.00,102.09,308.29,1,-1,-1,-1
401,24,245.30,160.06,52.23,159.99,1,-1,-1,-1
401,12,201.42,159.96,52.25,160.08,1,-1,-1,-1
402,24,245.88,157.56,49.55,151.47,1,-1,-1,-1
402,12,195.55,150.53,54.47,166.19,1,-1,-1,-1
402,71,220.50,36.59,98.49,299.52,1,-1,-1,-1
403,24,247.43,165.96,48.92,147.83,1,-1,-1,-1
403,12,200.12,157.22,53.26,160.58,1,-1,-1,-1
403,71,218.84,40.06,98.51,295.88,1,-1,-1,-1
404,24,247.94,167.50,48.60,146.70,1,-1,-1,-1
404,12,201.83,158.22,52.62,158.50,1,-1,-1,-1
404,71,218.29,39.79,98.39,294.87,1,-1,-1,-1
404,69,349.16,195.87,25.53,78.59,1,-1,-1,-1
405,24,247.87,161.05,48.18,146.46,1,-1,-1,-1
405,12,196.67,150.61,54.57,165.50,1,-1,-1,-1
405,71,218.13,39.27,97.69,294.79,1,-1,-1,-1
406,24,245.62,159.83,50.34,153.43,1,-1,-1,-1
406,12,198.04,155.32,50.31,153.58,1,-1,-1,-1
406,71,218.29,26.68,97.23,294.56,1,-1,-1,-1
406,63,178.60,103.96,74.23,225.18,1,-1,-1,-1
407,24,248.62,151.23,53.81,163.60,1,-1,-1,-1
407,12,198.25,156.70,48.86,148.81,1,-1,-1,-1
407,71,214.25,22.16,102.17,308.80,1,-1,-1,-1
408,24,253.14,149.27,52.73,159.76,1,-1,-1,-1
408,12,201.28,151.33,50.79,154.10,1,-1,-1,-1
408,71,213.22,21.57,104.09,313.49,1,-1,-1,-1
409,24,254.56,148.07,52.48,158.24,1,-1,-1,-1
409,12,202.03,149.01,51.70,156.06,1,-1,-1,-1
409,71,215.94,20.02,100.63,301.33,1,-1,-1,-1
410,24,246.34,147.89,52.22,157.85,1,-1,-1,-1
410,12,193.53,148.34,51.90,156.98,1,-1,-1,-1
410,71,202.31,19.53,98.86,296.94,1,-1,-1,-1
411,24,243.64,148.10,51.72,157.62,1,-1,-1,-1
411,12,188.83,154.78,49.22,150.21,1,-1,-1,-1
411,71,198.00,19.74,97.48,295.20,1,-1,-1,-1
412,24,237.91,155.58,49.28,150.59,1,-1,-1,-1
412,12,184.41,163.40,46.08,141.01,1,-1,-1,-1
413,24,237.69,157.35,48.59,147.60,1,-1,-1,-1
413,12,180.29,160.14,47.44,144.26,1,-1,-1,-1
414,24,233.35,152.39,50.79,153.81,1,-1,-1,-1
414,12,177.34,160.13,48.00,145.44,1,-1,-1,-1
414,71,178.82,19.80,97.86,294.99,1,-1,-1,-1
415,24,224.63,150.06,51.30,156.15,1,-1,-1,-1
415,12,176.23,159.38,47.93,146.03,1,-1,-1,-1
415,71,170.28,20.60,102.49,309.79,1,-1,-1,-1
416,24,225.17,156.57,49.03,150.00,1,-1,-1,-1
416,12,169.79,160.00,47.82,146.24,1,-1,-1,-1
416,71,167.86,21.81,103.78,314.71,1,-1,-1,-1
417,24,218.74,151.75,53.19,162.28,1,-1,-1,-1
417,12,168.65,159.93,47.82,146.22,1,-1,-1,-1
417,71,160.80,21.35,99.63,302.33,1,-1,-1,-1
418,24,219.43,159.68,48.12,146.35,1,-1,-1,-1
418,12,167.50,157.82,48.14,146.54,1,-1,-1,-1
418,71,157.29,18.81,98.66,297.92,1,-1,-1,-1
418,22,209.34,130.61,64.24,194.46,1,-1,-1,-1
419,24,218.32,159.36,48.15,146.15,1,-1,-1,-1
419,12,166.97,163.89,46.01,139.68,1,-1,-1,-1
419,71,157.30,19.92,98.13,295.49,1,-1,-1,-1
420,24,210.13,158.17,48.15,146.34,1,-1,-1,-1
420,12,165.51,165.07,45.18,137.41,1,-1,-1,-1
420,22,195.83,112.89,68.45,207.20,1,-1,-1,-1
421,24,203.15,157.89,45.73,139.97,1,-1,-1,-1
421,12,157.89,166.47,44.71,136.75,1,-1,-1,-1
421,39,503.70,29.86,138.42,417.15,1,-1,-1,-1
422,24,202.34,157.00,44.87,137.28,1,-1,-1,-1
422,12,151.13,160.97,46.79,142.94,1,-1,-1,-1
422,39,502.39,28.85,137.94,417.02,1,-1,-1,-1
422,22,181.85,115.65,64.47,196.19,1,-1,-1,-1
423,24,198.30,150.82,47.01,143.24,1,-1,-1,-1
423,12,147.88,157.91,45.56,138.87,1,-1,-1,-1
423,39,496.80,26.69,131.94,398.53,1,-1,-1,-1
424,24,194.29,155.17,45.65,138.76,1,-1,-1,-1
424,12,146.87,157.73,45.13,137.22,1,-1,-1,-1
424,39,480.68,28.08,136.24,410.56,1,-1,-1,-1
424,71,127.60,0.86,104.14,314.83,1,-1,-1,-1
424,22,169.56,117.06,63.93,193.76,1,-1,-1,-1
425,24,189.23,160.21,43.04,130.99,1,-1,-1,-1
425,12,139.62,156.44,44.97,136.80,1,-1,-1,-1
425,39,455.82,27.42,137.78,415.35,1,-1,-1,-1
425,22,167.58,118.91,61.00,185.10,1,-1,-1,-1
426,24,185.41,160.57,39.94,122.02,1,-1,-1,-1
426,12,132.03,156.45,44.74,136.44,1,-1,-1,-1
426,39,447.29,28.12,137.81,416.39,1,-1,-1,-1
426,22,168.31,122.49,56.87,173.11,1,-1,-1,-1
426,69,254.22,180.30,25.41,78.23,1,-1,-1,-1
427,24,177.08,151.60,43.08,131.50,1,-1,-1,-1
427,12,128.65,155.07,42.65,130.37,1,-1,-1,-1
427,39,441.61,26.90,131.67,398.65,1,-1,-1,-1
428,24,174.65,148.58,44.14,134.54,1,-1,-1,-1
428,12,127.66,158.60,39.96,122.06,1,-1,-1,-1
428,39,422.15,26.64,129.48,391.27,1,-1,-1,-1
428,63,124.68,125.03,55.65,168.98,1,-1,-1,-1
429,24,171.74,153.08,42.45,129.64,1,-1,-1,-1
429,12,121.90,156.70,40.95,125.07,1,-1,-1,-1
429,39,409.50,40.48,117.08,354.45,1,-1,-1,-1
430,24,166.85,150.01,43.79,134.05,1,-1,-1,-1
430,12,114.26,156.17,41.16,126.16,1,-1,-1,-1
430,39,401.42,43.69,106.93,325.12,1,-1,-1,-1
430,22,155.90,104.75,63.27,192.23,1,-1,-1,-1
431,24,164.38,153.05,42.36,129.49,1,-1,-1,-1
431,12,111.71,150.35,43.45,132.72,1,-1,-1,-1
431,39,387.97,46.06,109.38,331.11,1,-1,-1,-1
431,69,232.06,177.81,23.70,73.40,1,-1,-1,-1
432,24,163.61,154.47,42.08,127.85,1,-1,-1,-1
432,12,104.84,148.52,44.55,135.27,1,-1,-1,-1
432,39,368.39,46.54,110.79,333.46,1,-1,-1,-1
433,24,161.61,154.03,39.99,121.33,1,-1,-1,-1
433,12,102.49,148.49,44.91,136.10,1,-1,-1,-1
433,39,345.01,59.74,106.12,318.77,1,-1,-1,-1
434,24,155.83,155.12,41.07,125.08,1,-1,-1,-1
434,12,95.82,152.91,42.88,130.58,1,-1,-1,-1
434,39,321.44,64.36,104.19,314.31,1,-1,-1,-1
435,24,150.16,150.30,43.44,132.44,1,-1,-1,-1
435,12,94.77,154.24,42.05,128.33,1,-1,-1,-1
436,24,147.77,141.99,44.40,135.37,1,-1,-1,-1
436,12,92.46,149.41,43.89,133.84,1,-1,-1,-1
437,24,146.87,145.42,42.90,130.29,1,-1,-1,-1
437,12,92.46,149.10,44.70,135.72,1,-1,-1,-1
438,24,145.75,146.04,42.29,128.54,1,-1,-1,-1
438,12,87.51,147.39,42.99,130.61,1,-1,-1,-1
439,24,140.16,146.18,41.72,127.55,1,-1,-1,-1
439,12,84.42,141.16,44.03,134.44,1,-1,-1,-1
440,65,528.22,64.14,104.59,315.84,1,-1,-1,-1
442,77,274.93,60.93,105.20,319.01,1,-1,-1,-1
443,77,272.80,48.60,110.27,334.73,1,-1,-1,-1
443,79,363.88,144.12,53.35,162.47,1,-1,-1,-1
444,77,254.98,47.65,110.94,336.77,1,-1,-1,-1
444,79,353.86,148.13,54.16,165.78,1,-1,-1,-1
444,80,507.30,85.64,102.10,309.75,1,-1,-1,-1
444,24,144.38,151.30,38.78,119.44,1,-1,-1,-1
445,77,252.96,58.83,107.67,323.07,1,-1,-1,-1
445,79,351.99,139.86,55.64,168.61,1,-1,-1,-1
445,80,518.12,73.01,109.61,331.00,1,-1,-1,-1
445,24,145.97,152.84,39.04,118.86,1,-1,-1,-1
445,69,193.42,176.15,27.21,83.68,1,-1,-1,-1
446,77,249.58,49.19,111.81,334.78,1,-1,-1,-1
446,79,351.63,144.59,56.18,169.57,1,-1,-1,-1
446,80,512.21,80.14,107.02,322.20,1,-1,-1,-1
446,24,146.51,152.82,39.23,118.81,1,-1,-1,-1
446,69,195.96,175.25,26.33,80.20,1,-1,-1,-1
446,22,131.26,91.70,63.91,194.00,1,-1,-1,-1
446,12,95.05,145.51,41.71,127.82,1,-1,-1,-1
447,77,244.16,32.76,117.74,355.39,1,-1,-1,-1
447,79,351.22,147.85,55.74,169.76,1,-1,-1,-1
447,24,147.48,155.40,40.79,124.47,1,-1,-1,-1
447,12,102.80,151.29,39.69,121.60,1,-1,-1,-1
448,77,246.60,39.02,113.57,346.09,1,-1,-1,-1
448,79,342.84,138.13,58.08,177.73,1,-1,-1,-1
448,24,146.51,152.88,39.21,120.82,1,-1,-1,-1
448,12,105.41,151.42,38.75,119.34,1,-1,-1,-1
448,81,473.63,79.81,96.73,294.16,1,-1,-1,-1
448,69,197.90,177.49,23.93,74.52,1,-1,-1,-1
449,77,248.28,43.91,113.17,341.30,1,-1,-1,-1
449,79,348.91,135.77,59.44,180.30,1,-1,-1,-1
449,24,152.43,153.97,39.06,119.15,1,-1,-1,-1
449,12,107.38,153.75,38.84,118.36,1,-1,-1,-1
449,80,488.80,86.42,104.20,316.08,1,-1,-1,-1
450,77,253.52,56.89,107.56,323.86,1,-1,-1,-1
450,79,352.26,131.57,62.60,189.59,1,-1,-1,-1
450,24,161.43,153.09,38.89,118.43,1,-1,-1,-1
450,12,120.16,153.19,38.76,117.94,1,-1,-1,-1
450,80,487.33,86.21,104.06,314.30,1,-1,-1,-1
451,77,254.22,62.58,106.52,318.45,1,-1,-1,-1
451,24,165.05,155.69,41.12,124.34,1,-1,-1,-1
451,12,123.07,159.75,39.16,118.30,1,-1,-1,-1
451,81,506.38,85.31,104.02,314.08,1,-1,-1,-1
452,77,255.64,63.69,105.41,316.55,1,-1,-1,-1
452,24,172.94,155.44,41.71,126.55,1,-1,-1,-1
452,12,130.66,157.14,40.95,124.18,1,-1,-1,-1
452,79,364.14,134.00,60.84,183.60,1,-1,-1,-1
452,80,504.35,86.22,104.73,314.96,1,-1,-1,-1
453,77,252.90,51.09,109.96,331.16,1,-1,-1,-1
453,24,183.61,152.78,40.03,121.87,1,-1,-1,-1
453,12,143.05,153.56,39.72,120.85,1,-1,-1,-1
453,80,508.37,84.95,104.29,315.40,1,-1,-1,-1
454,77,252.31,49.22,111.31,335.93,1,-1,-1,-1
454,24,193.18,159.65,39.26,119.79,1,-1,-1,-1
454,12,153.35,154.73,39.13,119.32,1,-1,-1,-1
454,80,509.63,87.16,103.89,315.00,1,-1,-1,-1
455,77,268.35,57.41,106.76,323.12,1,-1,-1,-1
455,24,199.40,155.91,40.85,124.74,1,-1,-1,-1
455,12,161.64,152.59,38.88,118.83,1,-1,-1,-1
455,80,509.62,85.48,103.72,315.03,1,-1,-1,-1
456,77,271.63,50.64,110.80,333.15,1,-1,-1,-1
456,24,207.87,160.18,39.88,121.01,1,-1,-1,-1
456,12,169.03,159.13,39.08,118.66,1,-1,-1,-1
456,80,503.08,75.07,109.42,330.15,1,-1,-1,-1
457,77,273.77,63.48,111.84,336.65,1,-1,-1,-1
457,24,217.01,162.09,39.30,119.51,1,-1,-1,-1
457,80,520.81,82.67,106.22,320.88,1,-1,-1,-1
457,71,33.20,1.08,158.86,478.36,1,-1,-1,-1
457,79,391.47,140.66,67.72,205.38,1,-1,-1,-1
458,77,270.96,53.88,117.88,352.99,1,-1,-1,-1
458,24,220.05,160.84,39.23,118.63,1,-1,-1,-1
458,80,521.81,72.43,110.34,331.41,1,-1,-1,-1
458,71,36.01,1.79,160.24,478.02,1,-1,-1,-1
459,77,285.38,53.09,120.39,360.58,1,-1,-1,-1
459,24,225.25,165.23,41.13,124.52,1,-1,-1,-1
459,80,514.43,82.22,107.17,321.88,1,-1,-1,-1
459,79,401.77,146.84,61.88,186.14,1,-1,-1,-1
460,77,286.01,51.66,126.95,380.78,1,-1,-1,-1
460,24,231.05,167.15,40.02,121.30,1,-1,-1,-1
460,80,509.81,83.12,105.86,318.44,1,-1,-1,-1
461,77,292.27,46.74,119.39,355.44,1,-1,-1,-1
461,24,239.45,162.50,39.71,119.80,1,-1,-1,-1
461,80,508.76,82.96,105.79,316.66,1,-1,-1,-1
461,63,414.36,184.44,44.95,136.87,1,-1,-1,-1
462,77,294.52,58.56,110.28,330.07,1,-1,-1,-1
462,24,241.02,162.30,39.38,119.36,1,-1,-1,-1
462,80,501.24,74.00,110.28,331.39,1,-1,-1,-1
463,77,292.23,53.71,117.74,353.20,1,-1,-1,-1
463,24,241.37,165.19,41.28,125.17,1,-1,-1,-1
463,80,504.62,82.40,107.39,322.75,1,-1,-1,-1
463,82,415.45,203.65,43.89,133.45,1,-1,-1,-1
463,79,404.67,145.06,64.04,192.97,1,-1,-1,-1
464,77,290.20,49.76,119.74,361.33,1,-1,-1,-1
464,24,240.05,161.89,39.87,121.73,1,-1,-1,-1
464,80,498.88,87.72,110.59,334.27,1,-1,-1,-1
465,77,291.79,46.02,115.06,348.63,1,-1,-1,-1
465,24,239.73,160.50,39.28,120.33,1,-1,-1,-1
465,80,488.63,78.04,117.01,354.51,1,-1,-1,-1
465,82,412.38,206.09,42.11,128.51,1,-1,-1,-1
466,77,291.16,47.57,118.72,358.93,1,-1,-1,-1
466,24,240.46,160.55,39.09,119.56,1,-1,-1,-1
466,80,485.61,82.29,109.37,331.27,1,-1,-1,-1
466,82,406.96,204.08,44.17,134.50,1,-1,-1,-1
467,77,288.30,50.53,125.44,379.00,1,-1,-1,-1
467,24,241.48,160.43,38.93,119.03,1,-1,-1,-1
467,80,468.32,76.31,116.50,352.45,1,-1,-1,-1
468,77,273.85,47.99,122.02,371.56,1,-1,-1,-1
468,24,240.56,159.15,38.79,119.35,1,-1,-1,-1
468,80,456.57,69.96,113.44,345.87,1,-1,-1,-1
469,77,264.04,33.08,126.38,384.81,1,-1,-1,-1
469,80,467.58,67.83,112.21,342.50,1,-1,-1,-1
470,77,266.02,28.16,124.17,371.72,1,-1,-1,-1
470,80,465.76,79.35,108.37,325.04,1,-1,-1,-1
470,24,241.65,156.13,41.27,125.99,1,-1,-1,-1
471,77,267.14,25.48,122.93,366.56,1,-1,-1,-1
471,80,465.44,83.13,106.61,318.55,1,-1,-1,-1
472,77,262.45,25.25,127.57,381.41,1,-1,-1,-1
472,80,441.22,72.71,110.52,331.09,1,-1,-1,-1
473,77,259.53,24.00,128.14,388.76,1,-1,-1,-1
473,80,433.89,89.05,101.25,308.64,1,-1,-1,-1
474,77,259.77,24.93,128.81,390.77,1,-1,-1,-1
474,79,412.76,158.18,59.76,181.52,1,-1,-1,-1
475,77,277.71,26.44,130.32,390.13,1,-1,-1,-1
476,77,279.34,29.12,136.57,408.31,1,-1,-1,-1
476,84,454.08,69.30,112.55,338.28,1,-1,-1,-1
477,77,287.17,26.42,127.20,381.42,1,-1,-1,-1
477,84,454.12,68.77,112.69,339.05,1,-1,-1,-1
478,77,281.37,27.20,135.12,406.81,1,-1,-1,-1
478,84,453.47,68.46,112.36,339.09,1,-1,-1,-1
479,77,283.67,28.62,131.30,397.18,1,-1,-1,-1
479,84,445.84,82.67,106.18,321.50,1,-1,-1,-1
479,63,529.30,65.38,104.03,314.54,1,-1,-1,-1
480,77,272.37,26.74,124.62,374.92,1,-1,-1,-1
480,84,443.78,85.92,104.66,315.43,1,-1,-1,-1
480,63,533.27,70.90,102.47,307.92,1,-1,-1,-1
481,77,262.84,24.63,127.47,385.05,1,-1,-1,-1
481,84,427.54,84.86,103.95,314.39,1,-1,-1,-1
482,77,258.90,24.66,126.68,388.22,1,-1,-1,-1
482,80,428.42,69.35,111.91,337.84,1,-1,-1,-1
482,63,525.66,67.57,109.51,333.84,1,-1,-1,-1
483,77,266.05,40.37,116.68,356.24,1,-1,-1,-1
483,80,427.92,85.62,111.93,339.47,1,-1,-1,-1
484,77,253.65,45.41,113.76,343.65,1,-1,-1,-1
484,80,413.10,89.96,112.80,340.27,1,-1,-1,-1
484,86,498.31,69.18,112.45,339.08,1,-1,-1,-1
485,77,246.16,49.56,118.85,355.71,1,-1,-1,-1
485,80,408.87,91.56,113.80,340.04,1,-1,-1,-1
485,86,498.91,69.15,113.06,339.06,1,-1,-1,-1
486,77,247.04,46.96,114.34,343.24,1,-1,-1,-1
486,80,393.53,78.58,118.47,355.65,1,-1,-1,-1
486,86,488.66,80.97,106.29,320.73,1,-1,-1,-1
487,77,242.84,49.58,117.34,355.18,1,-1,-1,-1
487,80,385.05,87.25,113.90,345.68,1,-1,-1,-1
487,86,485.30,86.27,103.76,315.17,1,-1,-1,-1
488,77,235.58,46.01,107.86,328.57,1,-1,-1,-1
488,80,383.32,90.16,112.13,341.51,1,-1,-1,-1
488,86,485.36,87.25,103.17,313.77,1,-1,-1,-1
489,77,232.95,43.51,104.18,317.90,1,-1,-1,-1
489,86,477.66,91.15,108.36,329.50,1,-1,-1,-1
489,84,393.76,98.27,97.46,295.27,1,-1,-1,-1
490,86,468.14,89.13,104.24,320.69,1,-1,-1,-1
490,80,365.92,76.95,116.97,358.37,1,-1,-1,-1
491,86,457.14,92.35,109.87,332.26,1,-1,-1,-1
491,80,362.25,86.78,114.42,346.19,1,-1,-1,-1
492,86,453.99,76.36,113.47,337.73,1,-1,-1,-1
492,84,376.43,98.21,97.41,295.61,1,-1,-1,-1
493,84,364.56,103.48,104.75,311.08,1,-1,-1,-1
493,22,444.14,85.40,104.52,315.56,1,-1,-1,-1
494,77,195.88,24.94,119.90,360.52,1,-1,-1,-1
494,80,360.41,91.28,116.31,341.64,1,-1,-1,-1
495,80,375.47,84.06,105.74,326.04,1,-1,-1,-1
495,71,218.51,25.65,120.45,363.39,1,-1,-1,-1
495,22,448.21,85.91,104.96,319.88,1,-1,-1,-1
496,80,383.23,88.63,109.32,334.43,1,-1,-1,-1
496,22,449.03,86.71,104.44,318.26,1,-1,-1,-1
496,77,219.94,17.09,112.47,347.46,1,-1,-1,-1
497,80,382.22,100.43,103.63,322.66,1,-1,-1,-1
497,22,455.02,76.25,107.70,332.42,1,-1,-1,-1
497,77,225.58,18.87,110.24,341.94,1,-1,-1,-1
498,80,385.22,94.42,108.48,332.18,1,-1,-1,-1
498,22,457.11,71.99,110.19,336.98,1,-1,-1,-1
498,77,231.41,19.57,105.95,323.93,1,-1,-1,-1
498,71,184.23,2.64,145.64,439.87,1,-1,-1,-1
499,80,373.07,80.17,117.53,352.26,1,-1,-1,-1
499,22,458.19,69.35,113.37,338.82,1,-1,-1,-1
500,22,466.05,80.46,110.08,323.08,1,-1,-1,-1
500,84,379.03,84.98,104.57,317.17,1,-1,-1,-1
501,22,460.96,72.62,112.96,332.08,1,-1,-1,-1
501,71,195.60,26.41,143.51,421.09,1,-1,-1,-1
501,80,368.15,74.65,122.27,359.45,1,-1,-1,-1
502,22,463.65,75.27,117.42,348.38,1,-1,-1,-1
502,71,188.31,33.31,145.77,434.68,1,-1,-1,-1
503,22,467.79,80.11,109.19,330.52,1,-1,-1,-1
503,82,494.73,53.18,128.88,388.59,1,-1,-1,-1
503,80,383.19,86.83,113.84,341.82,1,-1,-1,-1
504,22,475.89,71.95,109.46,334.20,1,-1,-1,-1
504,80,383.04,84.63,105.52,322.20,1,-1,-1,-1
505,22,477.39,70.78,111.28,336.14,1,-1,-1,-1
505,80,381.68,85.84,104.54,315.89,1,-1,-1,-1
506,22,476.59,68.80,113.50,336.82,1,-1,-1,-1
506,80,379.92,85.32,105.56,313.73,1,-1,-1,-1
507,22,477.31,69.97,112.27,339.03,1,-1,-1,-1
507,80,380.13,86.26,104.13,314.81,1,-1,-1,-1
508,22,478.09,69.00,113.08,338.61,1,-1,-1,-1
508,80,384.06,74.74,109.82,329.53,1,-1,-1,-1
509,22,478.52,67.78,112.35,339.87,1,-1,-1,-1
509,80,382.53,79.96,106.05,321.43,1,-1,-1,-1
510,22,478.34,70.23,112.08,339.80,1,-1,-1,-1
510,84,389.26,72.89,119.81,361.11,1,-1,-1,-1
511,22,478.42,69.31,112.33,339.61,1,-1,-1,-1
511,80,381.72,84.89,104.72,317.26,1,-1,-1,-1
512,22,478.58,70.59,112.94,338.98,1,-1,-1,-1
513,22,486.71,81.12,108.35,323.73,1,-1,-1,-1
513,12,73.89,49.65,120.21,362.62,1,-1,-1,-1
514,22,486.95,83.42,105.62,318.40,1,-1,-1,-1
514,87,17.76,105.09,83.66,253.04,1,-1,-1,-1
515,22,487.57,85.97,104.35,316.33,1,-1,-1,-1
515,12,81.23,58.81,109.65,332.26,1,-1,-1,-1
516,22,496.29,90.26,108.95,330.93,1,-1,-1,-1
516,12,94.18,73.19,100.94,306.91,1,-1,-1,-1
517,22,498.70,92.64,110.62,335.45,1,-1,-1,-1
517,12,112.14,79.32,98.01,297.18,1,-1,-1,-1
518,12,117.44,80.79,97.11,294.69,1,-1,-1,-1
519,24,127.82,64.52,104.51,315.50,1,-1,-1,-1
520,71,180.36,2.33,148.25,446.89,1,-1,-1,-1
521,71,192.05,20.59,143.60,425.41,1,-1,-1,-1
522,71,195.11,27.11,140.26,420.01,1,-1,-1,-1
523,71,194.41,27.08,139.10,419.01,1,-1,-1,-1
524,77,210.61,0.32,148.18,446.41,1,-1,-1,-1
524,12,128.44,79.72,80.53,243.63,1,-1,-1,-1
525,12,129.83,81.11,78.99,239.34,1,-1,-1,-1
525,71,205.05,25.07,130.59,396.97,1,-1,-1,-1
526,24,145.86,72.93,92.87,279.66,1,-1,-1,-1
526,77,209.86,1.19,149.29,449.63,1,-1,-1,-1
527,24,146.25,73.79,91.45,275.74,1,-1,-1,-1
527,77,207.72,1.05,149.33,449.15,1,-1,-1,-1
528,24,152.57,86.68,85.92,261.61,1,-1,-1,-1
528,77,208.59,6.07,147.75,448.16,1,-1,-1,-1
528,79,129.25,158.71,48.26,146.81,1,-1,-1,-1
529,24,162.51,93.41,88.74,269.17,1,-1,-1,-1
529,79,128.06,165.82,45.46,138.29,1,-1,-1,-1
529,80,241.13,1.71,147.97,445.91,1,-1,-1,-1
530,24,168.97,101.31,86.15,259.85,1,-1,-1,-1
530,79,117.40,160.91,50.13,152.18,1,-1,-1,-1
530,84,381.42,106.81,104.84,316.64,1,-1,-1,-1
530,77,231.42,4.41,148.58,448.12,1,-1,-1,-1
531,79,107.25,159.94,51.63,156.38,1,-1,-1,-1
531,84,380.22,107.41,104.63,315.01,1,-1,-1,-1
531,77,226.01,21.80,142.30,427.19,1,-1,-1,-1
532,79,95.85,158.53,52.34,157.88,1,-1,-1,-1
532,84,379.07,106.41,104.99,314.56,1,-1,-1,-1
532,77,230.62,25.48,134.24,400.86,1,-1,-1,-1
532,12,147.13,134.93,53.21,161.02,1,-1,-1,-1
533,79,80.14,149.02,54.71,166.41,1,-1,-1,-1
533,84,365.59,95.05,109.51,330.68,1,-1,-1,-1
533,77,224.22,26.80,136.44,411.32,1,-1,-1,-1
534,79,60.21,144.54,57.79,177.87,1,-1,-1,-1
534,84,354.31,97.24,100.12,308.14,1,-1,-1,-1
534,77,211.10,9.22,142.80,435.62,1,-1,-1,-1
534,12,137.48,144.41,45.42,139.48,1,-1,-1,-1
535,79,42.03,134.28,61.99,190.23,1,-1,-1,-1
535,84,353.09,98.83,97.38,297.85,1,-1,-1,-1
535,77,208.97,3.65,145.64,443.84,1,-1,-1,-1
535,87,122.08,122.15,59.67,181.07,1,-1,-1,-1
535,22,424.10,85.90,104.72,316.50,1,-1,-1,-1
536,79,30.64,127.99,67.19,203.86,1,-1,-1,-1
536,84,344.44,93.67,107.46,324.68,1,-1,-1,-1
536,77,210.20,1.67,148.23,446.65,1,-1,-1,-1
536,22,422.81,85.26,104.78,315.52,1,-1,-1,-1
536,12,122.37,153.80,44.94,137.21,1,-1,-1,-1
537,79,17.68,110.22,72.05,218.57,1,-1,-1,-1
537,84,340.79,90.43,110.54,333.75,1,-1,-1,-1
537,77,210.27,-0.67,148.40,447.53,1,-1,-1,-1
537,22,421.82,83.72,104.34,315.12,1,-1,-1,-1
537,12,117.89,140.53,49.80,151.68,1,-1,-1,-1
538,79,3.71,104.98,80.79,245.08,1,-1,-1,-1
538,77,210.49,1.19,148.17,447.42,1,-1,-1,-1
538,22,421.64,85.71,104.04,314.79,1,-1,-1,-1
538,12,116.64,138.40,51.31,156.36,1,-1,-1,-1
539,77,211.98,0.72,149.10,447.50,1,-1,-1,-1
539,22,428.59,73.75,109.76,330.37,1,-1,-1,-1
539,12,119.21,137.34,49.91,151.09,1,-1,-1,-1
539,71,112.82,82.56,69.60,211.33,1,-1,-1,-1
540,77,200.62,-19.84,157.04,469.03,1,-1,-1,-1
540,22,430.74,70.25,112.33,336.15,1,-1,-1,-1
540,12,118.20,137.88,51.81,156.06,1,-1,-1,-1
540,71,106.22,77.12,72.79,220.07,1,-1,-1,-1
541,22,441.59,79.60,108.51,322.34,1,-1,-1,-1
541,12,119.64,137.77,52.63,157.48,1,-1,-1,-1
541,71,106.41,87.95,73.09,219.31,1,-1,-1,-1
541,84,339.86,104.64,106.23,318.12,1,-1,-1,-1
542,22,451.27,72.70,110.89,333.39,1,-1,-1,-1
542,12,125.78,137.64,52.32,158.33,1,-1,-1,-1
542,24,121.54,90.10,74.01,223.98,1,-1,-1,-1
542,77,229.46,-3.76,137.02,407.79,1,-1,-1,-1
543,22,454.11,71.40,111.21,337.15,1,-1,-1,-1
543,12,126.24,137.39,54.45,165.97,1,-1,-1,-1
543,87,180.80,147.66,52.06,157.91,1,-1,-1,-1
544,22,461.08,71.88,116.49,355.13,1,-1,-1,-1
544,12,118.84,134.90,55.04,169.12,1,-1,-1,-1
544,87,188.59,147.81,48.68,149.45,1,-1,-1,-1
544,77,240.02,-0.89,145.21,439.39,1,-1,-1,-1
545,22,463.06,72.72,119.05,361.12,1,-1,-1,-1
545,12,113.68,125.77,58.24,177.74,1,-1,-1,-1
545,87,191.08,148.77,47.99,146.68,1,-1,-1,-1
545,77,252.64,-1.54,154.81,467.60,1,-1,-1,-1
546,22,473.94,69.86,115.40,346.71,1,-1,-1,-1
546,12,113.16,122.88,59.77,180.67,1,-1,-1,-1
546,87,194.88,149.36,50.47,153.05,1,-1,-1,-1
546,77,258.30,-1.19,159.22,477.17,1,-1,-1,-1
547,22,473.02,56.41,125.50,375.85,1,-1,-1,-1
547,12,111.74,120.53,60.61,182.15,1,-1,-1,-1
547,87,196.81,140.18,54.13,163.39,1,-1,-1,-1
547,77,271.31,-24.82,168.98,504.34,1,-1,-1,-1
548,22,488.68,53.74,128.96,385.72,1,-1,-1,-1
548,12,112.55,115.07,66.56,200.10,1,-1,-1,-1
548,87,198.19,136.82,58.06,175.10,1,-1,-1,-1
548,77,284.75,-30.36,164.94,491.53,1,-1,-1,-1
549,22,494.24,51.89,130.00,389.95,1,-1,-1,-1
549,12,110.36,118.27,63.02,189.86,1,-1,-1,-1
549,87,203.80,136.31,56.84,171.82,1,-1,-1,-1
549,77,280.26,-34.99,170.19,509.31,1,-1,-1,-1
549,71,103.32,69.32,84.49,255.47,1,-1,-1,-1
550,22,502.14,31.33,137.04,411.19,1,-1,-1,-1
550,12,101.36,100.35,67.63,203.86,1,-1,-1,-1
550,87,199.26,122.73,59.25,179.12,1,-1,-1,-1
550,77,278.59,-41.14,172.94,517.71,1,-1,-1,-1
551,22,507.73,41.25,126.86,383.06,1,-1,-1,-1
551,12,91.65,92.07,72.03,218.10,1,-1,-1,-1
551,87,196.51,109.97,62.55,189.88,1,-1,-1,-1
551,77,285.14,-37.22,164.85,496.57,1,-1,-1,-1
552,12,84.40,97.38,70.47,213.92,1,-1,-1,-1
552,87,195.68,113.27,66.77,202.87,1,-1,-1,-1
552,77,278.64,-33.64,169.17,510.40,1,-1,-1,-1
553,12,76.43,92.31,72.78,221.58,1,-1,-1,-1
553,87,195.70,116.13,65.14,198.89,1,-1,-1,-1
553,77,276.70,-33.96,170.12,515.22,1,-1,-1,-1
554,12,58.63,88.45,81.19,245.78,1,-1,-1,-1
554,87,187.24,117.61,64.83,196.79,1,-1,-1,-1
554,77,275.69,-33.85,171.41,516.35,1,-1,-1,-1
555,12,52.31,85.33,84.87,255.07,1,-1,-1,-1
555,87,184.09,112.76,68.04,205.22,1,-1,-1,-1
555,77,275.83,-35.71,172.60,516.65,1,-1,-1,-1
556,12,38.41,86.33,85.91,258.31,1,-1,-1,-1
556,87,171.11,108.56,72.22,217.87,1,-1,-1,-1
556,77,275.04,-33.88,172.21,516.08,1,-1,-1,-1
557,12,22.11,88.23,85.49,259.92,1,-1,-1,-1
557,77,275.46,-31.36,170.63,516.75,1,-1,-1,-1
557,24,154.81,103.08,84.73,256.14,1,-1,-1,-1
558,12,15.37,84.62,85.47,260.22,1,-1,-1,-1
558,77,283.90,-33.22,162.78,493.88,1,-1,-1,-1
558,24,154.25,90.96,84.73,257.21,1,-1,-1,-1
558,82,513.58,128.99,79.10,239.30,1,-1,-1,-1
559,12,15.79,75.44,90.60,271.99,1,-1,-1,-1
559,77,288.81,-34.85,161.93,484.32,1,-1,-1,-1
560,12,2.48,64.88,96.58,288.60,1,-1,-1,-1
560,24,149.67,76.63,90.88,271.71,1,-1,-1,-1
561,24,132.36,72.59,90.72,275.60,1,-1,-1,-1
561,77,275.79,-36.53,169.20,508.63,1,-1,-1,-1
562,24,114.81,71.31,90.42,276.97,1,-1,-1,-1
563,77,273.67,-36.54,169.53,515.87,1,-1,-1,-1
564,77,262.87,-61.00,179.07,539.83,1,-1,-1,-1
564,84,92.51,46.35,112.22,338.67,1,-1,-1,-1
565,77,259.47,-69.51,184.27,547.47,1,-1,-1,-1
565,24,93.60,50.60,109.26,329.87,1,-1,-1,-1
566,84,54.99,30.02,127.03,379.98,1,-1,-1,-1
567,82,414.78,60.16,97.41,294.16,1,-1,-1,-1
567,24,61.24,32.93,125.64,377.02,1,-1,-1,-1
568,24,39.80,12.80,141.30,424.25,1,-1,-1,-1
568,22,409.64,46.02,112.61,339.52,1,-1,-1,-1
569,22,411.88,29.18,119.02,357.33,1,-1,-1,-1
570,22,414.33,26.63,126.30,379.35,1,-1,-1,-1
571,22,428.59,26.30,122.35,368.86,1,-1,-1,-1
573,91,448.62,1.75,146.23,441.32,1,-1,-1,-1
580,91,507.13,63.26,105.38,317.48,1,-1,-1,-1
581,92,214.64,150.52,43.77,133.08,1,-1,-1,-1
581,22,483.82,62.78,105.38,317.42,1,-1,-1,-1
582,92,214.95,154.74,42.21,128.59,1,-1,-1,-1
582,22,485.76,65.38,104.14,314.53,1,-1,-1,-1
582,82,195.88,108.46,60.54,182.79,1,-1,-1,-1
583,22,486.29,83.30,103.11,312.74,1,-1,-1,-1
584,92,207.46,163.86,41.67,127.40,1,-1,-1,-1
585,71,196.89,148.75,48.43,147.13,1,-1,-1,-1
586,71,198.60,158.31,48.04,146.17,1,-1,-1,-1
586,77,182.54,110.62,69.91,210.89,1,-1,-1,-1
587,71,192.32,151.06,50.51,153.35,1,-1,-1,-1
588,71,182.68,150.64,51.30,156.12,1,-1,-1,-1
588,91,512.31,127.20,79.20,240.02,1,-1,-1,-1
589,71,151.68,148.72,54.09,166.15,1,-1,-1,-1
590,71,135.70,137.24,58.14,176.97,1,-1,-1,-1
591,71,118.76,131.84,62.58,188.80,1,-1,-1,-1
592,71,100.31,129.65,67.26,203.41,1,-1,-1,-1
593,71,79.88,126.84,65.71,200.25,1,-1,-1,-1
594,71,62.97,120.43,71.67,217.38,1,-1,-1,-1
595,71,49.30,116.03,77.08,234.24,1,-1,-1,-1
596,71,35.20,112.78,79.03,240.56,1,-1,-1,-1
597,71,19.81,105.33,83.59,254.42,1,-1,-1,-1
598,71,4.50,104.43,85.71,259.25,1,-1,-1,-1
599,71,-1.10,102.78,86.43,260.74,1,-1,-1,-1
599,24,158.12,148.35,52.10,158.92,1,-1,-1,-1
600,24,164.11,155.40,42.36,128.73,1,-1,-1,-1
601,24,165.31,156.29,41.28,125.66,1,-1,-1,-1
602,24,159.91,149.75,43.86,133.25,1,-1,-1,-1
603,24,157.95,155.92,44.54,135.62,1,-1,-1,-1
604,24,151.24,150.70,47.17,143.75,1,-1,-1,-1
606,92,122.04,146.39,59.58,180.77,1,-1,-1,-1
607,92,125.49,131.49,65.65,199.96,1,-1,-1,-1
608,92,126.98,128.64,68.13,207.03,1,-1,-1,-1
609,22,185.43,111.46,90.94,275.14,1,-1,-1,-1
611,77,96.80,112.65,78.99,239.00,1,-1,-1,-1
612,77,90.59,105.46,83.79,252.33,1,-1,-1,-1
612,22,185.97,120.00,86.52,258.71,1,-1,-1,-1
613,77,78.45,94.77,88.90,268.98,1,-1,-1,-1
613,22,185.63,106.08,85.05,257.32,1,-1,-1,-1
614,77,61.62,92.58,90.53,275.96,1,-1,-1,-1
614,22,185.52,103.13,84.36,257.41,1,-1,-1,-1
615,22,183.53,95.12,88.63,269.53,1,-1,-1,-1
615,24,120.63,76.76,73.34,222.04,1,-1,-1,-1
616,22,183.39,91.92,91.38,274.27,1,-1,-1,-1
617,22,182.94,89.21,91.83,275.45,1,-1,-1,-1
617,95,128.96,142.66,47.25,143.44,1,-1,-1,-1
618,22,172.86,96.71,87.20,264.09,1,-1,-1,-1
618,95,119.82,138.67,48.22,146.95,1,-1,-1,-1
619,22,165.53,93.67,89.28,271.92,1,-1,-1,-1
619,95,109.90,138.72,48.26,147.63,1,-1,-1,-1
620,22,164.31,93.38,90.60,274.39,1,-1,-1,-1
620,95,98.33,138.94,51.17,155.42,1,-1,-1,-1
620,91,241.52,96.84,79.04,239.28,1,-1,-1,-1
621,22,165.41,95.55,92.13,274.48,1,-1,-1,-1
621,95,92.94,139.99,55.32,165.70,1,-1,-1,-1
621,91,239.69,103.99,84.27,252.82,1,-1,-1,-1
622,22,170.95,103.41,88.50,261.21,1,-1,-1,-1
622,91,250.45,112.86,82.11,242.84,1,-1,-1,-1
623,22,165.92,109.46,90.64,270.39,1,-1,-1,-1
623,91,252.44,114.16,80.50,240.08,1,-1,-1,-1
624,22,164.49,110.68,90.87,273.90,1,-1,-1,-1
624,91,241.77,112.17,87.91,265.07,1,-1,-1,-1
625,22,169.41,116.52,86.45,261.38,1,-1,-1,-1
625,91,239.69,105.26,85.99,259.92,1,-1,-1,-1
626,91,239.68,103.40,85.30,257.47,1,-1,-1,-1
626,92,178.50,99.99,97.74,294.38,1,-1,-1,-1
627,91,238.48,101.78,84.93,258.45,1,-1,-1,-1
627,22,170.45,104.14,85.27,258.06,1,-1,-1,-1
628,91,239.30,101.96,83.96,256.84,1,-1,-1,-1
628,92,184.72,91.66,92.27,281.48,1,-1,-1,-1
629,91,253.41,105.98,84.03,255.71,1,-1,-1,-1
629,92,183.61,99.11,95.87,290.18,1,-1,-1,-1
630,91,269.27,112.03,80.54,243.22,1,-1,-1,-1
630,22,202.92,102.52,84.92,256.84,1,-1,-1,-1
631,91,273.16,113.01,79.35,239.57,1,-1,-1,-1
631,22,206.92,113.94,85.31,256.93,1,-1,-1,-1
632,91,284.17,114.05,78.84,237.67,1,-1,-1,-1
632,22,204.89,111.78,89.45,268.65,1,-1,-1,-1
632,71,32.03,33.93,159.06,478.86,1,-1,-1,-1
633,91,288.99,113.63,78.65,238.16,1,-1,-1,-1
633,22,219.00,111.63,83.10,250.62,1,-1,-1,-1
633,24,31.61,30.99,147.86,445.08,1,-1,-1,-1
634,91,302.20,112.72,79.15,238.04,1,-1,-1,-1
634,22,224.56,104.75,84.95,254.53,1,-1,-1,-1
634,71,58.36,30.46,151.99,455.90,1,-1,-1,-1
635,91,306.20,113.20,79.21,238.45,1,-1,-1,-1
635,22,237.00,109.66,81.64,244.66,1,-1,-1,-1
636,91,305.11,112.97,78.22,238.73,1,-1,-1,-1
636,22,239.42,110.75,79.20,241.02,1,-1,-1,-1
636,71,86.34,29.31,149.46,450.27,1,-1,-1,-1
637,91,304.69,112.86,78.01,238.87,1,-1,-1,-1
637,22,240.23,111.30,78.47,239.69,1,-1,-1,-1
637,71,75.54,-16.24,163.98,495.60,1,-1,-1,-1
638,91,304.95,112.83,78.55,238.30,1,-1,-1,-1
638,22,241.02,111.81,78.82,238.55,1,-1,-1,-1
639,91,304.12,113.12,78.70,238.11,1,-1,-1,-1
639,22,240.39,112.34,78.87,238.16,1,-1,-1,-1
640,91,292.16,113.40,78.52,238.85,1,-1,-1,-1
640,22,227.57,106.50,82.56,250.43,1,-1,-1,-1
641,91,287.42,113.91,78.45,238.99,1,-1,-1,-1
641,22,222.49,104.81,83.85,254.84,1,-1,-1,-1
642,91,287.49,114.13,78.77,238.64,1,-1,-1,-1
642,22,223.19,115.38,77.34,233.87,1,-1,-1,-1
642,95,0.86,56.67,90.86,274.39,1,-1,-1,-1
643,91,287.43,113.42,78.90,238.26,1,-1,-1,-1
643,92,206.96,120.26,85.27,257.23,1,-1,-1,-1
644,91,284.31,119.53,75.34,227.51,1,-1,-1,-1
644,92,206.04,122.09,84.73,255.88,1,-1,-1,-1
644,71,96.01,-2.22,160.27,481.82,1,-1,-1,-1
645,91,274.98,115.01,77.38,234.68,1,-1,-1,-1
645,24,56.89,4.28,149.12,448.86,1,-1,-1,-1
645,22,208.93,112.53,78.98,238.45,1,-1,-1,-1
646,91,271.77,113.63,78.05,237.51,1,-1,-1,-1
646,24,76.42,21.84,140.75,426.14,1,-1,-1,-1
646,22,207.50,116.51,75.36,228.95,1,-1,-1,-1
647,91,266.84,122.81,71.13,217.97,1,-1,-1,-1
647,92,192.71,127.20,79.42,241.86,1,-1,-1,-1
647,71,69.19,-1.23,158.90,481.11,1,-1,-1,-1
648,91,268.75,132.34,72.34,220.23,1,-1,-1,-1
648,92,192.70,128.37,79.02,239.55,1,-1,-1,-1
648,71,66.95,-0.40,159.05,480.17,1,-1,-1,-1
649,91,269.44,135.73,73.42,220.78,1,-1,-1,-1
649,71,65.91,0.66,160.60,479.11,1,-1,-1,-1
649,22,208.92,131.92,74.07,224.35,1,-1,-1,-1
650,91,260.40,131.44,76.81,232.23,1,-1,-1,-1
650,71,65.03,-0.70,159.59,479.49,1,-1,-1,-1
650,22,208.25,139.43,67.01,203.29,1,-1,-1,-1
651,91,253.57,121.75,74.40,227.05,1,-1,-1,-1
651,71,62.15,-4.40,159.00,481.86,1,-1,-1,-1
651,22,196.92,127.63,67.81,206.71,1,-1,-1,-1
652,91,253.60,122.31,73.34,223.49,1,-1,-1,-1
652,71,64.49,-0.22,158.38,479.58,1,-1,-1,-1
652,22,195.65,127.58,67.91,206.71,1,-1,-1,-1
653,91,252.25,136.81,69.67,212.43,1,-1,-1,-1
653,71,65.82,2.22,158.26,479.23,1,-1,-1,-1
653,92,193.67,133.40,74.07,224.69,1,-1,-1,-1
654,91,251.14,137.45,68.79,208.84,1,-1,-1,-1
654,71,62.07,-1.79,152.07,458.82,1,-1,-1,-1
654,22,195.26,136.42,68.37,207.91,1,-1,-1,-1
655,91,252.08,139.93,68.48,207.06,1,-1,-1,-1
655,71,65.22,-0.26,156.85,471.48,1,-1,-1,-1
655,22,196.26,138.19,68.79,208.26,1,-1,-1,-1
656,91,252.27,131.24,68.42,206.74,1,-1,-1,-1
656,71,66.03,0.05,158.64,476.50,1,-1,-1,-1
656,22,195.80,135.47,72.28,218.62,1,-1,-1,-1
657,91,262.42,126.05,68.57,206.52,1,-1,-1,-1
657,71,67.06,-1.56,159.66,477.87,1,-1,-1,-1
657,22,196.50,122.65,73.75,222.16,1,-1,-1,-1
658,91,266.08,126.25,68.74,206.06,1,-1,-1,-1
658,71,67.54,0.55,160.25,477.20,1,-1,-1,-1
658,22,196.79,120.15,74.41,222.85,1,-1,-1,-1
659,91,276.73,126.54,68.94,206.01,1,-1,-1,-1
659,22,206.62,123.58,71.48,213.02,1,-1,-1,-1
659,24,85.08,0.48,138.52,417.47,1,-1,-1,-1
660,91,267.95,128.29,68.18,206.97,1,-1,-1,-1
660,24,83.74,21.27,137.84,417.39,1,-1,-1,-1
660,77,189.23,121.21,84.89,256.43,1,-1,-1,-1
661,91,269.42,122.89,71.66,217.23,1,-1,-1,-1
661,77,193.35,127.75,79.43,241.02,1,-1,-1,-1
661,71,87.01,26.37,150.75,451.93,1,-1,-1,-1
662,91,271.94,128.49,66.32,202.10,1,-1,-1,-1
662,77,193.95,129.29,78.34,238.09,1,-1,-1,-1
662,71,89.56,29.85,148.54,448.45,1,-1,-1,-1
663,95,29.31,119.42,73.89,223.80,1,-1,-1,-1
663,22,193.46,128.09,78.21,236.80,1,-1,-1,-1
663,24,102.23,47.72,130.39,393.68,1,-1,-1,-1
664,95,29.87,125.87,69.54,210.61,1,-1,-1,-1
664,22,193.06,128.57,79.16,239.46,1,-1,-1,-1
664,91,267.54,126.47,68.10,206.61,1,-1,-1,-1
664,71,71.10,6.78,156.93,473.02,1,-1,-1,-1
665,22,202.87,122.37,83.40,251.39,1,-1,-1,-1
665,98,219.25,134.21,58.97,178.60,1,-1,-1,-1
665,91,276.51,124.55,68.86,207.95,1,-1,-1,-1
665,71,84.54,20.37,152.22,456.97,1,-1,-1,-1
666,22,206.89,125.31,81.08,244.98,1,-1,-1,-1
666,91,274.99,127.18,65.84,199.36,1,-1,-1,-1
666,71,88.57,25.59,149.92,451.36,1,-1,-1,-1
666,99,4.18,103.29,84.86,256.60,1,-1,-1,-1
667,22,208.87,116.76,80.06,242.59,1,-1,-1,-1
667,91,278.66,125.97,67.81,205.72,1,-1,-1,-1
667,71,90.30,8.12,149.05,449.91,1,-1,-1,-1
667,99,-12.76,94.95,89.66,271.26,1,-1,-1,-1
667,98,226.58,136.09,56.01,170.14,1,-1,-1,-1
668,22,220.58,132.93,72.80,219.64,1,-1,-1,-1
668,91,280.87,126.65,68.51,206.99,1,-1,-1,-1
668,71,107.03,22.28,142.00,426.88,1,-1,-1,-1
668,95,52.17,105.22,83.61,252.74,1,-1,-1,-1
669,22,222.24,129.98,66.76,202.23,1,-1,-1,-1
669,91,285.36,127.18,65.72,199.16,1,-1,-1,-1
669,71,96.62,5.34,146.22,440.65,1,-1,-1,-1
669,95,45.42,85.14,93.63,283.09,1,-1,-1,-1
670,22,224.64,127.70,67.73,205.29,1,-1,-1,-1
670,91,287.49,129.64,64.47,195.55,1,-1,-1,-1
670,71,113.68,1.59,147.41,444.58,1,-1,-1,-1
670,95,42.30,76.38,93.05,281.57,1,-1,-1,-1
671,22,229.54,142.71,61.75,188.08,1,-1,-1,-1
671,91,287.13,132.84,63.81,194.17,1,-1,-1,-1
671,71,113.79,21.09,140.72,426.05,1,-1,-1,-1
671,95,41.54,78.78,96.55,292.97,1,-1,-1,-1
672,22,233.54,147.25,62.62,190.89,1,-1,-1,-1
672,91,286.75,143.81,63.53,193.81,1,-1,-1,-1
672,71,113.42,29.49,138.13,419.21,1,-1,-1,-1
672,95,28.14,81.17,97.68,297.39,1,-1,-1,-1
673,22,242.05,143.20,60.60,183.33,1,-1,-1,-1
673,91,288.20,131.22,64.10,193.97,1,-1,-1,-1
673,71,114.13,24.92,138.66,417.34,1,-1,-1,-1
673,95,11.27,52.45,108.52,327.57,1,-1,-1,-1
674,91,280.82,125.48,67.40,203.39,1,-1,-1,-1
674,24,131.22,26.83,129.18,389.52,1,-1,-1,-1
674,98,237.84,126.25,68.40,207.22,1,-1,-1,-1
675,91,277.84,132.95,61.59,188.90,1,-1,-1,-1
675,22,234.75,132.58,62.94,191.29,1,-1,-1,-1
675,71,110.72,26.34,137.83,417.06,1,-1,-1,-1
676,91,273.96,132.73,62.52,191.68,1,-1,-1,-1
676,100,396.32,99.21,95.70,290.50,1,-1,-1,-1
676,22,236.56,142.43,57.55,176.89,1,-1,-1,-1
676,71,111.50,27.65,136.96,417.10,1,-1,-1,-1
676,98,226.10,130.50,76.16,232.62,1,-1,-1,-1
677,91,274.52,131.04,63.50,192.93,1,-1,-1,-1
677,100,395.92,99.15,97.11,293.81,1,-1,-1,-1
677,22,239.04,145.02,56.26,171.35,1,-1,-1,-1
677,71,98.54,28.43,144.76,437.43,1,-1,-1,-1
677,98,226.54,129.82,78.41,237.80,1,-1,-1,-1
678,91,272.82,129.97,64.15,193.44,1,-1,-1,-1
678,100,388.09,107.88,92.84,279.63,1,-1,-1,-1
678,71,91.53,8.87,148.31,444.97,1,-1,-1,-1
679,91,277.32,142.41,61.23,184.80,1,-1,-1,-1
679,100,386.56,112.66,91.01,274.75,1,-1,-1,-1
679,71,90.37,23.51,148.98,447.32,1,-1,-1,-1
679,22,238.45,146.75,55.91,169.21,1,-1,-1,-1
679,98,225.20,131.05,79.49,239.60,1,-1,-1,-1
680,91,274.87,144.74,62.87,190.46,1,-1,-1,-1
680,100,379.66,120.68,85.76,259.95,1,-1,-1,-1
680,71,89.93,28.41,148.69,448.28,1,-1,-1,-1
680,22,238.69,147.75,55.54,168.96,1,-1,-1,-1
680,98,225.47,142.55,78.98,239.39,1,-1,-1,-1
681,91,272.99,143.78,63.48,192.84,1,-1,-1,-1
681,100,376.93,121.52,84.21,255.65,1,-1,-1,-1
681,71,88.56,28.25,148.61,449.32,1,-1,-1,-1
682,91,268.66,144.95,60.80,185.18,1,-1,-1,-1
682,100,369.63,114.60,88.19,267.59,1,-1,-1,-1
682,71,88.59,28.04,148.46,449.57,1,-1,-1,-1
683,91,267.88,146.42,59.83,182.07,1,-1,-1,-1
683,71,89.54,29.28,148.46,449.22,1,-1,-1,-1
683,22,221.35,144.92,58.90,179.63,1,-1,-1,-1
684,91,271.69,134.90,62.61,189.85,1,-1,-1,-1
684,71,104.03,26.85,142.37,429.45,1,-1,-1,-1
684,100,367.39,111.02,90.19,273.31,1,-1,-1,-1
685,91,269.54,133.96,60.70,184.07,1,-1,-1,-1
685,71,110.29,27.13,139.76,421.48,1,-1,-1,-1
685,100,367.59,109.86,90.86,275.27,1,-1,-1,-1
686,91,268.05,133.37,60.22,181.83,1,-1,-1,-1
686,71,111.69,27.19,139.42,418.61,1,-1,-1,-1
686,100,367.14,109.12,91.49,275.97,1,-1,-1,-1
686,95,17.41,85.96,85.29,258.97,1,-1,-1,-1
687,91,267.54,133.83,59.79,180.89,1,-1,-1,-1
687,71,112.48,27.90,138.69,417.22,1,-1,-1,-1
687,95,5.07,81.84,94.29,285.81,1,-1,-1,-1
688,91,261.75,134.79,56.81,172.44,1,-1,-1,-1
688,71,96.85,28.77,144.91,436.83,1,-1,-1,-1
688,22,209.25,130.45,63.71,193.43,1,-1,-1,-1
689,91,260.74,133.01,61.63,186.38,1,-1,-1,-1
689,71,106.68,29.82,141.15,423.91,1,-1,-1,-1
690,91,260.55,131.73,63.39,191.24,1,-1,-1,-1
690,71,96.14,30.74,146.36,439.06,1,-1,-1,-1
690,100,355.03,99.59,97.11,293.27,1,-1,-1,-1
690,22,208.37,131.01,64.26,194.33,1,-1,-1,-1
691,91,260.68,131.55,64.23,193.30,1,-1,-1,-1
691,71,92.19,31.39,148.67,444.93,1,-1,-1,-1
691,100,354.77,99.16,98.09,295.11,1,-1,-1,-1
691,24,53.58,129.27,64.61,196.56,1,-1,-1,-1
692,91,260.84,131.58,64.29,193.73,1,-1,-1,-1
692,71,110.78,31.99,148.94,446.34,1,-1,-1,-1
692,100,354.63,99.27,98.09,295.23,1,-1,-1,-1
692,24,52.69,131.65,63.68,192.88,1,-1,-1,-1
692,98,305.25,149.34,52.55,159.91,1,-1,-1,-1
693,91,258.30,131.33,61.44,185.45,1,-1,-1,-1
693,71,113.35,28.07,142.43,427.46,1,-1,-1,-1
693,24,43.10,121.21,63.24,191.13,1,-1,-1,-1
694,91,256.34,124.16,60.14,182.27,1,-1,-1,-1
694,71,113.39,27.52,139.46,420.16,1,-1,-1,-1
694,24,39.38,118.40,63.11,191.17,1,-1,-1,-1
695,91,258.94,124.25,56.82,172.90,1,-1,-1,-1
695,71,112.95,27.88,138.14,417.42,1,-1,-1,-1
695,24,30.06,113.86,66.46,201.70,1,-1,-1,-1
695,99,85.11,138.11,51.83,157.55,1,-1,-1,-1
696,91,261.09,134.78,55.81,168.91,1,-1,-1,-1
696,71,119.45,32.64,144.80,435.35,1,-1,-1,-1
696,99,91.82,138.11,54.82,166.46,1,-1,-1,-1
697,91,266.29,134.84,58.23,176.19,1,-1,-1,-1
697,71,134.58,30.75,140.79,422.97,1,-1,-1,-1
697,95,1.16,112.42,79.61,240.34,1,-1,-1,-1
697,100,350.31,92.56,91.76,276.86,1,-1,-1,-1
698,91,266.93,133.90,59.25,179.32,1,-1,-1,-1
698,71,138.77,28.63,139.47,419.36,1,-1,-1,-1
698,100,339.26,96.47,96.00,289.54,1,-1,-1,-1
699,91,263.18,134.08,62.24,188.79,1,-1,-1,-1
699,71,141.19,30.76,138.29,417.09,1,-1,-1,-1
700,71,149.41,32.93,143.83,436.16,1,-1,-1,-1
700,100,347.07,110.75,91.53,278.15,1,-1,-1,-1
701,71,142.87,26.07,139.75,425.88,1,-1,-1,-1
701,100,337.53,99.97,95.34,290.27,1,-1,-1,-1
702,71,140.63,27.35,138.29,420.51,1,-1,-1,-1
702,100,331.52,107.10,92.27,280.97,1,-1,-1,-1
702,24,10.38,146.95,52.29,159.27,1,-1,-1,-1
703,71,152.41,45.81,132.01,398.41,1,-1,-1,-1
703,24,9.87,157.17,48.92,148.57,1,-1,-1,-1
703,99,98.82,126.38,68.27,207.00,1,-1,-1,-1
704,71,155.84,51.83,130.58,390.26,1,-1,-1,-1
704,99,87.62,117.24,76.27,229.51,1,-1,-1,-1
705,71,145.31,35.76,136.12,407.40,1,-1,-1,-1
705,99,75.11,106.39,82.98,249.31,1,-1,-1,-1
706,71,141.44,30.93,136.92,413.06,1,-1,-1,-1
706,99,59.17,102.92,84.80,256.79,1,-1,-1,-1
707,71,127.30,31.46,144.42,435.66,1,-1,-1,-1
707,99,43.98,95.92,89.71,271.55,1,-1,-1,-1
708,71,121.99,30.46,145.43,444.10,1,-1,-1,-1
708,99,37.92,91.40,90.33,277.30,1,-1,-1,-1
709,71,115.35,28.89,140.73,428.74,1,-1,-1,-1
709,99,25.27,82.09,95.65,292.32,1,-1,-1,-1
710,71,113.82,29.01,137.78,419.57,1,-1,-1,-1
710,99,9.54,79.15,96.77,296.06,1,-1,-1,-1
711,71,112.95,28.37,137.45,416.49,1,-1,-1,-1
712,71,118.81,42.06,125.08,380.66,1,-1,-1,-1
713,71,114.99,32.76,133.65,404.33,1,-1,-1,-1
714,71,115.23,30.94,136.34,411.24,1,-1,-1,-1
714,95,16.58,96.41,78.94,239.12,1,-1,-1,-1
714,100,275.54,85.64,104.19,314.97,1,-1,-1,-1
715,71,115.42,29.44,136.92,414.54,1,-1,-1,-1
715,95,19.87,84.83,78.53,238.87,1,-1,-1,-1
716,71,127.85,28.23,130.37,398.04,1,-1,-1,-1
716,95,21.55,86.23,81.84,250.23,1,-1,-1,-1
717,71,132.14,27.60,129.01,391.56,1,-1,-1,-1
717,95,22.08,86.55,83.59,254.62,1,-1,-1,-1
718,71,133.23,45.93,129.04,388.90,1,-1,-1,-1
718,99,2.46,62.83,96.94,294.96,1,-1,-1,-1
719,71,143.15,49.63,124.26,370.71,1,-1,-1,-1
719,99,2.07,76.03,98.03,294.62,1,-1,-1,-1
720,71,147.05,50.38,121.41,364.16,1,-1,-1,-1
720,99,2.13,69.26,102.33,308.64,1,-1,-1,-1
721,71,143.40,34.90,132.04,399.66,1,-1,-1,-1
721,99,0.73,61.31,98.79,301.95,1,-1,-1,-1
722,71,136.32,47.42,130.67,392.59,1,-1,-1,-1
722,99,1.17,52.03,107.85,326.16,1,-1,-1,-1
723,71,144.27,49.92,124.62,373.61,1,-1,-1,-1
723,99,1.68,48.91,111.48,335.96,1,-1,-1,-1
724,71,146.19,50.12,121.70,365.64,1,-1,-1,-1
724,99,-15.78,34.72,123.24,371.66,1,-1,-1,-1
724,22,249.87,147.90,55.57,168.88,1,-1,-1,-1
725,71,142.62,35.33,132.65,398.82,1,-1,-1,-1
725,22,254.08,148.17,52.93,159.71,1,-1,-1,-1
726,71,145.39,45.26,125.62,374.90,1,-1,-1,-1
726,22,257.39,156.44,49.78,149.58,1,-1,-1,-1
727,71,145.86,47.63,122.56,365.41,1,-1,-1,-1
727,22,255.90,150.79,51.07,153.97,1,-1,-1,-1
728,71,144.88,49.21,121.11,361.88,1,-1,-1,-1
728,22,261.24,149.35,51.42,155.42,1,-1,-1,-1
729,71,144.98,49.26,120.67,362.21,1,-1,-1,-1
730,71,145.90,52.07,120.11,361.75,1,-1,-1,-1
731,71,146.53,51.99,119.89,362.00,1,-1,-1,-1
731,100,316.13,118.85,97.45,295.08,1,-1,-1,-1
732,71,135.46,70.75,125.89,379.77,1,-1,-1,-1
732,100,316.82,110.72,102.32,310.09,1,-1,-1,-1
733,95,136.31,69.08,111.77,337.41,1,-1,-1,-1
734,71,130.31,78.93,128.47,388.32,1,-1,-1,-1
735,71,129.49,77.37,129.74,390.51,1,-1,-1,-1
736,71,129.26,60.21,129.55,390.85,1,-1,-1,-1
736,100,313.39,110.36,92.69,279.96,1,-1,-1,-1
737,71,129.37,54.33,128.51,391.01,1,-1,-1,-1
737,22,254.69,159.35,51.76,157.62,1,-1,-1,-1
738,71,130.06,52.56,128.52,390.41,1,-1,-1,-1
738,22,256.21,158.46,49.24,150.09,1,-1,-1,-1
739,71,133.84,62.58,116.85,357.99,1,-1,-1,-1
739,22,257.22,164.12,45.98,141.35,1,-1,-1,-1
740,71,125.97,70.37,118.69,360.72,1,-1,-1,-1
740,22,257.47,160.42,47.33,144.64,1,-1,-1,-1
740,99,67.89,85.60,85.27,259.21,1,-1,-1,-1
741,71,132.55,68.38,114.15,345.14,1,-1,-1,-1
741,22,263.69,157.78,47.89,145.72,1,-1,-1,-1
742,71,135.25,68.92,112.11,339.06,1,-1,-1,-1
742,22,260.11,163.56,45.76,139.42,1,-1,-1,-1
742,99,66.21,95.04,79.47,240.85,1,-1,-1,-1
743,71,136.13,68.51,111.77,337.25,1,-1,-1,-1
743,22,258.83,165.10,45.11,137.17,1,-1,-1,-1
744,71,137.35,69.24,111.72,336.64,1,-1,-1,-1
744,99,43.03,92.19,88.85,269.27,1,-1,-1,-1
745,71,137.64,69.14,111.86,336.68,1,-1,-1,-1
745,99,27.38,69.56,95.25,288.43,1,-1,-1,-1
746,71,128.75,73.72,117.45,353.44,1,-1,-1,-1
747,71,130.16,60.15,125.23,376.36,1,-1,-1,-1
747,91,118.00,118.28,63.98,193.98,1,-1,-1,-1
748,71,149.49,66.37,117.49,351.47,1,-1,-1,-1
748,91,113.82,113.82,67.19,204.37,1,-1,-1,-1
749,71,148.73,72.89,119.83,358.13,1,-1,-1,-1
749,91,107.44,117.58,65.83,197.29,1,-1,-1,-1
750,71,165.14,81.16,110.61,329.03,1,-1,-1,-1
750,91,106.74,108.38,71.56,215.02,1,-1,-1,-1
750,100,335.59,98.44,97.41,294.62,1,-1,-1,-1
751,71,170.39,83.52,106.45,318.70,1,-1,-1,-1
751,91,100.07,98.86,76.94,232.21,1,-1,-1,-1
752,71,178.00,81.62,99.76,300.91,1,-1,-1,-1
752,91,97.67,96.49,78.74,238.86,1,-1,-1,-1
752,106,92.32,23.32,112.17,338.93,1,-1,-1,-1
752,22,257.03,146.73,59.22,179.61,1,-1,-1,-1
752,100,344.67,128.66,87.88,264.46,1,-1,-1,-1
753,71,188.76,69.85,102.19,309.29,1,-1,-1,-1
753,91,89.53,88.73,82.91,252.48,1,-1,-1,-1
754,71,198.28,76.70,98.38,298.19,1,-1,-1,-1
754,91,91.75,78.33,88.50,269.56,1,-1,-1,-1
755,71,199.70,78.91,97.60,293.81,1,-1,-1,-1
755,91,86.92,82.06,87.36,263.92,1,-1,-1,-1
755,99,49.10,50.20,119.78,361.29,1,-1,-1,-1
755,100,351.38,113.20,90.42,273.68,1,-1,-1,-1
756,91,78.78,76.97,91.23,272.35,1,-1,-1,-1
756,95,205.66,69.33,112.21,338.91,1,-1,-1,-1
757,91,64.71,64.63,96.59,288.80,1,-1,-1,-1
757,71,211.45,83.58,103.80,309.65,1,-1,-1,-1
758,91,49.24,50.71,107.46,323.87,1,-1,-1,-1
758,71,206.65,71.75,109.82,330.70,1,-1,-1,-1
759,91,30.81,33.23,116.46,352.54,1,-1,-1,-1
759,71,213.90,75.44,102.15,309.97,1,-1,-1,-1
760,91,23.20,24.65,120.29,364.30,1,-1,-1,-1
760,71,216.61,76.03,99.21,301.08,1,-1,-1,-1
761,91,4.58,6.18,127.40,386.52,1,-1,-1,-1
761,71,217.71,76.77,98.25,298.68,1,-1,-1,-1
762,71,218.45,76.68,97.63,296.54,1,-1,-1,-1
763,71,217.08,74.68,97.66,296.12,1,-1,-1,-1
763,24,122.33,164.21,25.39,78.25,1,-1,-1,-1
763,106,159.02,116.54,52.13,158.34,1,-1,-1,-1
764,71,214.95,68.99,102.34,308.85,1,-1,-1,-1
764,24,124.87,168.81,24.00,73.08,1,-1,-1,-1
764,106,158.02,138.24,45.06,137.11,1,-1,-1,-1
765,71,227.61,81.32,104.81,313.47,1,-1,-1,-1
765,24,124.25,175.71,25.09,76.76,1,-1,-1,-1
765,106,161.62,153.56,39.13,118.86,1,-1,-1,-1
766,71,227.57,73.16,110.08,330.33,1,-1,-1,-1
766,24,124.08,178.47,24.06,73.81,1,-1,-1,-1
766,107,198.52,155.10,41.40,125.94,1,-1,-1,-1
767,71,216.62,65.74,106.43,323.50,1,-1,-1,-1
767,107,193.10,152.92,39.54,121.16,1,-1,-1,-1
768,71,212.90,64.97,104.74,319.40,1,-1,-1,-1
768,107,185.68,149.69,43.58,133.09,1,-1,-1,-1
768,99,115.24,137.18,53.75,162.69,1,-1,-1,-1
769,71,216.10,74.26,99.52,303.82,1,-1,-1,-1
769,107,184.18,148.12,44.82,136.79,1,-1,-1,-1
770,71,217.65,76.98,98.61,297.04,1,-1,-1,-1
770,107,181.83,151.98,43.48,131.10,1,-1,-1,-1
771,71,216.14,78.51,97.74,295.19,1,-1,-1,-1
771,107,168.63,148.94,44.77,135.64,1,-1,-1,-1
772,71,207.87,71.23,107.13,323.82,1,-1,-1,-1
772,107,160.31,140.59,49.77,151.06,1,-1,-1,-1
772,99,90.19,138.27,48.28,146.89,1,-1,-1,-1
773,71,213.29,75.80,101.08,306.12,1,-1,-1,-1
773,107,156.77,138.24,49.32,149.92,1,-1,-1,-1
773,99,77.03,128.81,50.85,154.71,1,-1,-1,-1
774,71,216.61,78.49,98.94,298.19,1,-1,-1,-1
774,107,150.35,138.14,49.21,148.92,1,-1,-1,-1
774,100,338.68,85.14,104.58,315.65,1,-1,-1,-1
775,71,217.89,79.74,98.11,295.14,1,-1,-1,-1
775,107,148.19,138.04,51.44,155.39,1,-1,-1,-1
775,100,338.60,85.23,104.93,315.97,1,-1,-1,-1
776,71,217.72,80.58,97.44,294.64,1,-1,-1,-1
776,107,139.76,138.41,52.04,158.04,1,-1,-1,-1
777,71,214.08,84.04,101.93,308.51,1,-1,-1,-1
777,107,135.95,136.91,54.70,166.28,1,-1,-1,-1
777,99,36.45,124.53,55.35,167.94,1,-1,-1,-1
778,71,217.31,94.86,99.14,299.59,1,-1,-1,-1
778,107,135.61,136.80,55.79,169.27,1,-1,-1,-1
778,24,98.46,170.09,31.41,96.33,1,-1,-1,-1
779,71,234.62,107.62,93.99,282.17,1,-1,-1,-1
779,107,135.67,135.89,59.01,177.92,1,-1,-1,-1
779,22,121.59,70.11,84.69,256.03,1,-1,-1,-1
780,71,224.67,102.56,96.23,289.67,1,-1,-1,-1
780,107,132.22,131.86,62.85,189.70,1,-1,-1,-1
780,22,113.45,71.68,89.21,269.10,1,-1,-1,-1
781,71,235.69,96.13,92.17,279.47,1,-1,-1,-1
781,107,130.52,121.62,64.00,194.41,1,-1,-1,-1
782,71,240.26,102.07,86.52,262.87,1,-1,-1,-1
782,107,121.41,127.02,64.38,195.90,1,-1,-1,-1
783,71,239.31,87.20,93.60,283.31,1,-1,-1,-1
783,107,117.99,128.87,64.70,196.38,1,-1,-1,-1
783,109,196.14,127.30,67.76,205.32,1,-1,-1,-1
783,22,109.23,73.28,90.67,274.83,1,-1,-1,-1
784,71,241.16,98.92,87.83,264.85,1,-1,-1,-1
784,107,108.60,123.87,71.12,215.00,1,-1,-1,-1
784,109,196.08,127.31,68.57,207.36,1,-1,-1,-1
784,22,91.74,53.89,100.35,302.78,1,-1,-1,-1
784,106,80.98,160.72,38.99,118.98,1,-1,-1,-1
784,99,1.01,135.86,55.68,168.94,1,-1,-1,-1
785,71,240.81,102.07,85.33,258.32,1,-1,-1,-1
785,107,98.27,115.68,76.79,232.62,1,-1,-1,-1
785,109,180.62,115.75,76.68,232.25,1,-1,-1,-1
786,71,240.04,115.10,84.36,256.18,1,-1,-1,-1
786,107,83.40,102.60,78.87,239.78,1,-1,-1,-1
786,109,175.07,112.11,79.16,240.49,1,-1,-1,-1
787,71,239.67,113.66,88.24,267.54,1,-1,-1,-1
787,107,71.43,102.32,83.28,252.87,1,-1,-1,-1
787,109,166.95,110.44,88.15,267.19,1,-1,-1,-1
788,71,250.43,113.83,82.29,247.97,1,-1,-1,-1
788,107,55.75,102.05,85.45,257.77,1,-1,-1,-1
788,100,338.72,28.06,128.63,387.94,1,-1,-1,-1
789,71,243.14,108.03,83.48,252.84,1,-1,-1,-1
789,107,37.58,102.35,85.75,260.10,1,-1,-1,-1
789,109,141.64,102.92,96.66,292.14,1,-1,-1,-1
790,71,240.60,112.86,79.76,242.74,1,-1,-1,-1
790,107,20.95,96.24,89.45,272.15,1,-1,-1,-1
790,109,123.76,103.94,97.01,294.75,1,-1,-1,-1
791,71,240.39,113.53,78.69,239.01,1,-1,-1,-1
791,107,3.71,93.03,91.03,276.69,1,-1,-1,-1
791,109,109.74,93.81,102.06,309.62,1,-1,-1,-1
791,100,310.26,28.87,136.57,414.05,1,-1,-1,-1
792,71,240.86,125.25,78.47,237.57,1,-1,-1,-1
792,109,95.57,79.94,108.97,329.57,1,-1,-1,-1
793,71,229.46,121.37,82.30,248.76,1,-1,-1,-1
793,91,63.15,85.44,104.71,316.28,1,-1,-1,-1
793,100,313.58,44.24,124.04,375.02,1,-1,-1,-1
794,71,225.56,112.82,80.18,242.20,1,-1,-1,-1
794,111,415.56,29.24,127.41,384.42,1,-1,-1,-1
794,91,49.97,70.67,110.39,333.48,1,-1,-1,-1
794,100,315.72,42.80,115.67,349.44,1,-1,-1,-1
795,71,224.25,114.34,78.79,239.29,1,-1,-1,-1
795,111,415.71,28.31,128.18,388.33,1,-1,-1,-1
795,100,298.52,32.69,117.76,357.17,1,-1,-1,-1
795,22,0.38,29.27,137.23,413.96,1,-1,-1,-1
796,71,225.45,126.04,78.48,238.03,1,-1,-1,-1
796,111,417.14,27.92,128.78,389.15,1,-1,-1,-1
796,100,294.28,45.72,118.66,359.49,1,-1,-1,-1
797,71,224.43,121.13,75.24,227.52,1,-1,-1,-1
797,111,418.22,26.18,136.39,410.86,1,-1,-1,-1
797,100,288.06,31.77,125.45,378.82,1,-1,-1,-1
797,112,113.56,159.91,39.05,119.24,1,-1,-1,-1
798,71,225.78,116.42,77.90,234.18,1,-1,-1,-1
798,111,418.31,26.32,132.83,397.43,1,-1,-1,-1
798,100,290.60,43.70,122.82,368.11,1,-1,-1,-1
798,112,112.78,156.68,41.38,125.83,1,-1,-1,-1
798,113,170.73,183.15,29.86,91.31,1,-1,-1,-1
798,114,161.29,128.09,51.24,155.36,1,-1,-1,-1
799,71,225.52,119.26,75.26,225.65,1,-1,-1,-1
799,100,287.56,50.26,127.35,381.31,1,-1,-1,-1
799,112,106.44,159.40,39.92,121.37,1,-1,-1,-1
799,113,168.47,182.26,33.07,100.94,1,-1,-1,-1
799,114,159.49,127.69,51.84,156.94,1,-1,-1,-1
799,24,65.00,161.18,38.95,118.91,1,-1,-1,-1
800,100,280.60,35.17,134.88,405.26,1,-1,-1,-1
800,112,97.36,159.39,39.23,119.78,1,-1,-1,-1
800,113,161.43,171.11,37.92,115.79,1,-1,-1,-1
800,24,57.60,150.66,43.10,131.41,1,-1,-1,-1
801,100,279.27,32.83,137.19,413.37,1,-1,-1,-1
801,113,154.88,169.90,39.44,120.62,1,-1,-1,-1
801,24,57.14,158.18,40.69,124.12,1,-1,-1,-1
801,71,211.77,113.71,78.13,235.81,1,-1,-1,-1
802,100,279.83,30.47,138.33,417.20,1,-1,-1,-1
802,113,154.82,170.83,41.88,127.96,1,-1,-1,-1
802,24,57.58,160.11,39.73,121.18,1,-1,-1,-1
802,71,220.22,121.25,72.00,218.21,1,-1,-1,-1
802,112,82.48,161.63,38.96,119.13,1,-1,-1,-1
803,100,279.64,29.89,138.73,418.07,1,-1,-1,-1
803,113,153.09,174.57,40.80,124.57,1,-1,-1,-1
803,24,57.00,158.61,43.30,131.82,1,-1,-1,-1
803,71,223.80,120.51,73.09,221.39,1,-1,-1,-1
803,117,204.77,188.00,27.31,83.91,1,-1,-1,-1
804,100,289.50,43.38,126.96,383.10,1,-1,-1,-1
804,113,159.46,176.38,40.18,122.77,1,-1,-1,-1
804,24,58.45,158.33,44.59,135.75,1,-1,-1,-1
804,71,226.67,120.52,73.46,222.65,1,-1,-1,-1
804,117,205.92,192.68,27.31,83.97,1,-1,-1,-1
804,114,159.36,125.65,55.49,168.49,1,-1,-1,-1
804,112,87.00,168.22,39.05,119.18,1,-1,-1,-1
805,100,293.10,46.57,122.57,369.49,1,-1,-1,-1
805,113,161.72,175.19,39.96,121.95,1,-1,-1,-1
805,24,64.60,156.16,45.19,137.39,1,-1,-1,-1
805,71,227.63,113.58,77.33,234.03,1,-1,-1,-1
805,117,207.68,184.58,28.92,88.75,1,-1,-1,-1
805,114,160.93,124.25,55.84,169.41,1,-1,-1,-1
806,100,311.05,49.48,120.86,364.37,1,-1,-1,-1
806,113,168.24,176.58,39.76,121.33,1,-1,-1,-1
806,24,70.19,155.96,43.33,131.80,1,-1,-1,-1
806,71,238.00,117.74,75.17,227.56,1,-1,-1,-1
806,114,169.51,125.45,55.89,169.58,1,-1,-1,-1
807,100,317.07,50.04,119.83,362.49,1,-1,-1,-1
807,113,172.55,173.42,41.40,126.65,1,-1,-1,-1
807,24,71.79,155.15,42.39,129.48,1,-1,-1,-1
807,71,251.46,118.85,74.00,224.84,1,-1,-1,-1
808,100,334.89,47.08,114.85,345.29,1,-1,-1,-1
808,113,176.02,167.60,44.28,134.56,1,-1,-1,-1
808,24,75.36,149.50,44.37,134.66,1,-1,-1,-1
808,71,256.03,118.53,74.08,223.67,1,-1,-1,-1
809,100,343.33,49.05,119.55,356.06,1,-1,-1,-1
809,113,185.34,167.28,45.90,137.54,1,-1,-1,-1
809,24,82.00,149.88,47.72,143.15,1,-1,-1,-1
809,71,269.47,130.02,74.86,223.31,1,-1,-1,-1
810,100,344.51,66.35,120.39,359.31,1,-1,-1,-1
810,113,190.26,170.98,44.07,132.25,1,-1,-1,-1
810,24,91.38,155.44,46.53,139.63,1,-1,-1,-1
810,71,279.11,137.71,71.15,212.73,1,-1,-1,-1
810,91,261.11,201.93,24.44,74.86,1,-1,-1,-1
810,111,469.41,26.79,129.33,389.30,1,-1,-1,-1
810,117,237.69,182.34,33.75,103.02,1,-1,-1,-1
811,100,360.12,39.90,126.71,379.09,1,-1,-1,-1
811,113,193.76,166.59,45.33,136.50,1,-1,-1,-1
811,24,91.43,149.90,48.22,145.08,1,-1,-1,-1
811,71,284.98,125.14,73.18,219.62,1,-1,-1,-1
811,91,261.99,189.27,29.14,89.34,1,-1,-1,-1
811,111,475.16,26.80,136.55,409.51,1,-1,-1,-1
811,117,241.38,181.65,32.60,99.32,1,-1,-1,-1
812,113,194.32,166.09,45.39,137.98,1,-1,-1,-1
812,71,286.29,121.95,73.32,222.01,1,-1,-1,-1
812,91,268.91,189.76,28.61,88.01,1,-1,-1,-1
813,113,188.05,166.06,45.24,138.61,1,-1,-1,-1
813,71,286.40,120.94,73.19,223.17,1,-1,-1,-1
813,24,100.23,155.39,45.78,139.70,1,-1,-1,-1
814,113,185.42,164.90,45.42,138.68,1,-1,-1,-1
814,71,296.01,119.32,73.57,223.55,1,-1,-1,-1
814,114,195.78,122.28,59.83,180.87,1,-1,-1,-1
814,100,388.32,28.26,128.84,389.17,1,-1,-1,-1
814,117,241.31,170.80,38.20,116.76,1,-1,-1,-1
815,113,184.57,166.17,45.40,138.30,1,-1,-1,-1
815,71,304.70,133.71,70.28,213.17,1,-1,-1,-1
815,100,391.45,27.26,129.46,389.77,1,-1,-1,-1
815,117,240.99,175.26,39.09,119.03,1,-1,-1,-1
815,109,266.24,195.24,30.09,91.81,1,-1,-1,-1
816,113,185.78,159.99,47.63,144.94,1,-1,-1,-1
816,71,307.40,137.59,69.14,209.68,1,-1,-1,-1
816,100,392.34,26.39,136.10,409.46,1,-1,-1,-1
816,117,235.06,170.18,39.48,120.10,1,-1,-1,-1
816,109,267.06,193.51,27.24,83.72,1,-1,-1,-1
816,24,91.10,149.24,48.16,146.25,1,-1,-1,-1
817,113,179.78,157.97,48.36,147.21,1,-1,-1,-1
817,71,308.05,129.92,68.60,208.20,1,-1,-1,-1
817,100,391.06,8.48,144.80,435.84,1,-1,-1,-1
817,117,232.64,168.61,39.50,120.27,1,-1,-1,-1
817,109,267.57,193.79,26.80,82.41,1,-1,-1,-1
817,24,86.34,140.97,50.84,154.39,1,-1,-1,-1
818,71,313.02,123.35,72.20,217.73,1,-1,-1,-1
818,100,390.30,1.67,149.06,445.39,1,-1,-1,-1
818,117,231.94,168.48,39.73,120.11,1,-1,-1,-1
818,109,263.34,190.12,28.61,87.63,1,-1,-1,-1
818,24,87.49,145.70,49.81,150.10,1,-1,-1,-1
818,22,164.79,57.09,91.71,276.14,1,-1,-1,-1
818,91,286.23,182.53,29.31,89.90,1,-1,-1,-1
819,71,314.91,121.44,73.43,221.15,1,-1,-1,-1
819,100,409.21,0.23,143.87,429.16,1,-1,-1,-1
819,117,231.53,165.64,41.60,125.68,1,-1,-1,-1
819,24,81.99,139.93,54.09,163.06,1,-1,-1,-1
819,107,11.38,137.02,55.92,169.39,1,-1,-1,-1
819,114,205.44,122.28,60.13,181.54,1,-1,-1,-1
819,113,170.86,158.87,51.73,155.95,1,-1,-1,-1
820,71,318.42,125.66,70.13,212.84,1,-1,-1,-1
820,100,415.52,0.58,147.38,443.26,1,-1,-1,-1
820,117,222.36,167.01,44.06,133.94,1,-1,-1,-1
820,24,77.64,146.15,50.63,153.87,1,-1,-1,-1
820,113,160.29,160.40,54.51,165.29,1,-1,-1,-1
821,71,315.25,120.93,72.03,219.99,1,-1,-1,-1
821,100,418.26,-1.59,147.93,449.05,1,-1,-1,-1
821,117,214.91,163.28,42.77,131.42,1,-1,-1,-1
821,24,68.95,137.89,53.90,164.74,1,-1,-1,-1
821,113,147.98,149.99,57.89,176.77,1,-1,-1,-1
822,71,307.75,115.87,76.16,233.15,1,-1,-1,-1
822,117,206.66,163.39,42.14,130.13,1,-1,-1,-1
822,24,62.93,137.09,52.42,161.41,1,-1,-1,-1
822,113,133.38,145.79,61.84,189.50,1,-1,-1,-1
822,109,241.06,177.62,38.50,117.53,1,-1,-1,-1
822,22,148.66,54.76,90.85,275.03,1,-1,-1,-1
823,71,313.18,129.89,74.42,226.82,1,-1,-1,-1
823,117,200.42,170.68,42.06,129.00,1,-1,-1,-1
823,24,63.64,145.88,52.05,159.18,1,-1,-1,-1
823,113,123.89,140.43,69.69,212.17,1,-1,-1,-1
823,109,240.61,182.87,39.46,120.39,1,-1,-1,-1
824,71,313.57,132.64,74.11,224.72,1,-1,-1,-1
824,117,196.28,165.15,42.23,128.78,1,-1,-1,-1
824,24,54.75,146.73,52.15,158.62,1,-1,-1,-1
824,113,112.94,138.59,70.05,212.23,1,-1,-1,-1
824,109,238.65,177.22,39.96,121.55,1,-1,-1,-1
824,114,182.85,118.16,63.72,193.86,1,-1,-1,-1
825,71,314.48,134.46,73.87,223.82,1,-1,-1,-1
825,117,189.08,160.28,46.43,141.30,1,-1,-1,-1
825,24,47.44,139.76,54.61,165.87,1,-1,-1,-1
825,113,105.27,135.59,73.14,221.43,1,-1,-1,-1
825,109,233.71,175.88,40.01,121.74,1,-1,-1,-1
826,71,314.76,123.96,73.72,223.49,1,-1,-1,-1
826,117,181.45,150.89,50.20,152.72,1,-1,-1,-1
826,24,42.77,136.83,52.99,161.13,1,-1,-1,-1
826,113,96.96,129.06,77.66,235.17,1,-1,-1,-1
826,109,231.86,174.21,39.92,121.64,1,-1,-1,-1
827,71,312.42,130.05,66.46,204.58,1,-1,-1,-1
827,117,170.11,149.97,51.18,157.51,1,-1,-1,-1
827,24,27.44,135.53,57.16,175.03,1,-1,-1,-1
827,113,74.53,124.24,82.29,251.75,1,-1,-1,-1
827,109,223.66,179.20,41.33,127.30,1,-1,-1,-1
827,91,249.67,169.06,38.76,118.42,1,-1,-1,-1
828,71,309.38,127.90,67.39,206.15,1,-1,-1,-1
828,117,168.07,148.26,51.70,158.89,1,-1,-1,-1
828,24,23.24,135.51,56.11,172.01,1,-1,-1,-1
828,113,59.81,114.97,88.15,269.24,1,-1,-1,-1
828,109,217.09,179.91,41.94,129.09,1,-1,-1,-1
828,121,385.31,113.26,89.51,271.54,1,-1,-1,-1
829,71,313.81,122.40,71.76,216.85,1,-1,-1,-1
829,117,161.40,147.16,54.94,166.58,1,-1,-1,-1
829,113,44.94,103.91,95.62,288.50,1,-1,-1,-1
829,109,213.62,176.29,44.64,135.55,1,-1,-1,-1
829,121,387.12,111.21,91.04,274.60,1,-1,-1,-1
829,91,249.00,168.21,39.20,119.80,1,-1,-1,-1
830,71,320.05,135.91,70.16,210.18,1,-1,-1,-1
830,117,151.28,148.21,58.79,176.82,1,-1,-1,-1
830,113,38.23,109.86,94.59,282.62,1,-1,-1,-1
830,109,209.88,179.03,47.78,143.94,1,-1,-1,-1
830,121,393.95,119.87,86.64,260.52,1,-1,-1,-1
830,122,289.44,170.03,39.19,119.05,1,-1,-1,-1
830,22,129.88,72.45,91.03,275.40,1,-1,-1,-1
831,71,316.00,135.24,72.47,218.35,1,-1,-1,-1
831,117,137.39,145.85,59.97,181.11,1,-1,-1,-1
831,113,22.60,101.47,97.59,293.29,1,-1,-1,-1
831,109,202.26,172.07,50.98,154.19,1,-1,-1,-1
831,121,388.38,113.17,89.52,270.64,1,-1,-1,-1
831,122,288.36,168.88,39.12,119.24,1,-1,-1,-1
831,22,121.07,63.05,95.75,289.19,1,-1,-1,-1
831,91,242.55,169.47,39.32,119.40,1,-1,-1,-1
832,71,313.11,123.17,72.95,221.90,1,-1,-1,-1
832,109,188.89,166.15,49.67,152.00,1,-1,-1,-1
832,122,281.06,161.18,38.93,119.40,1,-1,-1,-1
832,22,108.13,32.49,101.46,308.08,1,-1,-1,-1
832,91,232.81,163.03,40.96,125.52,1,-1,-1,-1
832,111,405.36,180.93,69.21,210.17,1,-1,-1,-1
833,71,313.06,128.32,66.87,203.69,1,-1,-1,-1
833,109,181.28,160.98,51.49,157.28,1,-1,-1,-1
833,122,274.63,161.05,38.96,119.21,1,-1,-1,-1
833,22,101.03,48.81,99.15,300.96,1,-1,-1,-1
833,91,225.91,163.37,41.58,127.50,1,-1,-1,-1
833,117,113.04,128.65,66.83,203.49,1,-1,-1,-1
833,121,376.02,100.15,96.00,291.60,1,-1,-1,-1
834,71,313.60,129.67,64.89,196.34,1,-1,-1,-1
834,109,172.46,165.29,52.44,159.09,1,-1,-1,-1
834,122,273.17,160.44,39.13,119.06,1,-1,-1,-1
834,91,224.07,162.88,42.04,128.13,1,-1,-1,-1
834,117,106.08,122.81,71.76,217.28,1,-1,-1,-1
834,121,375.11,98.05,98.02,295.41,1,-1,-1,-1
835,71,315.21,123.28,70.86,213.81,1,-1,-1,-1
835,109,162.26,160.27,57.87,174.94,1,-1,-1,-1
835,91,222.27,158.79,44.26,134.40,1,-1,-1,-1
835,117,88.38,116.31,77.14,232.72,1,-1,-1,-1
835,121,375.21,97.81,98.77,296.60,1,-1,-1,-1
836,71,321.17,125.34,69.60,209.83,1,-1,-1,-1
836,109,156.65,147.15,65.53,197.87,1,-1,-1,-1
836,91,226.45,152.11,47.15,143.06,1,-1,-1,-1
836,117,86.17,108.43,82.75,249.46,1,-1,-1,-1
836,121,383.93,106.25,94.32,283.23,1,-1,-1,-1
836,122,273.50,160.65,39.22,119.18,1,-1,-1,-1
837,71,326.89,130.12,66.03,198.53,1,-1,-1,-1
837,109,155.40,143.11,68.72,206.61,1,-1,-1,-1
837,91,228.89,156.86,48.33,146.14,1,-1,-1,-1
837,117,78.73,99.53,88.94,267.27,1,-1,-1,-1
837,122,280.10,161.56,39.22,119.15,1,-1,-1,-1
