5,348,596.00,269.00,53.00,114.00,1,-1,-1,-1
7,346,867.00,117.00,51.00,101.00,1,-1,-1,-1
9,347,811.00,767.00,76.00,112.00,1,-1,-1,-1
10,349,1122.00,562.00,50.00,120.00,1,-1,-1,-1
10,346,866.00,117.00,50.00,100.00,1,-1,-1,-1
14,347,804.00,756.00,74.00,123.00,1,-1,-1,-1
15,347,803.00,753.00,72.00,126.00,1,-1,-1,-1
16,347,803.00,751.00,70.00,128.00,1,-1,-1,-1
17,347,802.00,747.00,69.00,132.00,1,-1,-1,-1
18,347,801.00,745.00,68.00,134.00,1,-1,-1,-1
19,347,799.00,741.00,67.00,138.00,1,-1,-1,-1
20,347,799.00,742.00,67.00,137.00,1,-1,-1,-1
21,347,796.00,741.00,67.00,138.00,1,-1,-1,-1
22,347,794.00,740.00,67.00,139.00,1,-1,-1,-1
23,347,791.00,738.00,67.00,141.00,1,-1,-1,-1
24,347,789.00,736.00,67.00,143.00,1,-1,-1,-1
25,347,785.00,733.00,68.00,145.00,1,-1,-1,-1
26,349,1110.00,567.00,60.00,118.00,1,-1,-1,-1
26,347,784.00,731.00,67.00,145.00,1,-1,-1,-1
27,347,783.00,731.00,64.00,143.00,1,-1,-1,-1
28,347,780.00,728.00,64.00,144.00,1,-1,-1,-1
29,347,777.00,725.00,66.00,144.00,1,-1,-1,-1
30,349,1108.00,568.00,61.00,119.00,1,-1,-1,-1
30,347,774.00,723.00,68.00,146.00,1,-1,-1,-1
31,349,1108.00,568.00,62.00,118.00,1,-1,-1,-1
32,349,1107.00,570.00,62.00,116.00,1,-1,-1,-1
33,349,1106.00,570.00,62.00,116.00,1,-1,-1,-1
34,349,1106.00,569.00,62.00,116.00,1,-1,-1,-1
35,349,1105.00,570.00,62.00,116.00,1,-1,-1,-1
35,347,767.00,715.00,67.00,148.00,1,-1,-1,-1
36,349,1105.00,570.00,63.00,118.00,1,-1,-1,-1
36,347,766.00,714.00,67.00,148.00,1,-1,-1,-1
37,349,1104.00,570.00,63.00,119.00,1,-1,-1,-1
37,348,576.00,250.00,51.00,107.00,1,-1,-1,-1
37,347,764.00,710.00,68.00,152.00,1,-1,-1,-1
38,348,576.00,248.00,51.00,109.00,1,-1,-1,-1
39,349,1104.00,570.00,63.00,119.00,1,-1,-1,-1
40,349,1104.00,570.00,63.00,119.00,1,-1,-1,-1
41,349,1102.00,570.00,64.00,119.00,1,-1,-1,-1
43,349,1102.00,570.00,63.00,120.00,1,-1,-1,-1
43,348,575.00,244.00,52.00,107.00,1,-1,-1,-1
44,350,11.00,303.00,51.00,111.00,1,-1,-1,-1
44,349,1102.00,570.00,64.00,119.00,1,-1,-1,-1
45,348,575.00,243.00,52.00,108.00,1,-1,-1,-1
45,347,754.00,689.00,60.00,154.00,1,-1,-1,-1
46,350,12.00,301.00,51.00,112.00,1,-1,-1,-1
46,347,752.00,687.00,61.00,155.00,1,-1,-1,-1
52,347,740.00,672.00,63.00,149.00,1,-1,-1,-1
53,347,739.00,669.00,62.00,149.00,1,-1,-1,-1
66,348,573.00,221.00,48.00,103.00,1,-1,-1,-1
68,348,572.00,218.00,50.00,104.00,1,-1,-1,-1
69,347,723.00,630.00,56.00,145.00,1,-1,-1,-1
71,348,571.00,216.00,49.00,101.00,1,-1,-1,-1
73,348,571.00,214.00,51.00,105.00,1,-1,-1,-1
74,348,571.00,212.00,51.00,107.00,1,-1,-1,-1
77,347,706.00,614.00,59.00,140.00,1,-1,-1,-1
78,347,702.00,610.00,60.00,140.00,1,-1,-1,-1
79,347,703.00,608.00,59.00,141.00,1,-1,-1,-1
81,348,571.00,201.00,49.00,105.00,1,-1,-1,-1
92,348,572.00,192.00,50.00,105.00,1,-1,-1,-1
92,347,689.00,582.00,54.00,140.00,1,-1,-1,-1
95,348,571.00,190.00,52.00,104.00,1,-1,-1,-1
96,348,571.00,190.00,52.00,103.00,1,-1,-1,-1
98,348,572.00,188.00,51.00,102.00,1,-1,-1,-1
98,347,681.00,572.00,55.00,139.00,1,-1,-1,-1
99,348,572.00,186.00,51.00,103.00,1,-1,-1,-1
99,347,680.00,570.00,54.00,140.00,1,-1,-1,-1
100,348,572.00,186.00,51.00,104.00,1,-1,-1,-1
101,347,677.00,566.00,54.00,135.00,1,-1,-1,-1
102,347,676.00,565.00,54.00,135.00,1,-1,-1,-1
105,348,574.00,177.00,50.00,104.00,1,-1,-1,-1
126,348,577.00,156.00,53.00,101.00,1,-1,-1,-1
128,348,577.00,154.00,53.00,102.00,1,-1,-1,-1
130,348,577.00,151.00,52.00,100.00,1,-1,-1,-1
131,348,578.00,150.00,51.00,99.00,1,-1,-1,-1
139,354,422.00,736.00,60.00,141.00,1,-1,-1,-1
140,355,15.00,790.00,78.00,89.00,1,-1,-1,-1
141,355,16.00,787.00,77.00,92.00,1,-1,-1,-1
142,355,19.00,785.00,74.00,94.00,1,-1,-1,-1
142,354,420.00,728.00,59.00,143.00,1,-1,-1,-1
143,355,21.00,782.00,72.00,97.00,1,-1,-1,-1
146,356,901.00,643.00,72.00,146.00,1,-1,-1,-1
147,356,901.00,642.00,70.00,143.00,1,-1,-1,-1
152,356,897.00,634.00,70.00,140.00,1,-1,-1,-1
153,348,577.00,135.00,51.00,98.00,1,-1,-1,-1
154,356,895.00,633.00,72.00,142.00,1,-1,-1,-1
154,348,577.00,135.00,50.00,98.00,1,-1,-1,-1
155,356,896.00,631.00,70.00,143.00,1,-1,-1,-1
155,348,578.00,134.00,49.00,97.00,1,-1,-1,-1
156,354,407.00,701.00,56.00,143.00,1,-1,-1,-1
156,348,578.00,133.00,49.00,97.00,1,-1,-1,-1
157,356,897.00,630.00,68.00,143.00,1,-1,-1,-1
157,348,578.00,131.00,50.00,98.00,1,-1,-1,-1
158,356,896.00,629.00,69.00,143.00,1,-1,-1,-1
159,356,895.00,629.00,70.00,142.00,1,-1,-1,-1
159,348,579.00,131.00,49.00,98.00,1,-1,-1,-1
160,356,895.00,628.00,68.00,143.00,1,-1,-1,-1
161,356,893.00,626.00,70.00,143.00,1,-1,-1,-1
162,356,893.00,626.00,70.00,141.00,1,-1,-1,-1
163,356,892.00,623.00,72.00,141.00,1,-1,-1,-1
164,356,890.00,619.00,73.00,140.00,1,-1,-1,-1
165,356,888.00,617.00,74.00,141.00,1,-1,-1,-1
165,348,578.00,127.00,49.00,98.00,1,-1,-1,-1
166,356,886.00,617.00,76.00,141.00,1,-1,-1,-1
166,348,578.00,126.00,48.00,98.00,1,-1,-1,-1
167,357,492.00,781.00,69.00,98.00,1,-1,-1,-1
167,356,885.00,616.00,75.00,141.00,1,-1,-1,-1
167,355,61.00,749.00,73.00,130.00,1,-1,-1,-1
167,348,577.00,125.00,48.00,99.00,1,-1,-1,-1
168,348,577.00,123.00,48.00,99.00,1,-1,-1,-1
170,348,578.00,122.00,48.00,99.00,1,-1,-1,-1
171,356,880.00,612.00,79.00,140.00,1,-1,-1,-1
171,348,578.00,121.00,49.00,98.00,1,-1,-1,-1
173,357,486.00,763.00,66.00,116.00,1,-1,-1,-1
173,348,578.00,121.00,49.00,97.00,1,-1,-1,-1
174,348,578.00,120.00,49.00,96.00,1,-1,-1,-1
175,357,486.00,754.00,65.00,125.00,1,-1,-1,-1
176,357,485.00,751.00,66.00,128.00,1,-1,-1,-1
176,356,873.00,606.00,80.00,139.00,1,-1,-1,-1
177,357,483.00,747.00,68.00,132.00,1,-1,-1,-1
177,348,579.00,118.00,48.00,98.00,1,-1,-1,-1
178,357,483.00,747.00,68.00,132.00,1,-1,-1,-1
178,348,579.00,116.00,48.00,98.00,1,-1,-1,-1
180,357,482.00,741.00,69.00,137.00,1,-1,-1,-1
181,357,479.00,738.00,70.00,140.00,1,-1,-1,-1
182,357,477.00,736.00,71.00,142.00,1,-1,-1,-1
183,357,478.00,734.00,69.00,143.00,1,-1,-1,-1
184,357,478.00,730.00,67.00,144.00,1,-1,-1,-1
185,357,477.00,723.00,67.00,148.00,1,-1,-1,-1
186,357,476.00,722.00,66.00,149.00,1,-1,-1,-1
187,357,475.00,718.00,67.00,150.00,1,-1,-1,-1
188,357,474.00,715.00,65.00,151.00,1,-1,-1,-1
189,357,473.00,713.00,66.00,149.00,1,-1,-1,-1
194,357,467.00,700.00,65.00,148.00,1,-1,-1,-1
196,360,998.00,793.00,79.00,86.00,1,-1,-1,-1
196,357,463.00,691.00,65.00,148.00,1,-1,-1,-1
197,357,464.00,688.00,65.00,148.00,1,-1,-1,-1
198,357,463.00,686.00,67.00,148.00,1,-1,-1,-1
199,357,463.00,686.00,64.00,146.00,1,-1,-1,-1
200,357,463.00,684.00,66.00,147.00,1,-1,-1,-1
201,357,462.00,682.00,66.00,148.00,1,-1,-1,-1
202,357,461.00,680.00,67.00,147.00,1,-1,-1,-1
203,357,460.00,678.00,67.00,148.00,1,-1,-1,-1
204,357,461.00,674.00,67.00,150.00,1,-1,-1,-1
205,360,985.00,767.00,76.00,112.00,1,-1,-1,-1
206,360,983.00,765.00,77.00,114.00,1,-1,-1,-1
207,360,982.00,761.00,76.00,118.00,1,-1,-1,-1
207,357,455.00,663.00,66.00,145.00,1,-1,-1,-1
208,360,980.00,757.00,76.00,122.00,1,-1,-1,-1
208,357,454.00,659.00,67.00,147.00,1,-1,-1,-1
209,360,978.00,755.00,77.00,124.00,1,-1,-1,-1
209,357,455.00,658.00,65.00,148.00,1,-1,-1,-1
210,360,977.00,754.00,78.00,125.00,1,-1,-1,-1
210,357,455.00,656.00,65.00,147.00,1,-1,-1,-1
211,360,976.00,752.00,78.00,127.00,1,-1,-1,-1
211,357,453.00,655.00,64.00,146.00,1,-1,-1,-1
212,360,977.00,751.00,77.00,128.00,1,-1,-1,-1
212,357,453.00,653.00,64.00,147.00,1,-1,-1,-1
213,360,975.00,749.00,78.00,129.00,1,-1,-1,-1
213,357,452.00,653.00,64.00,145.00,1,-1,-1,-1
214,360,976.00,748.00,76.00,131.00,1,-1,-1,-1
214,357,451.00,651.00,64.00,144.00,1,-1,-1,-1
215,360,975.00,746.00,76.00,132.00,1,-1,-1,-1
215,357,450.00,648.00,65.00,144.00,1,-1,-1,-1
216,360,974.00,744.00,76.00,131.00,1,-1,-1,-1
216,357,450.00,645.00,64.00,145.00,1,-1,-1,-1
217,360,973.00,741.00,77.00,133.00,1,-1,-1,-1
217,359,289.00,112.00,46.00,97.00,1,-1,-1,-1
217,357,449.00,641.00,65.00,146.00,1,-1,-1,-1
218,360,973.00,739.00,77.00,135.00,1,-1,-1,-1
218,357,449.00,638.00,64.00,145.00,1,-1,-1,-1
219,360,970.00,735.00,78.00,138.00,1,-1,-1,-1
219,359,288.00,111.00,46.00,98.00,1,-1,-1,-1
219,357,449.00,635.00,65.00,145.00,1,-1,-1,-1
220,359,288.00,111.00,46.00,98.00,1,-1,-1,-1
221,359,288.00,111.00,46.00,99.00,1,-1,-1,-1
222,359,288.00,110.00,46.00,99.00,1,-1,-1,-1
222,357,449.00,631.00,64.00,143.00,1,-1,-1,-1
223,357,450.00,630.00,63.00,142.00,1,-1,-1,-1
224,359,288.00,111.00,46.00,99.00,1,-1,-1,-1
224,357,451.00,628.00,63.00,143.00,1,-1,-1,-1
225,359,288.00,109.00,46.00,99.00,1,-1,-1,-1
225,357,452.00,625.00,63.00,144.00,1,-1,-1,-1
226,359,289.00,109.00,46.00,98.00,1,-1,-1,-1
226,357,454.00,623.00,61.00,144.00,1,-1,-1,-1
227,359,289.00,108.00,46.00,97.00,1,-1,-1,-1
227,357,456.00,620.00,60.00,144.00,1,-1,-1,-1
228,357,458.00,617.00,61.00,145.00,1,-1,-1,-1
229,362,808.00,320.00,51.00,111.00,1,-1,-1,-1
229,359,290.00,108.00,46.00,97.00,1,-1,-1,-1
229,357,460.00,615.00,59.00,145.00,1,-1,-1,-1
230,362,809.00,319.00,50.00,113.00,1,-1,-1,-1
230,357,460.00,612.00,60.00,146.00,1,-1,-1,-1
231,363,854.00,535.00,60.00,138.00,1,-1,-1,-1
231,357,460.00,611.00,60.00,144.00,1,-1,-1,-1
232,363,855.00,534.00,60.00,137.00,1,-1,-1,-1
232,357,462.00,609.00,60.00,145.00,1,-1,-1,-1
233,363,855.00,535.00,59.00,137.00,1,-1,-1,-1
233,357,463.00,609.00,59.00,142.00,1,-1,-1,-1
234,364,164.00,232.00,52.00,109.00,1,-1,-1,-1
234,363,855.00,533.00,59.00,137.00,1,-1,-1,-1
234,357,464.00,607.00,60.00,142.00,1,-1,-1,-1
235,364,165.00,233.00,51.00,107.00,1,-1,-1,-1
235,357,464.00,606.00,61.00,141.00,1,-1,-1,-1
236,364,166.00,231.00,52.00,109.00,1,-1,-1,-1
236,363,853.00,531.00,58.00,135.00,1,-1,-1,-1
236,357,464.00,604.00,62.00,143.00,1,-1,-1,-1
237,365,1.00,592.00,30.00,139.00,1,-1,-1,-1
237,364,167.00,230.00,51.00,109.00,1,-1,-1,-1
237,363,852.00,529.00,57.00,136.00,1,-1,-1,-1
237,357,464.00,601.00,62.00,141.00,1,-1,-1,-1
238,365,1.00,591.00,31.00,139.00,1,-1,-1,-1
238,364,168.00,228.00,49.00,110.00,1,-1,-1,-1
238,363,852.00,528.00,59.00,133.00,1,-1,-1,-1
238,357,465.00,598.00,62.00,139.00,1,-1,-1,-1
239,365,1.00,591.00,32.00,138.00,1,-1,-1,-1
239,363,853.00,528.00,58.00,133.00,1,-1,-1,-1
240,365,1.00,588.00,32.00,134.00,1,-1,-1,-1
241,365,1.00,586.00,33.00,134.00,1,-1,-1,-1
242,365,1.00,583.00,35.00,136.00,1,-1,-1,-1
242,364,169.00,222.00,49.00,110.00,1,-1,-1,-1
243,364,169.00,222.00,50.00,109.00,1,-1,-1,-1
244,364,170.00,222.00,50.00,110.00,1,-1,-1,-1
244,363,854.00,521.00,57.00,133.00,1,-1,-1,-1
245,367,842.00,146.00,50.00,97.00,1,-1,-1,-1
245,363,853.00,520.00,56.00,132.00,1,-1,-1,-1
246,363,853.00,520.00,57.00,132.00,1,-1,-1,-1
247,363,853.00,518.00,58.00,133.00,1,-1,-1,-1
248,357,483.00,574.00,57.00,138.00,1,-1,-1,-1
249,357,484.00,573.00,58.00,136.00,1,-1,-1,-1
250,363,852.00,516.00,58.00,131.00,1,-1,-1,-1
253,363,852.00,511.00,57.00,131.00,1,-1,-1,-1
259,368,884.00,748.00,67.00,131.00,1,-1,-1,-1
259,365,1.00,560.00,62.00,137.00,1,-1,-1,-1
260,368,882.00,746.00,69.00,133.00,1,-1,-1,-1
260,365,1.00,559.00,63.00,138.00,1,-1,-1,-1
261,368,878.00,745.00,73.00,133.00,1,-1,-1,-1
262,368,876.00,744.00,74.00,135.00,1,-1,-1,-1
263,368,873.00,741.00,75.00,136.00,1,-1,-1,-1
264,368,872.00,738.00,74.00,139.00,1,-1,-1,-1
264,365,2.00,556.00,65.00,136.00,1,-1,-1,-1
265,365,1.00,556.00,67.00,136.00,1,-1,-1,-1
267,369,612.00,753.00,66.00,126.00,1,-1,-1,-1
269,369,611.00,750.00,67.00,129.00,1,-1,-1,-1
270,369,610.00,749.00,68.00,130.00,1,-1,-1,-1
271,369,609.00,748.00,69.00,131.00,1,-1,-1,-1
272,369,610.00,745.00,68.00,134.00,1,-1,-1,-1
273,369,611.00,743.00,67.00,135.00,1,-1,-1,-1
274,369,609.00,739.00,68.00,138.00,1,-1,-1,-1
275,369,609.00,737.00,67.00,140.00,1,-1,-1,-1
276,369,609.00,732.00,67.00,144.00,1,-1,-1,-1
277,369,609.00,729.00,65.00,147.00,1,-1,-1,-1
279,369,608.00,725.00,65.00,148.00,1,-1,-1,-1
280,369,608.00,725.00,66.00,145.00,1,-1,-1,-1
283,369,605.00,718.00,69.00,149.00,1,-1,-1,-1
284,369,605.00,716.00,70.00,149.00,1,-1,-1,-1
284,367,839.00,153.00,52.00,102.00,1,-1,-1,-1
285,369,604.00,712.00,71.00,148.00,1,-1,-1,-1
286,369,605.00,707.00,69.00,150.00,1,-1,-1,-1
287,369,606.00,705.00,68.00,147.00,1,-1,-1,-1
288,369,606.00,701.00,67.00,147.00,1,-1,-1,-1
289,369,606.00,697.00,65.00,150.00,1,-1,-1,-1
290,369,604.00,696.00,66.00,150.00,1,-1,-1,-1
291,369,604.00,694.00,66.00,151.00,1,-1,-1,-1
292,369,603.00,691.00,67.00,151.00,1,-1,-1,-1
293,369,601.00,690.00,70.00,152.00,1,-1,-1,-1
294,369,601.00,689.00,69.00,151.00,1,-1,-1,-1
295,369,599.00,688.00,70.00,150.00,1,-1,-1,-1
296,369,599.00,686.00,71.00,149.00,1,-1,-1,-1
297,369,597.00,683.00,71.00,147.00,1,-1,-1,-1
298,369,599.00,681.00,68.00,147.00,1,-1,-1,-1
299,369,598.00,676.00,69.00,149.00,1,-1,-1,-1
300,369,598.00,673.00,67.00,147.00,1,-1,-1,-1
301,369,598.00,669.00,67.00,150.00,1,-1,-1,-1
302,369,596.00,667.00,69.00,150.00,1,-1,-1,-1
304,369,593.00,664.00,73.00,149.00,1,-1,-1,-1
305,369,592.00,662.00,73.00,150.00,1,-1,-1,-1
306,369,592.00,661.00,72.00,148.00,1,-1,-1,-1
307,371,525.00,461.00,56.00,127.00,1,-1,-1,-1
308,371,526.00,459.00,57.00,128.00,1,-1,-1,-1
309,371,526.00,458.00,57.00,127.00,1,-1,-1,-1
309,369,592.00,654.00,71.00,143.00,1,-1,-1,-1
310,371,528.00,457.00,56.00,127.00,1,-1,-1,-1
311,372,267.00,784.00,62.00,95.00,1,-1,-1,-1
311,371,530.00,456.00,55.00,126.00,1,-1,-1,-1
311,369,590.00,647.00,69.00,145.00,1,-1,-1,-1
312,369,590.00,645.00,70.00,146.00,1,-1,-1,-1
313,372,267.00,780.00,63.00,99.00,1,-1,-1,-1
313,371,530.00,450.00,57.00,125.00,1,-1,-1,-1
313,369,590.00,642.00,69.00,146.00,1,-1,-1,-1
314,369,589.00,641.00,69.00,148.00,1,-1,-1,-1
315,369,587.00,640.00,69.00,146.00,1,-1,-1,-1
316,371,529.00,444.00,57.00,125.00,1,-1,-1,-1
316,369,588.00,641.00,69.00,145.00,1,-1,-1,-1
317,374,987.00,758.00,60.00,121.00,1,-1,-1,-1
317,371,529.00,443.00,58.00,127.00,1,-1,-1,-1
317,369,587.00,637.00,69.00,146.00,1,-1,-1,-1
318,369,585.00,634.00,69.00,144.00,1,-1,-1,-1
319,369,584.00,632.00,68.00,145.00,1,-1,-1,-1
320,369,581.00,630.00,70.00,144.00,1,-1,-1,-1
321,376,338.00,753.00,59.00,126.00,1,-1,-1,-1
321,369,582.00,629.00,68.00,143.00,1,-1,-1,-1
322,372,270.00,765.00,62.00,114.00,1,-1,-1,-1
322,369,582.00,627.00,69.00,142.00,1,-1,-1,-1
323,376,337.00,747.00,59.00,132.00,1,-1,-1,-1
323,369,583.00,625.00,68.00,142.00,1,-1,-1,-1
324,376,336.00,747.00,59.00,132.00,1,-1,-1,-1
324,372,271.00,762.00,62.00,117.00,1,-1,-1,-1
324,371,529.00,429.00,55.00,128.00,1,-1,-1,-1
324,369,583.00,622.00,68.00,144.00,1,-1,-1,-1
325,376,336.00,745.00,60.00,134.00,1,-1,-1,-1
325,372,272.00,760.00,61.00,119.00,1,-1,-1,-1
325,371,529.00,427.00,56.00,125.00,1,-1,-1,-1
325,369,582.00,619.00,69.00,147.00,1,-1,-1,-1
326,376,335.00,742.00,60.00,137.00,1,-1,-1,-1
326,371,530.00,425.00,54.00,125.00,1,-1,-1,-1
326,369,582.00,618.00,68.00,145.00,1,-1,-1,-1
327,376,335.00,740.00,60.00,139.00,1,-1,-1,-1
327,371,531.00,424.00,54.00,124.00,1,-1,-1,-1
327,369,582.00,617.00,69.00,146.00,1,-1,-1,-1
328,377,387.00,442.00,50.00,121.00,1,-1,-1,-1
328,376,333.00,739.00,61.00,140.00,1,-1,-1,-1
328,371,531.00,423.00,54.00,125.00,1,-1,-1,-1
328,369,580.00,616.00,70.00,143.00,1,-1,-1,-1
329,376,332.00,739.00,61.00,140.00,1,-1,-1,-1
329,371,531.00,422.00,55.00,126.00,1,-1,-1,-1
329,369,579.00,615.00,70.00,139.00,1,-1,-1,-1
330,378,736.00,624.00,61.00,126.00,1,-1,-1,-1
330,376,332.00,737.00,61.00,142.00,1,-1,-1,-1
330,371,531.00,421.00,55.00,124.00,1,-1,-1,-1
331,378,735.00,620.00,62.00,129.00,1,-1,-1,-1
331,376,333.00,736.00,60.00,143.00,1,-1,-1,-1
331,371,531.00,421.00,55.00,122.00,1,-1,-1,-1
332,377,385.00,442.00,52.00,121.00,1,-1,-1,-1
332,376,333.00,734.00,60.00,143.00,1,-1,-1,-1
332,372,273.00,752.00,58.00,127.00,1,-1,-1,-1
332,371,531.00,420.00,55.00,123.00,1,-1,-1,-1
333,375,402.00,747.00,57.00,131.00,1,-1,-1,-1
333,373,11.00,222.00,46.00,96.00,1,-1,-1,-1
333,371,532.00,418.00,55.00,121.00,1,-1,-1,-1
333,369,577.00,601.00,68.00,142.00,1,-1,-1,-1
334,371,532.00,416.00,56.00,121.00,1,-1,-1,-1
335,371,532.00,415.00,54.00,120.00,1,-1,-1,-1
336,371,532.00,411.00,55.00,121.00,1,-1,-1,-1
337,372,272.00,742.00,60.00,135.00,1,-1,-1,-1
337,371,532.00,409.00,55.00,120.00,1,-1,-1,-1
337,369,572.00,593.00,70.00,145.00,1,-1,-1,-1
338,372,272.00,740.00,59.00,136.00,1,-1,-1,-1
338,371,532.00,408.00,54.00,120.00,1,-1,-1,-1
338,369,572.00,593.00,69.00,145.00,1,-1,-1,-1
339,377,386.00,429.00,50.00,121.00,1,-1,-1,-1
339,373,13.00,224.00,45.00,94.00,1,-1,-1,-1
339,372,273.00,739.00,57.00,136.00,1,-1,-1,-1
339,369,571.00,591.00,70.00,145.00,1,-1,-1,-1
340,378,719.00,609.00,63.00,131.00,1,-1,-1,-1
340,377,386.00,428.00,50.00,122.00,1,-1,-1,-1
340,371,532.00,406.00,53.00,118.00,1,-1,-1,-1
341,378,714.00,606.00,63.00,131.00,1,-1,-1,-1
341,377,386.00,427.00,49.00,123.00,1,-1,-1,-1
341,371,531.00,405.00,53.00,119.00,1,-1,-1,-1
342,378,712.00,604.00,61.00,130.00,1,-1,-1,-1
342,377,386.00,424.00,49.00,124.00,1,-1,-1,-1
342,373,13.00,224.00,47.00,94.00,1,-1,-1,-1
342,371,530.00,404.00,54.00,117.00,1,-1,-1,-1
343,378,710.00,601.00,61.00,133.00,1,-1,-1,-1
343,377,386.00,423.00,50.00,124.00,1,-1,-1,-1
343,373,14.00,224.00,46.00,94.00,1,-1,-1,-1
343,371,531.00,402.00,53.00,118.00,1,-1,-1,-1
343,369,569.00,582.00,64.00,139.00,1,-1,-1,-1
344,378,710.00,599.00,59.00,134.00,1,-1,-1,-1
344,377,385.00,425.00,49.00,121.00,1,-1,-1,-1
344,373,16.00,224.00,46.00,93.00,1,-1,-1,-1
344,371,530.00,400.00,53.00,119.00,1,-1,-1,-1
344,369,568.00,580.00,65.00,138.00,1,-1,-1,-1
345,378,707.00,598.00,60.00,135.00,1,-1,-1,-1
345,377,385.00,424.00,49.00,121.00,1,-1,-1,-1
345,371,530.00,397.00,54.00,119.00,1,-1,-1,-1
345,369,565.00,577.00,65.00,139.00,1,-1,-1,-1
346,378,706.00,598.00,59.00,133.00,1,-1,-1,-1
346,377,385.00,423.00,50.00,120.00,1,-1,-1,-1
346,376,327.00,710.00,61.00,153.00,1,-1,-1,-1
346,373,16.00,225.00,46.00,94.00,1,-1,-1,-1
346,371,530.00,395.00,53.00,121.00,1,-1,-1,-1
346,369,564.00,575.00,66.00,139.00,1,-1,-1,-1
347,378,705.00,598.00,59.00,131.00,1,-1,-1,-1
347,377,385.00,422.00,50.00,119.00,1,-1,-1,-1
347,376,327.00,710.00,61.00,153.00,1,-1,-1,-1
347,373,17.00,225.00,46.00,94.00,1,-1,-1,-1
347,371,530.00,391.00,54.00,123.00,1,-1,-1,-1
348,377,384.00,420.00,50.00,119.00,1,-1,-1,-1
348,371,529.00,389.00,55.00,123.00,1,-1,-1,-1
349,371,529.00,390.00,55.00,121.00,1,-1,-1,-1
350,371,529.00,390.00,55.00,120.00,1,-1,-1,-1
351,377,385.00,416.00,49.00,118.00,1,-1,-1,-1
351,371,529.00,388.00,56.00,118.00,1,-1,-1,-1
352,377,384.00,414.00,50.00,119.00,1,-1,-1,-1
352,371,530.00,387.00,56.00,118.00,1,-1,-1,-1
353,377,384.00,413.00,49.00,119.00,1,-1,-1,-1
353,371,530.00,385.00,55.00,119.00,1,-1,-1,-1
354,378,691.00,586.00,58.00,127.00,1,-1,-1,-1
354,371,531.00,384.00,54.00,120.00,1,-1,-1,-1
354,369,556.00,561.00,71.00,133.00,1,-1,-1,-1
355,378,688.00,584.00,59.00,127.00,1,-1,-1,-1
355,371,531.00,382.00,55.00,119.00,1,-1,-1,-1
355,369,553.00,557.00,71.00,135.00,1,-1,-1,-1
356,378,687.00,581.00,59.00,129.00,1,-1,-1,-1
356,377,384.00,411.00,49.00,117.00,1,-1,-1,-1
356,371,531.00,380.00,54.00,119.00,1,-1,-1,-1
356,369,552.00,554.00,72.00,137.00,1,-1,-1,-1
357,377,383.00,411.00,50.00,116.00,1,-1,-1,-1
357,371,532.00,377.00,54.00,120.00,1,-1,-1,-1
357,369,552.00,550.00,71.00,139.00,1,-1,-1,-1
358,371,532.00,375.00,54.00,119.00,1,-1,-1,-1
358,369,551.00,550.00,71.00,139.00,1,-1,-1,-1
359,377,383.00,410.00,49.00,113.00,1,-1,-1,-1
359,371,531.00,375.00,53.00,117.00,1,-1,-1,-1
359,369,550.00,549.00,72.00,139.00,1,-1,-1,-1
360,371,531.00,374.00,53.00,117.00,1,-1,-1,-1
360,369,550.00,549.00,71.00,138.00,1,-1,-1,-1
361,377,382.00,406.00,50.00,115.00,1,-1,-1,-1
361,371,530.00,372.00,52.00,118.00,1,-1,-1,-1
361,369,549.00,546.00,71.00,139.00,1,-1,-1,-1
362,377,382.00,404.00,50.00,117.00,1,-1,-1,-1
362,371,529.00,372.00,52.00,117.00,1,-1,-1,-1
362,369,548.00,545.00,72.00,138.00,1,-1,-1,-1
363,377,383.00,401.00,49.00,119.00,1,-1,-1,-1
363,371,529.00,371.00,52.00,117.00,1,-1,-1,-1
364,377,383.00,399.00,49.00,119.00,1,-1,-1,-1
364,371,528.00,368.00,53.00,118.00,1,-1,-1,-1
365,377,383.00,397.00,49.00,120.00,1,-1,-1,-1
365,371,528.00,367.00,52.00,118.00,1,-1,-1,-1
366,377,384.00,396.00,49.00,121.00,1,-1,-1,-1
366,371,528.00,364.00,51.00,117.00,1,-1,-1,-1
367,377,383.00,395.00,49.00,121.00,1,-1,-1,-1
367,371,527.00,362.00,53.00,118.00,1,-1,-1,-1
368,377,384.00,394.00,49.00,121.00,1,-1,-1,-1
368,371,527.00,361.00,52.00,115.00,1,-1,-1,-1
369,377,383.00,394.00,49.00,120.00,1,-1,-1,-1
369,371,527.00,358.00,54.00,116.00,1,-1,-1,-1
370,377,382.00,393.00,49.00,117.00,1,-1,-1,-1
370,371,526.00,356.00,54.00,116.00,1,-1,-1,-1
370,369,542.00,526.00,70.00,137.00,1,-1,-1,-1
371,377,382.00,392.00,49.00,117.00,1,-1,-1,-1
371,371,526.00,355.00,55.00,115.00,1,-1,-1,-1
371,369,542.00,525.00,70.00,137.00,1,-1,-1,-1
372,377,382.00,390.00,48.00,116.00,1,-1,-1,-1
372,369,543.00,523.00,69.00,136.00,1,-1,-1,-1
373,377,382.00,388.00,49.00,117.00,1,-1,-1,-1
374,377,380.00,386.00,50.00,116.00,1,-1,-1,-1
374,371,527.00,352.00,53.00,113.00,1,-1,-1,-1
374,369,539.00,520.00,69.00,135.00,1,-1,-1,-1
375,371,527.00,350.00,53.00,115.00,1,-1,-1,-1
375,369,538.00,516.00,68.00,135.00,1,-1,-1,-1
376,377,381.00,382.00,49.00,117.00,1,-1,-1,-1
376,371,528.00,349.00,52.00,115.00,1,-1,-1,-1
376,369,535.00,513.00,69.00,134.00,1,-1,-1,-1
377,377,380.00,382.00,49.00,116.00,1,-1,-1,-1
377,371,528.00,347.00,52.00,114.00,1,-1,-1,-1
378,377,380.00,381.00,49.00,115.00,1,-1,-1,-1
378,371,527.00,345.00,53.00,115.00,1,-1,-1,-1
379,371,527.00,342.00,53.00,115.00,1,-1,-1,-1
380,371,526.00,338.00,53.00,116.00,1,-1,-1,-1
381,377,380.00,380.00,49.00,115.00,1,-1,-1,-1
381,371,526.00,338.00,52.00,115.00,1,-1,-1,-1
382,377,381.00,380.00,48.00,115.00,1,-1,-1,-1
382,371,526.00,337.00,52.00,116.00,1,-1,-1,-1
383,377,381.00,379.00,49.00,115.00,1,-1,-1,-1
384,379,1.00,444.00,6.00,109.00,1,-1,-1,-1
384,377,380.00,377.00,49.00,116.00,1,-1,-1,-1
384,375,403.00,659.00,56.00,135.00,1,-1,-1,-1
384,371,526.00,333.00,51.00,117.00,1,-1,-1,-1
385,379,1.00,443.00,8.00,107.00,1,-1,-1,-1
385,377,380.00,376.00,49.00,115.00,1,-1,-1,-1
385,375,405.00,657.00,55.00,133.00,1,-1,-1,-1
386,379,1.00,442.00,8.00,107.00,1,-1,-1,-1
386,377,380.00,374.00,50.00,115.00,1,-1,-1,-1
386,369,528.00,498.00,68.00,130.00,1,-1,-1,-1
387,377,379.00,372.00,50.00,116.00,1,-1,-1,-1
387,375,404.00,655.00,55.00,134.00,1,-1,-1,-1
388,377,379.00,369.00,51.00,118.00,1,-1,-1,-1
388,375,405.00,653.00,55.00,135.00,1,-1,-1,-1
388,369,524.00,492.00,71.00,130.00,1,-1,-1,-1
389,377,380.00,366.00,50.00,119.00,1,-1,-1,-1
389,375,405.00,651.00,56.00,133.00,1,-1,-1,-1
389,371,522.00,326.00,55.00,113.00,1,-1,-1,-1
389,369,525.00,489.00,68.00,133.00,1,-1,-1,-1
390,377,380.00,366.00,50.00,118.00,1,-1,-1,-1
390,375,405.00,649.00,56.00,133.00,1,-1,-1,-1
390,369,523.00,486.00,69.00,134.00,1,-1,-1,-1
391,377,381.00,365.00,48.00,119.00,1,-1,-1,-1
391,369,522.00,484.00,71.00,136.00,1,-1,-1,-1
392,377,381.00,364.00,48.00,120.00,1,-1,-1,-1
392,369,521.00,483.00,72.00,135.00,1,-1,-1,-1
393,377,381.00,363.00,49.00,120.00,1,-1,-1,-1
394,377,381.00,363.00,48.00,118.00,1,-1,-1,-1
396,377,379.00,362.00,49.00,114.00,1,-1,-1,-1
396,371,524.00,317.00,51.00,111.00,1,-1,-1,-1
397,377,379.00,360.00,49.00,114.00,1,-1,-1,-1
398,377,378.00,359.00,49.00,115.00,1,-1,-1,-1
399,377,378.00,356.00,49.00,116.00,1,-1,-1,-1
399,371,523.00,313.00,52.00,111.00,1,-1,-1,-1
400,377,379.00,355.00,49.00,116.00,1,-1,-1,-1
400,371,522.00,309.00,54.00,111.00,1,-1,-1,-1
401,377,378.00,354.00,49.00,115.00,1,-1,-1,-1
401,371,522.00,306.00,53.00,112.00,1,-1,-1,-1
402,377,379.00,354.00,49.00,115.00,1,-1,-1,-1
402,371,521.00,304.00,54.00,113.00,1,-1,-1,-1
403,377,378.00,352.00,49.00,115.00,1,-1,-1,-1
403,371,521.00,304.00,54.00,113.00,1,-1,-1,-1
404,377,379.00,351.00,49.00,117.00,1,-1,-1,-1
404,371,524.00,303.00,50.00,111.00,1,-1,-1,-1
405,377,379.00,351.00,49.00,116.00,1,-1,-1,-1
405,371,523.00,302.00,51.00,111.00,1,-1,-1,-1
406,377,379.00,350.00,49.00,116.00,1,-1,-1,-1
406,371,522.00,302.00,50.00,111.00,1,-1,-1,-1
407,377,379.00,349.00,49.00,116.00,1,-1,-1,-1
407,371,522.00,300.00,52.00,111.00,1,-1,-1,-1
408,371,521.00,299.00,51.00,111.00,1,-1,-1,-1
410,377,379.00,346.00,49.00,114.00,1,-1,-1,-1
411,377,379.00,344.00,49.00,113.00,1,-1,-1,-1
412,377,380.00,343.00,49.00,112.00,1,-1,-1,-1
413,377,379.00,341.00,49.00,113.00,1,-1,-1,-1
414,377,379.00,339.00,49.00,113.00,1,-1,-1,-1
415,377,379.00,339.00,49.00,114.00,1,-1,-1,-1
416,377,379.00,338.00,49.00,115.00,1,-1,-1,-1
417,377,379.00,337.00,48.00,117.00,1,-1,-1,-1
418,377,379.00,337.00,49.00,114.00,1,-1,-1,-1
419,377,379.00,336.00,49.00,114.00,1,-1,-1,-1
420,380,1007.00,738.00,89.00,141.00,1,-1,-1,-1
420,377,378.00,335.00,49.00,113.00,1,-1,-1,-1
421,380,1006.00,735.00,88.00,143.00,1,-1,-1,-1
421,377,379.00,334.00,49.00,112.00,1,-1,-1,-1
421,371,521.00,278.00,52.00,111.00,1,-1,-1,-1
422,380,1003.00,734.00,88.00,144.00,1,-1,-1,-1
422,377,379.00,331.00,48.00,113.00,1,-1,-1,-1
422,371,521.00,276.00,51.00,109.00,1,-1,-1,-1
423,377,378.00,329.00,49.00,116.00,1,-1,-1,-1
423,371,521.00,274.00,52.00,111.00,1,-1,-1,-1
424,377,378.00,328.00,48.00,115.00,1,-1,-1,-1
425,380,999.00,731.00,88.00,145.00,1,-1,-1,-1
425,377,379.00,326.00,48.00,116.00,1,-1,-1,-1
425,371,522.00,271.00,52.00,108.00,1,-1,-1,-1
426,380,998.00,730.00,88.00,146.00,1,-1,-1,-1
426,377,378.00,325.00,48.00,114.00,1,-1,-1,-1
426,369,506.00,425.00,66.00,129.00,1,-1,-1,-1
427,380,995.00,726.00,89.00,150.00,1,-1,-1,-1
427,377,378.00,324.00,48.00,115.00,1,-1,-1,-1
428,380,992.00,725.00,91.00,147.00,1,-1,-1,-1
428,377,379.00,324.00,48.00,115.00,1,-1,-1,-1
429,377,378.00,323.00,48.00,114.00,1,-1,-1,-1
430,380,988.00,720.00,91.00,147.00,1,-1,-1,-1
430,377,379.00,324.00,47.00,112.00,1,-1,-1,-1
432,381,1097.00,603.00,60.00,126.00,1,-1,-1,-1
432,377,379.00,322.00,47.00,111.00,1,-1,-1,-1
433,380,984.00,708.00,90.00,152.00,1,-1,-1,-1
434,382,852.00,743.00,70.00,136.00,1,-1,-1,-1
434,377,379.00,321.00,48.00,110.00,1,-1,-1,-1
435,377,379.00,319.00,48.00,109.00,1,-1,-1,-1
436,382,848.00,740.00,68.00,137.00,1,-1,-1,-1
436,377,378.00,317.00,48.00,110.00,1,-1,-1,-1
437,382,846.00,736.00,67.00,139.00,1,-1,-1,-1
437,377,379.00,316.00,48.00,109.00,1,-1,-1,-1
438,382,843.00,735.00,67.00,141.00,1,-1,-1,-1
439,382,841.00,733.00,68.00,141.00,1,-1,-1,-1
439,377,379.00,313.00,48.00,108.00,1,-1,-1,-1
440,383,236.00,363.00,58.00,113.00,1,-1,-1,-1
440,382,840.00,731.00,67.00,142.00,1,-1,-1,-1
441,382,839.00,728.00,65.00,141.00,1,-1,-1,-1
441,371,522.00,251.00,50.00,107.00,1,-1,-1,-1
442,369,502.00,403.00,62.00,126.00,1,-1,-1,-1
443,377,379.00,311.00,48.00,110.00,1,-1,-1,-1
443,369,501.00,401.00,61.00,123.00,1,-1,-1,-1
444,369,501.00,399.00,60.00,124.00,1,-1,-1,-1
445,369,502.00,396.00,58.00,124.00,1,-1,-1,-1
446,369,501.00,393.00,58.00,124.00,1,-1,-1,-1
447,377,377.00,307.00,48.00,108.00,1,-1,-1,-1
447,369,501.00,391.00,58.00,125.00,1,-1,-1,-1
448,369,503.00,387.00,57.00,127.00,1,-1,-1,-1
449,369,502.00,386.00,59.00,128.00,1,-1,-1,-1
450,369,501.00,387.00,59.00,127.00,1,-1,-1,-1
451,369,501.00,385.00,59.00,128.00,1,-1,-1,-1
452,369,501.00,384.00,59.00,126.00,1,-1,-1,-1
453,369,501.00,383.00,57.00,126.00,1,-1,-1,-1
454,381,1093.00,597.00,58.00,129.00,1,-1,-1,-1
454,369,501.00,383.00,57.00,123.00,1,-1,-1,-1
455,369,500.00,381.00,57.00,121.00,1,-1,-1,-1
456,381,1092.00,594.00,58.00,133.00,1,-1,-1,-1
456,377,377.00,300.00,49.00,108.00,1,-1,-1,-1
456,369,501.00,378.00,55.00,125.00,1,-1,-1,-1
457,381,1091.00,593.00,59.00,132.00,1,-1,-1,-1
457,377,377.00,300.00,50.00,106.00,1,-1,-1,-1
457,369,500.00,377.00,56.00,125.00,1,-1,-1,-1
458,381,1092.00,593.00,58.00,133.00,1,-1,-1,-1
458,377,377.00,298.00,49.00,107.00,1,-1,-1,-1
458,369,498.00,374.00,57.00,127.00,1,-1,-1,-1
459,381,1092.00,592.00,59.00,134.00,1,-1,-1,-1
459,369,497.00,373.00,57.00,127.00,1,-1,-1,-1
460,381,1092.00,593.00,59.00,133.00,1,-1,-1,-1
460,369,497.00,372.00,57.00,126.00,1,-1,-1,-1
461,381,1091.00,592.00,59.00,132.00,1,-1,-1,-1
461,377,378.00,294.00,48.00,107.00,1,-1,-1,-1
461,369,497.00,372.00,58.00,126.00,1,-1,-1,-1
462,381,1091.00,592.00,59.00,133.00,1,-1,-1,-1
462,377,377.00,293.00,48.00,108.00,1,-1,-1,-1
462,369,496.00,372.00,58.00,126.00,1,-1,-1,-1
463,383,252.00,344.00,58.00,111.00,1,-1,-1,-1
463,377,378.00,292.00,48.00,108.00,1,-1,-1,-1
463,369,496.00,371.00,58.00,125.00,1,-1,-1,-1
464,381,1090.00,593.00,61.00,132.00,1,-1,-1,-1
464,377,377.00,291.00,49.00,108.00,1,-1,-1,-1
464,369,496.00,371.00,59.00,124.00,1,-1,-1,-1
465,383,253.00,342.00,57.00,113.00,1,-1,-1,-1
465,381,1090.00,593.00,61.00,131.00,1,-1,-1,-1
465,377,378.00,292.00,48.00,105.00,1,-1,-1,-1
465,369,495.00,369.00,58.00,123.00,1,-1,-1,-1
466,385,591.00,415.00,59.00,113.00,1,-1,-1,-1
466,381,1090.00,592.00,61.00,131.00,1,-1,-1,-1
466,377,379.00,291.00,48.00,107.00,1,-1,-1,-1
466,371,528.00,217.00,49.00,109.00,1,-1,-1,-1
466,369,496.00,368.00,58.00,121.00,1,-1,-1,-1
467,381,1090.00,593.00,62.00,129.00,1,-1,-1,-1
467,377,379.00,291.00,47.00,106.00,1,-1,-1,-1
467,371,528.00,216.00,49.00,109.00,1,-1,-1,-1
467,369,495.00,365.00,58.00,122.00,1,-1,-1,-1
468,383,255.00,340.00,59.00,113.00,1,-1,-1,-1
468,381,1090.00,593.00,61.00,131.00,1,-1,-1,-1
468,377,379.00,291.00,48.00,105.00,1,-1,-1,-1
468,371,527.00,217.00,49.00,108.00,1,-1,-1,-1
468,369,494.00,364.00,59.00,120.00,1,-1,-1,-1
469,383,257.00,340.00,59.00,113.00,1,-1,-1,-1
469,381,1090.00,593.00,62.00,132.00,1,-1,-1,-1
469,377,379.00,289.00,47.00,106.00,1,-1,-1,-1
469,371,529.00,217.00,48.00,108.00,1,-1,-1,-1
469,369,494.00,359.00,58.00,123.00,1,-1,-1,-1
470,385,591.00,410.00,59.00,112.00,1,-1,-1,-1
470,381,1090.00,593.00,61.00,131.00,1,-1,-1,-1
470,377,379.00,289.00,48.00,104.00,1,-1,-1,-1
470,371,529.00,216.00,48.00,108.00,1,-1,-1,-1
470,369,493.00,358.00,57.00,122.00,1,-1,-1,-1
471,386,944.00,313.00,53.00,108.00,1,-1,-1,-1
471,385,591.00,409.00,59.00,111.00,1,-1,-1,-1
471,381,1091.00,594.00,60.00,131.00,1,-1,-1,-1
471,371,530.00,216.00,48.00,108.00,1,-1,-1,-1
471,369,493.00,355.00,57.00,124.00,1,-1,-1,-1
472,386,943.00,312.00,53.00,108.00,1,-1,-1,-1
472,385,592.00,407.00,58.00,112.00,1,-1,-1,-1
472,381,1091.00,595.00,60.00,130.00,1,-1,-1,-1
472,371,529.00,216.00,48.00,107.00,1,-1,-1,-1
472,369,493.00,356.00,58.00,123.00,1,-1,-1,-1
473,386,942.00,312.00,53.00,107.00,1,-1,-1,-1
473,381,1091.00,597.00,60.00,129.00,1,-1,-1,-1
473,369,492.00,355.00,57.00,123.00,1,-1,-1,-1
474,386,941.00,310.00,54.00,108.00,1,-1,-1,-1
474,381,1091.00,596.00,60.00,129.00,1,-1,-1,-1
474,369,492.00,353.00,58.00,124.00,1,-1,-1,-1
475,387,983.00,187.00,46.00,92.00,1,-1,-1,-1
475,386,941.00,311.00,55.00,108.00,1,-1,-1,-1
475,381,1091.00,595.00,61.00,131.00,1,-1,-1,-1
475,369,490.00,352.00,59.00,124.00,1,-1,-1,-1
476,386,940.00,310.00,54.00,106.00,1,-1,-1,-1
476,381,1092.00,595.00,61.00,131.00,1,-1,-1,-1
476,377,376.00,281.00,51.00,103.00,1,-1,-1,-1
476,369,491.00,351.00,58.00,121.00,1,-1,-1,-1
477,386,941.00,310.00,54.00,106.00,1,-1,-1,-1
477,381,1092.00,595.00,62.00,131.00,1,-1,-1,-1
477,377,377.00,280.00,51.00,103.00,1,-1,-1,-1
477,369,491.00,349.00,58.00,122.00,1,-1,-1,-1
478,386,941.00,309.00,54.00,107.00,1,-1,-1,-1
478,381,1093.00,595.00,61.00,131.00,1,-1,-1,-1
478,377,378.00,281.00,49.00,102.00,1,-1,-1,-1
478,369,490.00,347.00,57.00,123.00,1,-1,-1,-1
479,386,940.00,308.00,54.00,108.00,1,-1,-1,-1
479,381,1093.00,596.00,61.00,131.00,1,-1,-1,-1
479,377,379.00,280.00,49.00,102.00,1,-1,-1,-1
479,369,490.00,345.00,58.00,122.00,1,-1,-1,-1
480,381,1095.00,595.00,60.00,132.00,1,-1,-1,-1
480,377,379.00,280.00,48.00,102.00,1,-1,-1,-1
481,381,1094.00,594.00,60.00,132.00,1,-1,-1,-1
481,377,380.00,281.00,48.00,100.00,1,-1,-1,-1
481,369,489.00,343.00,58.00,123.00,1,-1,-1,-1
482,386,940.00,306.00,54.00,107.00,1,-1,-1,-1
482,377,380.00,278.00,47.00,101.00,1,-1,-1,-1
482,369,490.00,342.00,59.00,123.00,1,-1,-1,-1
483,377,381.00,276.00,48.00,102.00,1,-1,-1,-1
483,371,534.00,202.00,47.00,104.00,1,-1,-1,-1
483,369,489.00,341.00,59.00,122.00,1,-1,-1,-1
484,381,1097.00,593.00,60.00,134.00,1,-1,-1,-1
484,377,380.00,275.00,48.00,103.00,1,-1,-1,-1
484,369,490.00,340.00,59.00,122.00,1,-1,-1,-1
485,381,1097.00,592.00,61.00,134.00,1,-1,-1,-1
485,377,381.00,273.00,48.00,104.00,1,-1,-1,-1
485,369,489.00,340.00,60.00,122.00,1,-1,-1,-1
486,385,591.00,386.00,62.00,111.00,1,-1,-1,-1
486,384,6.00,351.00,54.00,103.00,1,-1,-1,-1
486,381,1097.00,591.00,61.00,134.00,1,-1,-1,-1
486,377,380.00,272.00,48.00,105.00,1,-1,-1,-1
486,369,489.00,338.00,60.00,122.00,1,-1,-1,-1
487,385,591.00,386.00,61.00,113.00,1,-1,-1,-1
487,381,1097.00,591.00,61.00,133.00,1,-1,-1,-1
487,377,381.00,270.00,47.00,103.00,1,-1,-1,-1
487,369,490.00,338.00,58.00,121.00,1,-1,-1,-1
488,385,591.00,385.00,60.00,114.00,1,-1,-1,-1
488,377,379.00,269.00,49.00,105.00,1,-1,-1,-1
488,369,490.00,335.00,59.00,122.00,1,-1,-1,-1
489,385,591.00,384.00,60.00,114.00,1,-1,-1,-1
489,381,1099.00,592.00,61.00,131.00,1,-1,-1,-1
489,377,380.00,267.00,48.00,103.00,1,-1,-1,-1
489,369,489.00,334.00,59.00,121.00,1,-1,-1,-1
490,385,591.00,384.00,60.00,114.00,1,-1,-1,-1
490,377,381.00,267.00,48.00,103.00,1,-1,-1,-1
490,369,489.00,331.00,60.00,121.00,1,-1,-1,-1
491,385,590.00,384.00,59.00,111.00,1,-1,-1,-1
491,369,489.00,328.00,58.00,120.00,1,-1,-1,-1
492,385,590.00,383.00,60.00,112.00,1,-1,-1,-1
492,377,381.00,267.00,47.00,102.00,1,-1,-1,-1
492,369,489.00,326.00,58.00,121.00,1,-1,-1,-1
493,385,591.00,382.00,58.00,111.00,1,-1,-1,-1
493,369,489.00,326.00,57.00,121.00,1,-1,-1,-1
494,386,936.00,296.00,54.00,109.00,1,-1,-1,-1
494,385,590.00,380.00,58.00,110.00,1,-1,-1,-1
494,369,490.00,323.00,57.00,122.00,1,-1,-1,-1
495,386,936.00,294.00,55.00,107.00,1,-1,-1,-1
495,385,590.00,380.00,58.00,108.00,1,-1,-1,-1
495,381,1105.00,590.00,60.00,128.00,1,-1,-1,-1
495,377,381.00,265.00,47.00,102.00,1,-1,-1,-1
495,369,490.00,322.00,56.00,123.00,1,-1,-1,-1
496,385,591.00,379.00,57.00,108.00,1,-1,-1,-1
496,369,490.00,323.00,57.00,123.00,1,-1,-1,-1
497,386,936.00,292.00,56.00,106.00,1,-1,-1,-1
497,385,591.00,377.00,56.00,108.00,1,-1,-1,-1
497,369,490.00,322.00,56.00,124.00,1,-1,-1,-1
498,386,936.00,291.00,55.00,105.00,1,-1,-1,-1
498,385,591.00,377.00,57.00,107.00,1,-1,-1,-1
498,369,490.00,321.00,57.00,121.00,1,-1,-1,-1
499,386,935.00,290.00,56.00,105.00,1,-1,-1,-1
499,385,590.00,376.00,57.00,107.00,1,-1,-1,-1
499,381,1105.00,589.00,61.00,129.00,1,-1,-1,-1
499,369,490.00,320.00,56.00,119.00,1,-1,-1,-1
500,386,935.00,289.00,56.00,106.00,1,-1,-1,-1
500,385,591.00,375.00,56.00,107.00,1,-1,-1,-1
500,369,489.00,318.00,58.00,119.00,1,-1,-1,-1
501,386,935.00,288.00,56.00,107.00,1,-1,-1,-1
501,385,590.00,375.00,56.00,107.00,1,-1,-1,-1
501,383,280.00,312.00,56.00,108.00,1,-1,-1,-1
501,369,489.00,317.00,59.00,119.00,1,-1,-1,-1
502,386,934.00,288.00,57.00,106.00,1,-1,-1,-1
502,385,591.00,374.00,56.00,107.00,1,-1,-1,-1
502,369,490.00,314.00,58.00,120.00,1,-1,-1,-1
503,386,934.00,288.00,58.00,107.00,1,-1,-1,-1
503,385,591.00,374.00,56.00,107.00,1,-1,-1,-1
503,383,281.00,310.00,56.00,108.00,1,-1,-1,-1
503,377,382.00,259.00,48.00,100.00,1,-1,-1,-1
503,369,490.00,312.00,57.00,122.00,1,-1,-1,-1
504,385,591.00,374.00,55.00,105.00,1,-1,-1,-1
504,377,382.00,260.00,48.00,99.00,1,-1,-1,-1
506,385,589.00,367.00,59.00,110.00,1,-1,-1,-1
507,386,931.00,288.00,59.00,106.00,1,-1,-1,-1
509,385,588.00,363.00,58.00,108.00,1,-1,-1,-1
510,386,929.00,285.00,59.00,106.00,1,-1,-1,-1
510,385,590.00,363.00,56.00,106.00,1,-1,-1,-1
510,369,488.00,306.00,58.00,119.00,1,-1,-1,-1
511,385,589.00,361.00,56.00,109.00,1,-1,-1,-1
511,381,1107.00,589.00,62.00,129.00,1,-1,-1,-1
511,369,488.00,306.00,57.00,118.00,1,-1,-1,-1
512,385,588.00,362.00,56.00,108.00,1,-1,-1,-1
512,381,1108.00,589.00,61.00,129.00,1,-1,-1,-1
512,369,489.00,304.00,56.00,117.00,1,-1,-1,-1
513,381,1110.00,588.00,60.00,130.00,1,-1,-1,-1
513,377,381.00,249.00,50.00,101.00,1,-1,-1,-1
513,369,488.00,302.00,57.00,116.00,1,-1,-1,-1
514,385,588.00,362.00,56.00,108.00,1,-1,-1,-1
514,381,1111.00,588.00,59.00,129.00,1,-1,-1,-1
515,385,588.00,362.00,56.00,108.00,1,-1,-1,-1
515,381,1113.00,587.00,59.00,132.00,1,-1,-1,-1
516,385,588.00,360.00,56.00,108.00,1,-1,-1,-1
516,381,1115.00,586.00,57.00,133.00,1,-1,-1,-1
517,381,1115.00,586.00,57.00,133.00,1,-1,-1,-1
518,385,587.00,356.00,56.00,106.00,1,-1,-1,-1
518,381,1115.00,586.00,57.00,132.00,1,-1,-1,-1
519,385,587.00,353.00,55.00,105.00,1,-1,-1,-1
519,381,1115.00,587.00,57.00,131.00,1,-1,-1,-1
519,371,535.00,168.00,48.00,98.00,1,-1,-1,-1
520,385,587.00,352.00,56.00,106.00,1,-1,-1,-1
520,381,1114.00,588.00,58.00,130.00,1,-1,-1,-1
520,371,535.00,167.00,48.00,98.00,1,-1,-1,-1
520,369,490.00,295.00,58.00,118.00,1,-1,-1,-1
521,385,587.00,352.00,55.00,105.00,1,-1,-1,-1
521,369,490.00,294.00,58.00,117.00,1,-1,-1,-1
522,385,588.00,351.00,55.00,105.00,1,-1,-1,-1
522,381,1119.00,591.00,53.00,129.00,1,-1,-1,-1
522,369,491.00,292.00,58.00,117.00,1,-1,-1,-1
523,385,587.00,349.00,56.00,105.00,1,-1,-1,-1
523,369,491.00,291.00,58.00,115.00,1,-1,-1,-1
524,385,587.00,349.00,56.00,106.00,1,-1,-1,-1
524,369,491.00,289.00,57.00,116.00,1,-1,-1,-1
525,385,587.00,348.00,57.00,106.00,1,-1,-1,-1
525,369,491.00,287.00,57.00,117.00,1,-1,-1,-1
526,385,586.00,348.00,57.00,105.00,1,-1,-1,-1
526,369,491.00,287.00,56.00,115.00,1,-1,-1,-1
527,385,587.00,347.00,56.00,105.00,1,-1,-1,-1
527,369,490.00,285.00,57.00,116.00,1,-1,-1,-1
528,377,381.00,239.00,50.00,101.00,1,-1,-1,-1
528,369,490.00,285.00,56.00,116.00,1,-1,-1,-1
529,385,586.00,345.00,55.00,104.00,1,-1,-1,-1
529,377,381.00,240.00,50.00,101.00,1,-1,-1,-1
529,369,491.00,285.00,55.00,114.00,1,-1,-1,-1
530,385,586.00,344.00,56.00,105.00,1,-1,-1,-1
530,381,1122.00,589.00,50.00,129.00,1,-1,-1,-1
530,377,381.00,240.00,49.00,100.00,1,-1,-1,-1
530,369,490.00,285.00,55.00,114.00,1,-1,-1,-1
531,385,586.00,341.00,56.00,104.00,1,-1,-1,-1
532,385,586.00,339.00,56.00,104.00,1,-1,-1,-1
539,389,192.00,292.00,49.00,104.00,1,-1,-1,-1
541,389,192.00,292.00,52.00,103.00,1,-1,-1,-1
542,389,193.00,292.00,52.00,103.00,1,-1,-1,-1
543,389,195.00,292.00,52.00,104.00,1,-1,-1,-1
544,389,195.00,292.00,52.00,104.00,1,-1,-1,-1
546,390,402.00,345.00,64.00,114.00,1,-1,-1,-1
546,369,491.00,267.00,57.00,113.00,1,-1,-1,-1
547,389,200.00,291.00,49.00,105.00,1,-1,-1,-1
549,385,587.00,329.00,55.00,102.00,1,-1,-1,-1
549,369,493.00,262.00,55.00,113.00,1,-1,-1,-1
550,390,403.00,342.00,64.00,113.00,1,-1,-1,-1
551,390,404.00,341.00,63.00,114.00,1,-1,-1,-1
551,385,589.00,328.00,56.00,101.00,1,-1,-1,-1
552,389,201.00,285.00,50.00,104.00,1,-1,-1,-1
552,385,588.00,327.00,55.00,103.00,1,-1,-1,-1
552,369,494.00,262.00,58.00,111.00,1,-1,-1,-1
553,389,202.00,285.00,49.00,104.00,1,-1,-1,-1
553,385,588.00,325.00,56.00,102.00,1,-1,-1,-1
553,369,493.00,262.00,58.00,111.00,1,-1,-1,-1
554,385,588.00,324.00,56.00,102.00,1,-1,-1,-1
554,369,493.00,262.00,59.00,110.00,1,-1,-1,-1
555,385,588.00,323.00,55.00,103.00,1,-1,-1,-1
555,369,495.00,262.00,58.00,109.00,1,-1,-1,-1
556,369,494.00,262.00,58.00,109.00,1,-1,-1,-1
557,389,203.00,286.00,49.00,103.00,1,-1,-1,-1
557,369,495.00,261.00,58.00,108.00,1,-1,-1,-1
558,385,587.00,319.00,54.00,103.00,1,-1,-1,-1
558,369,496.00,259.00,57.00,109.00,1,-1,-1,-1
559,369,496.00,259.00,57.00,109.00,1,-1,-1,-1
560,369,497.00,257.00,56.00,109.00,1,-1,-1,-1
561,385,589.00,320.00,53.00,102.00,1,-1,-1,-1
561,369,497.00,257.00,56.00,109.00,1,-1,-1,-1
562,385,589.00,319.00,53.00,102.00,1,-1,-1,-1
562,369,497.00,256.00,54.00,110.00,1,-1,-1,-1
563,390,410.00,338.00,61.00,115.00,1,-1,-1,-1
563,385,589.00,320.00,53.00,102.00,1,-1,-1,-1
563,369,498.00,256.00,54.00,108.00,1,-1,-1,-1
564,385,588.00,319.00,53.00,103.00,1,-1,-1,-1
564,369,497.00,255.00,54.00,109.00,1,-1,-1,-1
565,390,409.00,336.00,63.00,114.00,1,-1,-1,-1
565,389,207.00,280.00,49.00,106.00,1,-1,-1,-1
565,385,588.00,318.00,53.00,101.00,1,-1,-1,-1
565,369,496.00,256.00,55.00,108.00,1,-1,-1,-1
566,385,588.00,316.00,52.00,102.00,1,-1,-1,-1
566,369,496.00,255.00,55.00,108.00,1,-1,-1,-1
567,389,210.00,283.00,49.00,103.00,1,-1,-1,-1
567,369,496.00,257.00,54.00,106.00,1,-1,-1,-1
568,389,210.00,282.00,49.00,103.00,1,-1,-1,-1
568,369,496.00,255.00,55.00,107.00,1,-1,-1,-1
569,381,1128.00,609.00,44.00,135.00,1,-1,-1,-1
569,369,496.00,254.00,55.00,105.00,1,-1,-1,-1
570,389,212.00,280.00,49.00,104.00,1,-1,-1,-1
570,381,1128.00,610.00,44.00,135.00,1,-1,-1,-1
570,369,495.00,252.00,55.00,106.00,1,-1,-1,-1
571,390,410.00,334.00,66.00,115.00,1,-1,-1,-1
571,381,1128.00,612.00,44.00,133.00,1,-1,-1,-1
571,369,496.00,252.00,55.00,105.00,1,-1,-1,-1
572,390,410.00,334.00,65.00,114.00,1,-1,-1,-1
572,381,1127.00,612.00,45.00,133.00,1,-1,-1,-1
572,369,496.00,252.00,55.00,105.00,1,-1,-1,-1
573,390,409.00,334.00,65.00,115.00,1,-1,-1,-1
573,381,1128.00,614.00,44.00,131.00,1,-1,-1,-1
573,369,498.00,250.00,54.00,106.00,1,-1,-1,-1
574,381,1128.00,614.00,44.00,132.00,1,-1,-1,-1
574,369,498.00,250.00,54.00,106.00,1,-1,-1,-1
575,389,215.00,275.00,49.00,102.00,1,-1,-1,-1
575,381,1128.00,614.00,44.00,132.00,1,-1,-1,-1
575,369,499.00,250.00,53.00,105.00,1,-1,-1,-1
576,391,536.00,430.00,53.00,119.00,1,-1,-1,-1
576,389,216.00,275.00,49.00,101.00,1,-1,-1,-1
576,381,1128.00,614.00,44.00,130.00,1,-1,-1,-1
576,369,498.00,250.00,55.00,105.00,1,-1,-1,-1
577,389,216.00,275.00,50.00,101.00,1,-1,-1,-1
577,381,1128.00,614.00,44.00,131.00,1,-1,-1,-1
577,369,499.00,248.00,54.00,106.00,1,-1,-1,-1
578,391,537.00,426.00,52.00,120.00,1,-1,-1,-1
578,369,499.00,246.00,54.00,107.00,1,-1,-1,-1
579,389,216.00,275.00,49.00,101.00,1,-1,-1,-1
579,369,500.00,247.00,53.00,106.00,1,-1,-1,-1
580,389,216.00,275.00,49.00,100.00,1,-1,-1,-1
580,381,1128.00,616.00,44.00,130.00,1,-1,-1,-1
580,369,499.00,245.00,53.00,106.00,1,-1,-1,-1
581,389,218.00,274.00,49.00,101.00,1,-1,-1,-1
581,385,586.00,305.00,54.00,100.00,1,-1,-1,-1
581,381,1128.00,615.00,44.00,130.00,1,-1,-1,-1
581,369,500.00,245.00,52.00,106.00,1,-1,-1,-1
582,389,218.00,274.00,49.00,100.00,1,-1,-1,-1
582,381,1128.00,616.00,44.00,131.00,1,-1,-1,-1
582,369,500.00,243.00,52.00,104.00,1,-1,-1,-1
583,381,1128.00,618.00,44.00,130.00,1,-1,-1,-1
583,369,501.00,241.00,51.00,107.00,1,-1,-1,-1
584,392,1.00,617.00,46.00,132.00,1,-1,-1,-1
584,389,218.00,273.00,49.00,100.00,1,-1,-1,-1
584,369,500.00,241.00,53.00,108.00,1,-1,-1,-1
585,381,1128.00,618.00,43.00,133.00,1,-1,-1,-1
585,369,500.00,241.00,53.00,108.00,1,-1,-1,-1
586,381,1129.00,620.00,43.00,133.00,1,-1,-1,-1
586,369,501.00,241.00,51.00,108.00,1,-1,-1,-1
587,381,1129.00,619.00,43.00,132.00,1,-1,-1,-1
587,369,502.00,239.00,52.00,110.00,1,-1,-1,-1
588,381,1128.00,619.00,43.00,133.00,1,-1,-1,-1
588,369,503.00,238.00,52.00,111.00,1,-1,-1,-1
589,381,1128.00,618.00,43.00,132.00,1,-1,-1,-1
589,369,502.00,237.00,53.00,109.00,1,-1,-1,-1
590,389,223.00,269.00,50.00,101.00,1,-1,-1,-1
590,381,1128.00,619.00,43.00,133.00,1,-1,-1,-1
590,369,501.00,235.00,53.00,110.00,1,-1,-1,-1
591,381,1128.00,621.00,43.00,132.00,1,-1,-1,-1
591,369,500.00,236.00,55.00,107.00,1,-1,-1,-1
592,389,224.00,269.00,49.00,101.00,1,-1,-1,-1
592,369,500.00,235.00,54.00,106.00,1,-1,-1,-1
593,389,225.00,269.00,49.00,100.00,1,-1,-1,-1
593,369,501.00,234.00,53.00,105.00,1,-1,-1,-1
594,369,502.00,232.00,53.00,105.00,1,-1,-1,-1
595,369,501.00,231.00,54.00,105.00,1,-1,-1,-1
596,389,227.00,268.00,47.00,99.00,1,-1,-1,-1
596,369,500.00,231.00,55.00,104.00,1,-1,-1,-1
597,381,1128.00,624.00,44.00,128.00,1,-1,-1,-1
597,369,500.00,232.00,55.00,103.00,1,-1,-1,-1
598,381,1128.00,623.00,44.00,130.00,1,-1,-1,-1
598,369,501.00,232.00,55.00,103.00,1,-1,-1,-1
599,369,502.00,231.00,54.00,103.00,1,-1,-1,-1
600,381,1128.00,624.00,44.00,129.00,1,-1,-1,-1
600,369,503.00,232.00,54.00,103.00,1,-1,-1,-1
601,369,504.00,232.00,54.00,103.00,1,-1,-1,-1
602,369,504.00,230.00,53.00,102.00,1,-1,-1,-1
603,369,505.00,230.00,50.00,101.00,1,-1,-1,-1
604,369,506.00,229.00,50.00,103.00,1,-1,-1,-1
605,369,505.00,226.00,50.00,103.00,1,-1,-1,-1
606,369,506.00,225.00,48.00,104.00,1,-1,-1,-1
609,381,1127.00,626.00,45.00,128.00,1,-1,-1,-1
610,381,1126.00,626.00,46.00,128.00,1,-1,-1,-1
611,381,1127.00,626.00,45.00,128.00,1,-1,-1,-1
613,369,508.00,223.00,45.00,100.00,1,-1,-1,-1
616,395,332.00,748.00,67.00,131.00,1,-1,-1,-1
617,395,331.00,748.00,66.00,130.00,1,-1,-1,-1
617,381,1127.00,627.00,45.00,128.00,1,-1,-1,-1
618,395,331.00,746.00,65.00,132.00,1,-1,-1,-1
618,394,1003.00,593.00,64.00,123.00,1,-1,-1,-1
618,381,1127.00,628.00,45.00,128.00,1,-1,-1,-1
619,395,330.00,745.00,66.00,133.00,1,-1,-1,-1
619,381,1127.00,628.00,45.00,129.00,1,-1,-1,-1
620,395,329.00,744.00,66.00,133.00,1,-1,-1,-1
621,395,329.00,744.00,65.00,134.00,1,-1,-1,-1
621,394,1001.00,590.00,67.00,125.00,1,-1,-1,-1
622,395,329.00,743.00,65.00,134.00,1,-1,-1,-1
623,395,329.00,742.00,64.00,136.00,1,-1,-1,-1
623,394,1001.00,588.00,67.00,123.00,1,-1,-1,-1
637,396,571.00,260.00,47.00,96.00,1,-1,-1,-1
639,397,1015.00,743.00,73.00,135.00,1,-1,-1,-1
639,396,571.00,256.00,46.00,95.00,1,-1,-1,-1
640,397,1013.00,742.00,73.00,136.00,1,-1,-1,-1
640,396,572.00,255.00,44.00,93.00,1,-1,-1,-1
641,397,1012.00,741.00,72.00,136.00,1,-1,-1,-1
642,397,1011.00,740.00,71.00,137.00,1,-1,-1,-1
643,396,572.00,252.00,45.00,93.00,1,-1,-1,-1
650,396,569.00,241.00,46.00,97.00,1,-1,-1,-1
651,396,570.00,239.00,46.00,97.00,1,-1,-1,-1
654,394,991.00,528.00,59.00,125.00,1,-1,-1,-1
655,396,569.00,234.00,45.00,95.00,1,-1,-1,-1
655,394,991.00,526.00,59.00,124.00,1,-1,-1,-1
656,396,568.00,234.00,44.00,96.00,1,-1,-1,-1
656,394,990.00,525.00,59.00,124.00,1,-1,-1,-1
657,396,568.00,233.00,45.00,95.00,1,-1,-1,-1
657,394,989.00,525.00,59.00,121.00,1,-1,-1,-1
658,394,988.00,524.00,58.00,120.00,1,-1,-1,-1
659,399,617.00,407.00,52.00,112.00,1,-1,-1,-1
660,399,616.00,405.00,54.00,112.00,1,-1,-1,-1
661,399,616.00,403.00,53.00,112.00,1,-1,-1,-1
662,399,615.00,400.00,54.00,112.00,1,-1,-1,-1
663,399,615.00,398.00,54.00,113.00,1,-1,-1,-1
664,399,616.00,397.00,53.00,110.00,1,-1,-1,-1
665,399,616.00,396.00,53.00,110.00,1,-1,-1,-1
666,399,616.00,394.00,53.00,111.00,1,-1,-1,-1
667,399,617.00,393.00,53.00,111.00,1,-1,-1,-1
668,399,617.00,393.00,53.00,110.00,1,-1,-1,-1
669,399,617.00,392.00,52.00,111.00,1,-1,-1,-1
670,399,617.00,391.00,52.00,110.00,1,-1,-1,-1
674,399,616.00,383.00,52.00,110.00,1,-1,-1,-1
675,399,615.00,381.00,53.00,109.00,1,-1,-1,-1
676,399,617.00,380.00,52.00,109.00,1,-1,-1,-1
676,396,566.00,208.00,45.00,93.00,1,-1,-1,-1
677,399,618.00,377.00,51.00,110.00,1,-1,-1,-1
677,396,565.00,206.00,46.00,96.00,1,-1,-1,-1
678,399,619.00,376.00,50.00,109.00,1,-1,-1,-1
678,396,565.00,206.00,45.00,95.00,1,-1,-1,-1
679,396,565.00,206.00,45.00,95.00,1,-1,-1,-1
680,399,618.00,372.00,51.00,112.00,1,-1,-1,-1
680,396,565.00,206.00,45.00,94.00,1,-1,-1,-1
681,399,618.00,372.00,51.00,111.00,1,-1,-1,-1
682,399,618.00,372.00,51.00,111.00,1,-1,-1,-1
683,400,1126.00,621.00,46.00,132.00,1,-1,-1,-1
683,399,617.00,371.00,52.00,111.00,1,-1,-1,-1
684,400,1127.00,622.00,45.00,130.00,1,-1,-1,-1
684,399,617.00,369.00,51.00,110.00,1,-1,-1,-1
685,400,1127.00,622.00,45.00,130.00,1,-1,-1,-1
685,399,617.00,369.00,51.00,108.00,1,-1,-1,-1
686,399,617.00,366.00,52.00,108.00,1,-1,-1,-1
687,399,616.00,365.00,52.00,109.00,1,-1,-1,-1
688,399,616.00,362.00,52.00,109.00,1,-1,-1,-1
688,396,565.00,197.00,45.00,93.00,1,-1,-1,-1
689,399,616.00,360.00,51.00,109.00,1,-1,-1,-1
689,396,564.00,196.00,45.00,92.00,1,-1,-1,-1
690,396,565.00,195.00,44.00,93.00,1,-1,-1,-1
693,400,1126.00,620.00,46.00,134.00,1,-1,-1,-1
694,401,80.00,439.00,55.00,117.00,1,-1,-1,-1
695,401,82.00,438.00,56.00,116.00,1,-1,-1,-1
695,399,613.00,355.00,54.00,111.00,1,-1,-1,-1
696,401,83.00,437.00,55.00,116.00,1,-1,-1,-1
696,399,614.00,353.00,52.00,111.00,1,-1,-1,-1
697,401,84.00,435.00,54.00,117.00,1,-1,-1,-1
697,399,613.00,351.00,52.00,110.00,1,-1,-1,-1
698,401,85.00,434.00,55.00,116.00,1,-1,-1,-1
698,399,614.00,349.00,52.00,111.00,1,-1,-1,-1
699,399,614.00,348.00,52.00,110.00,1,-1,-1,-1
700,399,614.00,346.00,52.00,111.00,1,-1,-1,-1
703,399,614.00,343.00,53.00,110.00,1,-1,-1,-1
704,399,614.00,344.00,53.00,109.00,1,-1,-1,-1
705,399,614.00,342.00,53.00,110.00,1,-1,-1,-1
705,396,566.00,183.00,44.00,89.00,1,-1,-1,-1
706,399,614.00,341.00,53.00,110.00,1,-1,-1,-1
706,396,565.00,183.00,44.00,90.00,1,-1,-1,-1
707,399,614.00,340.00,53.00,110.00,1,-1,-1,-1
707,396,565.00,181.00,44.00,90.00,1,-1,-1,-1
708,399,613.00,340.00,53.00,109.00,1,-1,-1,-1
708,396,566.00,180.00,44.00,89.00,1,-1,-1,-1
709,399,613.00,338.00,53.00,108.00,1,-1,-1,-1
709,396,565.00,179.00,44.00,90.00,1,-1,-1,-1
710,400,1128.00,617.00,44.00,134.00,1,-1,-1,-1
710,396,565.00,178.00,44.00,90.00,1,-1,-1,-1
711,402,507.00,423.00,56.00,123.00,1,-1,-1,-1
712,402,506.00,422.00,56.00,122.00,1,-1,-1,-1
712,400,1127.00,617.00,45.00,135.00,1,-1,-1,-1
713,402,506.00,421.00,57.00,121.00,1,-1,-1,-1
713,400,1126.00,616.00,46.00,135.00,1,-1,-1,-1
714,402,506.00,421.00,57.00,121.00,1,-1,-1,-1
714,400,1126.00,617.00,46.00,135.00,1,-1,-1,-1
714,396,565.00,175.00,44.00,90.00,1,-1,-1,-1
715,402,506.00,419.00,55.00,123.00,1,-1,-1,-1
716,402,506.00,418.00,55.00,124.00,1,-1,-1,-1
716,400,1127.00,617.00,45.00,135.00,1,-1,-1,-1
717,400,1127.00,617.00,45.00,135.00,1,-1,-1,-1
718,402,507.00,418.00,54.00,122.00,1,-1,-1,-1
718,400,1128.00,617.00,44.00,135.00,1,-1,-1,-1
719,402,506.00,417.00,55.00,121.00,1,-1,-1,-1
719,401,109.00,404.00,53.00,114.00,1,-1,-1,-1
719,400,1128.00,618.00,44.00,133.00,1,-1,-1,-1
720,402,506.00,418.00,54.00,121.00,1,-1,-1,-1
720,401,109.00,403.00,55.00,115.00,1,-1,-1,-1
721,404,1074.00,763.00,63.00,116.00,1,-1,-1,-1
721,400,1127.00,617.00,45.00,132.00,1,-1,-1,-1
722,404,1073.00,762.00,63.00,117.00,1,-1,-1,-1
722,400,1127.00,617.00,45.00,131.00,1,-1,-1,-1
723,404,1071.00,761.00,64.00,118.00,1,-1,-1,-1
723,400,1126.00,617.00,46.00,132.00,1,-1,-1,-1
724,400,1126.00,617.00,46.00,133.00,1,-1,-1,-1
725,404,1067.00,758.00,64.00,121.00,1,-1,-1,-1
725,400,1127.00,617.00,45.00,132.00,1,-1,-1,-1
726,400,1126.00,617.00,46.00,132.00,1,-1,-1,-1
727,400,1127.00,617.00,45.00,132.00,1,-1,-1,-1
728,404,1061.00,750.00,63.00,129.00,1,-1,-1,-1
728,400,1126.00,618.00,46.00,131.00,1,-1,-1,-1
729,401,117.00,391.00,56.00,115.00,1,-1,-1,-1
729,400,1126.00,618.00,46.00,132.00,1,-1,-1,-1
730,405,621.00,22.00,45.00,94.00,1,-1,-1,-1
730,401,119.00,391.00,57.00,113.00,1,-1,-1,-1
730,400,1126.00,618.00,46.00,132.00,1,-1,-1,-1
731,405,623.00,21.00,44.00,92.00,1,-1,-1,-1
731,401,119.00,389.00,56.00,115.00,1,-1,-1,-1
731,400,1126.00,617.00,46.00,133.00,1,-1,-1,-1
732,401,120.00,387.00,58.00,116.00,1,-1,-1,-1
733,400,1125.00,617.00,47.00,134.00,1,-1,-1,-1
734,400,1125.00,617.00,47.00,131.00,1,-1,-1,-1
736,403,931.00,406.00,57.00,108.00,1,-1,-1,-1
736,400,1125.00,619.00,47.00,128.00,1,-1,-1,-1
737,403,930.00,406.00,58.00,108.00,1,-1,-1,-1
737,400,1125.00,619.00,47.00,129.00,1,-1,-1,-1
738,400,1125.00,619.00,47.00,130.00,1,-1,-1,-1
739,403,929.00,406.00,56.00,107.00,1,-1,-1,-1
739,400,1125.00,619.00,47.00,130.00,1,-1,-1,-1
740,400,1126.00,619.00,46.00,130.00,1,-1,-1,-1
743,400,1126.00,620.00,46.00,129.00,1,-1,-1,-1
744,400,1126.00,621.00,46.00,130.00,1,-1,-1,-1
753,401,136.00,367.00,54.00,114.00,1,-1,-1,-1
753,400,1126.00,621.00,46.00,127.00,1,-1,-1,-1
754,400,1126.00,620.00,46.00,128.00,1,-1,-1,-1
755,400,1127.00,619.00,45.00,129.00,1,-1,-1,-1
756,400,1128.00,620.00,44.00,129.00,1,-1,-1,-1
757,400,1127.00,619.00,45.00,130.00,1,-1,-1,-1
758,403,913.00,377.00,57.00,110.00,1,-1,-1,-1
758,400,1128.00,619.00,44.00,130.00,1,-1,-1,-1
759,403,913.00,376.00,57.00,109.00,1,-1,-1,-1
759,400,1128.00,619.00,44.00,130.00,1,-1,-1,-1
760,403,911.00,375.00,57.00,109.00,1,-1,-1,-1
761,403,911.00,374.00,57.00,109.00,1,-1,-1,-1
761,400,1127.00,620.00,45.00,130.00,1,-1,-1,-1
762,400,1127.00,620.00,45.00,130.00,1,-1,-1,-1
763,403,910.00,374.00,56.00,107.00,1,-1,-1,-1
763,400,1127.00,620.00,45.00,129.00,1,-1,-1,-1
764,401,141.00,351.00,54.00,111.00,1,-1,-1,-1
764,400,1127.00,619.00,45.00,131.00,1,-1,-1,-1
765,400,1128.00,619.00,44.00,131.00,1,-1,-1,-1
766,400,1128.00,621.00,44.00,129.00,1,-1,-1,-1
767,403,908.00,367.00,56.00,106.00,1,-1,-1,-1
767,401,142.00,347.00,53.00,109.00,1,-1,-1,-1
767,400,1128.00,620.00,44.00,130.00,1,-1,-1,-1
768,403,907.00,365.00,57.00,106.00,1,-1,-1,-1
768,401,143.00,345.00,53.00,111.00,1,-1,-1,-1
768,400,1128.00,620.00,44.00,131.00,1,-1,-1,-1
769,403,906.00,364.00,58.00,107.00,1,-1,-1,-1
769,401,142.00,345.00,54.00,110.00,1,-1,-1,-1
769,400,1127.00,619.00,45.00,132.00,1,-1,-1,-1
770,403,905.00,362.00,59.00,108.00,1,-1,-1,-1
770,401,145.00,342.00,52.00,112.00,1,-1,-1,-1
770,400,1127.00,620.00,45.00,131.00,1,-1,-1,-1
772,400,1128.00,621.00,44.00,131.00,1,-1,-1,-1
773,400,1128.00,620.00,44.00,131.00,1,-1,-1,-1
774,400,1128.00,620.00,44.00,131.00,1,-1,-1,-1
775,407,655.00,739.00,59.00,140.00,1,-1,-1,-1
775,401,147.00,337.00,52.00,111.00,1,-1,-1,-1
775,400,1127.00,621.00,45.00,129.00,1,-1,-1,-1
776,408,288.00,389.00,59.00,123.00,1,-1,-1,-1
776,401,148.00,336.00,54.00,111.00,1,-1,-1,-1
776,400,1127.00,621.00,45.00,130.00,1,-1,-1,-1
777,408,289.00,386.00,59.00,123.00,1,-1,-1,-1
777,401,148.00,336.00,53.00,111.00,1,-1,-1,-1
777,400,1126.00,622.00,46.00,130.00,1,-1,-1,-1
778,408,289.00,385.00,60.00,122.00,1,-1,-1,-1
778,401,148.00,335.00,55.00,109.00,1,-1,-1,-1
778,400,1127.00,622.00,45.00,129.00,1,-1,-1,-1
779,401,149.00,334.00,55.00,109.00,1,-1,-1,-1
779,400,1127.00,622.00,45.00,129.00,1,-1,-1,-1
780,403,901.00,349.00,60.00,108.00,1,-1,-1,-1
780,401,148.00,333.00,56.00,110.00,1,-1,-1,-1
780,400,1126.00,622.00,46.00,129.00,1,-1,-1,-1
781,403,899.00,349.00,60.00,106.00,1,-1,-1,-1
781,401,149.00,332.00,56.00,109.00,1,-1,-1,-1
781,400,1128.00,623.00,44.00,129.00,1,-1,-1,-1
782,403,900.00,347.00,59.00,107.00,1,-1,-1,-1
782,401,149.00,330.00,56.00,111.00,1,-1,-1,-1
782,400,1127.00,622.00,45.00,131.00,1,-1,-1,-1
783,403,900.00,347.00,58.00,107.00,1,-1,-1,-1
783,401,149.00,329.00,56.00,112.00,1,-1,-1,-1
783,400,1127.00,623.00,45.00,129.00,1,-1,-1,-1
784,403,899.00,348.00,58.00,107.00,1,-1,-1,-1
784,400,1127.00,623.00,45.00,129.00,1,-1,-1,-1
785,403,900.00,347.00,56.00,106.00,1,-1,-1,-1
785,400,1127.00,624.00,45.00,129.00,1,-1,-1,-1
786,403,900.00,347.00,56.00,106.00,1,-1,-1,-1
786,400,1127.00,622.00,45.00,130.00,1,-1,-1,-1
787,403,900.00,345.00,55.00,105.00,1,-1,-1,-1
787,400,1127.00,622.00,45.00,129.00,1,-1,-1,-1
788,403,899.00,346.00,56.00,102.00,1,-1,-1,-1
788,400,1127.00,622.00,45.00,129.00,1,-1,-1,-1
789,409,1.00,675.00,5.00,133.00,1,-1,-1,-1
789,400,1127.00,622.00,45.00,130.00,1,-1,-1,-1
790,409,1.00,674.00,6.00,133.00,1,-1,-1,-1
790,400,1127.00,622.00,45.00,131.00,1,-1,-1,-1
791,409,1.00,674.00,7.00,132.00,1,-1,-1,-1
791,400,1127.00,622.00,45.00,131.00,1,-1,-1,-1
792,409,1.00,670.00,9.00,134.00,1,-1,-1,-1
792,403,897.00,339.00,56.00,105.00,1,-1,-1,-1
792,401,152.00,320.00,56.00,108.00,1,-1,-1,-1
792,400,1127.00,623.00,45.00,131.00,1,-1,-1,-1
793,409,1.00,669.00,10.00,133.00,1,-1,-1,-1
793,403,896.00,337.00,58.00,106.00,1,-1,-1,-1
793,401,154.00,319.00,55.00,107.00,1,-1,-1,-1
793,400,1127.00,622.00,45.00,130.00,1,-1,-1,-1
794,409,1.00,670.00,11.00,129.00,1,-1,-1,-1
794,403,895.00,336.00,59.00,105.00,1,-1,-1,-1
794,400,1127.00,621.00,45.00,130.00,1,-1,-1,-1
795,409,1.00,667.00,13.00,130.00,1,-1,-1,-1
795,400,1127.00,621.00,45.00,131.00,1,-1,-1,-1
796,409,1.00,665.00,14.00,130.00,1,-1,-1,-1
796,403,894.00,333.00,59.00,106.00,1,-1,-1,-1
797,409,1.00,664.00,16.00,127.00,1,-1,-1,-1
797,400,1126.00,620.00,46.00,131.00,1,-1,-1,-1
798,409,1.00,663.00,18.00,129.00,1,-1,-1,-1
798,400,1126.00,620.00,46.00,131.00,1,-1,-1,-1
799,409,1.00,662.00,20.00,129.00,1,-1,-1,-1
799,400,1127.00,621.00,45.00,131.00,1,-1,-1,-1
800,400,1126.00,623.00,45.00,130.00,1,-1,-1,-1
801,400,1126.00,625.00,46.00,128.00,1,-1,-1,-1
802,403,892.00,327.00,59.00,106.00,1,-1,-1,-1
802,400,1126.00,624.00,46.00,127.00,1,-1,-1,-1
803,400,1127.00,625.00,45.00,129.00,1,-1,-1,-1
804,403,891.00,323.00,60.00,106.00,1,-1,-1,-1
804,401,157.00,308.00,55.00,111.00,1,-1,-1,-1
805,403,890.00,321.00,59.00,107.00,1,-1,-1,-1
805,400,1126.00,625.00,46.00,128.00,1,-1,-1,-1
806,401,156.00,303.00,55.00,111.00,1,-1,-1,-1
806,400,1126.00,626.00,46.00,127.00,1,-1,-1,-1
807,401,158.00,302.00,54.00,111.00,1,-1,-1,-1
807,400,1126.00,626.00,46.00,128.00,1,-1,-1,-1
808,401,158.00,300.00,54.00,111.00,1,-1,-1,-1
808,400,1126.00,626.00,46.00,128.00,1,-1,-1,-1
809,401,159.00,299.00,54.00,112.00,1,-1,-1,-1
809,400,1126.00,626.00,46.00,128.00,1,-1,-1,-1
810,401,159.00,298.00,54.00,112.00,1,-1,-1,-1
810,400,1126.00,626.00,46.00,128.00,1,-1,-1,-1
811,409,1.00,644.00,37.00,128.00,1,-1,-1,-1
811,400,1126.00,626.00,46.00,128.00,1,-1,-1,-1
812,409,1.00,641.00,39.00,130.00,1,-1,-1,-1
812,400,1125.00,625.00,47.00,128.00,1,-1,-1,-1
813,409,1.00,638.00,40.00,131.00,1,-1,-1,-1
813,400,1125.00,627.00,47.00,127.00,1,-1,-1,-1
814,403,885.00,312.00,57.00,105.00,1,-1,-1,-1
814,400,1125.00,624.00,47.00,129.00,1,-1,-1,-1
815,409,1.00,635.00,44.00,130.00,1,-1,-1,-1
815,400,1126.00,623.00,46.00,129.00,1,-1,-1,-1
816,409,1.00,635.00,45.00,130.00,1,-1,-1,-1
816,403,881.00,310.00,58.00,104.00,1,-1,-1,-1
816,400,1126.00,622.00,45.00,129.00,1,-1,-1,-1
817,409,1.00,633.00,49.00,132.00,1,-1,-1,-1
817,403,880.00,308.00,59.00,104.00,1,-1,-1,-1
817,400,1125.00,622.00,47.00,129.00,1,-1,-1,-1
818,408,311.00,332.00,58.00,116.00,1,-1,-1,-1
818,403,879.00,307.00,60.00,104.00,1,-1,-1,-1
818,400,1125.00,622.00,47.00,128.00,1,-1,-1,-1
819,403,878.00,305.00,61.00,106.00,1,-1,-1,-1
819,400,1126.00,622.00,46.00,128.00,1,-1,-1,-1
820,403,879.00,306.00,59.00,105.00,1,-1,-1,-1
820,401,165.00,285.00,53.00,108.00,1,-1,-1,-1
820,400,1125.00,623.00,47.00,128.00,1,-1,-1,-1
821,403,879.00,305.00,58.00,105.00,1,-1,-1,-1
821,401,166.00,284.00,53.00,109.00,1,-1,-1,-1
821,400,1126.00,625.00,46.00,128.00,1,-1,-1,-1
822,403,878.00,304.00,58.00,106.00,1,-1,-1,-1
822,400,1126.00,624.00,46.00,128.00,1,-1,-1,-1
823,400,1125.00,624.00,47.00,129.00,1,-1,-1,-1
824,401,168.00,280.00,52.00,108.00,1,-1,-1,-1
824,400,1126.00,624.00,46.00,128.00,1,-1,-1,-1
825,400,1126.00,624.00,46.00,128.00,1,-1,-1,-1
826,400,1125.00,624.00,47.00,128.00,1,-1,-1,-1
827,400,1124.00,623.00,48.00,128.00,1,-1,-1,-1
828,403,872.00,293.00,60.00,106.00,1,-1,-1,-1
828,400,1125.00,624.00,47.00,128.00,1,-1,-1,-1
829,403,871.00,293.00,59.00,105.00,1,-1,-1,-1
829,400,1125.00,623.00,47.00,129.00,1,-1,-1,-1
830,403,870.00,292.00,59.00,105.00,1,-1,-1,-1
830,400,1125.00,623.00,47.00,128.00,1,-1,-1,-1
831,409,8.00,617.00,59.00,124.00,1,-1,-1,-1
831,400,1124.00,623.00,48.00,127.00,1,-1,-1,-1
832,409,10.00,617.00,60.00,124.00,1,-1,-1,-1
832,400,1125.00,623.00,47.00,127.00,1,-1,-1,-1
833,409,11.00,613.00,60.00,126.00,1,-1,-1,-1
833,403,869.00,290.00,55.00,104.00,1,-1,-1,-1
833,400,1125.00,623.00,47.00,127.00,1,-1,-1,-1
834,409,13.00,610.00,59.00,127.00,1,-1,-1,-1
834,400,1125.00,624.00,47.00,127.00,1,-1,-1,-1
835,409,14.00,608.00,58.00,128.00,1,-1,-1,-1
835,400,1126.00,624.00,45.00,128.00,1,-1,-1,-1
836,409,15.00,606.00,58.00,128.00,1,-1,-1,-1
837,409,17.00,604.00,56.00,128.00,1,-1,-1,-1
837,408,321.00,305.00,62.00,119.00,1,-1,-1,-1
837,400,1126.00,623.00,46.00,127.00,1,-1,-1,-1
838,409,18.00,603.00,56.00,128.00,1,-1,-1,-1
838,400,1127.00,623.00,45.00,129.00,1,-1,-1,-1
839,409,19.00,602.00,57.00,128.00,1,-1,-1,-1
839,400,1126.00,623.00,46.00,128.00,1,-1,-1,-1
840,408,324.00,302.00,62.00,114.00,1,-1,-1,-1
840,400,1127.00,623.00,44.00,128.00,1,-1,-1,-1
841,400,1127.00,624.00,45.00,128.00,1,-1,-1,-1
842,400,1128.00,624.00,44.00,128.00,1,-1,-1,-1
843,400,1128.00,624.00,44.00,129.00,1,-1,-1,-1
846,400,1127.00,625.00,45.00,129.00,1,-1,-1,-1
847,400,1127.00,625.00,45.00,128.00,1,-1,-1,-1
848,400,1126.00,625.00,46.00,129.00,1,-1,-1,-1
849,400,1126.00,625.00,46.00,127.00,1,-1,-1,-1
850,400,1126.00,625.00,46.00,127.00,1,-1,-1,-1
851,400,1126.00,626.00,46.00,127.00,1,-1,-1,-1
852,400,1127.00,626.00,45.00,127.00,1,-1,-1,-1
853,400,1127.00,626.00,45.00,127.00,1,-1,-1,-1
854,400,1127.00,625.00,44.00,128.00,1,-1,-1,-1
855,400,1126.00,625.00,46.00,128.00,1,-1,-1,-1
856,400,1127.00,626.00,45.00,127.00,1,-1,-1,-1
857,400,1127.00,626.00,45.00,127.00,1,-1,-1,-1
858,400,1127.00,627.00,45.00,126.00,1,-1,-1,-1
859,400,1126.00,626.00,46.00,128.00,1,-1,-1,-1
860,400,1126.00,627.00,46.00,128.00,1,-1,-1,-1
861,400,1126.00,627.00,46.00,128.00,1,-1,-1,-1
862,400,1126.00,627.00,46.00,129.00,1,-1,-1,-1
863,400,1126.00,627.00,46.00,129.00,1,-1,-1,-1
864,400,1126.00,627.00,46.00,128.00,1,-1,-1,-1
865,400,1126.00,628.00,46.00,128.00,1,-1,-1,-1
866,400,1126.00,628.00,46.00,127.00,1,-1,-1,-1
868,400,1126.00,627.00,46.00,128.00,1,-1,-1,-1
869,400,1126.00,627.00,46.00,130.00,1,-1,-1,-1
870,400,1126.00,626.00,46.00,129.00,1,-1,-1,-1
871,400,1126.00,626.00,46.00,130.00,1,-1,-1,-1
872,400,1126.00,627.00,46.00,130.00,1,-1,-1,-1
873,400,1126.00,627.00,46.00,129.00,1,-1,-1,-1
874,400,1126.00,627.00,46.00,129.00,1,-1,-1,-1
875,400,1127.00,627.00,45.00,129.00,1,-1,-1,-1
876,400,1127.00,626.00,45.00,130.00,1,-1,-1,-1
877,400,1126.00,627.00,46.00,129.00,1,-1,-1,-1
878,400,1126.00,626.00,46.00,130.00,1,-1,-1,-1
879,400,1126.00,627.00,46.00,128.00,1,-1,-1,-1
880,400,1126.00,627.00,46.00,129.00,1,-1,-1,-1
881,400,1126.00,627.00,46.00,129.00,1,-1,-1,-1
882,400,1127.00,627.00,45.00,128.00,1,-1,-1,-1
883,400,1127.00,625.00,45.00,129.00,1,-1,-1,-1
885,400,1125.00,626.00,47.00,129.00,1,-1,-1,-1
886,400,1126.00,626.00,46.00,128.00,1,-1,-1,-1
887,400,1126.00,626.00,46.00,129.00,1,-1,-1,-1
888,400,1126.00,627.00,46.00,128.00,1,-1,-1,-1
889,412,207.00,217.00,49.00,98.00,1,-1,-1,-1
889,400,1126.00,626.00,46.00,128.00,1,-1,-1,-1
890,400,1126.00,625.00,46.00,130.00,1,-1,-1,-1
891,412,208.00,216.00,50.00,97.00,1,-1,-1,-1
891,400,1126.00,625.00,46.00,130.00,1,-1,-1,-1
892,400,1125.00,623.00,47.00,130.00,1,-1,-1,-1
893,400,1125.00,622.00,47.00,131.00,1,-1,-1,-1
894,400,1126.00,624.00,46.00,129.00,1,-1,-1,-1
895,400,1126.00,626.00,46.00,128.00,1,-1,-1,-1
896,400,1126.00,624.00,46.00,130.00,1,-1,-1,-1
897,400,1126.00,625.00,46.00,130.00,1,-1,-1,-1
898,400,1126.00,624.00,46.00,129.00,1,-1,-1,-1
899,400,1126.00,624.00,46.00,130.00,1,-1,-1,-1
900,400,1124.00,624.00,48.00,128.00,1,-1,-1,-1
901,400,1125.00,623.00,47.00,126.00,1,-1,-1,-1
902,400,1125.00,624.00,47.00,124.00,1,-1,-1,-1
903,400,1124.00,624.00,48.00,125.00,1,-1,-1,-1
904,400,1124.00,624.00,48.00,126.00,1,-1,-1,-1
905,400,1123.00,625.00,49.00,124.00,1,-1,-1,-1
906,400,1123.00,624.00,49.00,125.00,1,-1,-1,-1
907,400,1124.00,626.00,48.00,124.00,1,-1,-1,-1
908,400,1124.00,625.00,48.00,125.00,1,-1,-1,-1
909,400,1125.00,627.00,47.00,127.00,1,-1,-1,-1
910,400,1126.00,626.00,46.00,127.00,1,-1,-1,-1
911,400,1124.00,625.00,48.00,126.00,1,-1,-1,-1
912,400,1125.00,625.00,47.00,126.00,1,-1,-1,-1
913,400,1124.00,626.00,48.00,126.00,1,-1,-1,-1
914,400,1123.00,625.00,49.00,126.00,1,-1,-1,-1
915,400,1124.00,625.00,48.00,127.00,1,-1,-1,-1
916,400,1125.00,626.00,47.00,126.00,1,-1,-1,-1
917,400,1124.00,625.00,48.00,126.00,1,-1,-1,-1
918,400,1125.00,625.00,47.00,126.00,1,-1,-1,-1
919,400,1124.00,625.00,48.00,124.00,1,-1,-1,-1
920,400,1123.00,624.00,49.00,126.00,1,-1,-1,-1
921,400,1123.00,624.00,49.00,129.00,1,-1,-1,-1
927,400,1124.00,628.00,48.00,125.00,1,-1,-1,-1
928,400,1124.00,628.00,48.00,124.00,1,-1,-1,-1
929,414,328.00,316.00,43.00,110.00,1,-1,-1,-1
929,400,1124.00,628.00,48.00,124.00,1,-1,-1,-1
930,415,378.00,730.00,59.00,139.00,1,-1,-1,-1
930,400,1123.00,628.00,49.00,123.00,1,-1,-1,-1
931,415,377.00,729.00,59.00,138.00,1,-1,-1,-1
931,400,1123.00,627.00,49.00,123.00,1,-1,-1,-1
932,414,328.00,315.00,41.00,107.00,1,-1,-1,-1
932,400,1124.00,626.00,48.00,126.00,1,-1,-1,-1
934,400,1125.00,626.00,47.00,125.00,1,-1,-1,-1
935,400,1124.00,626.00,48.00,123.00,1,-1,-1,-1
940,400,1124.00,624.00,48.00,126.00,1,-1,-1,-1
941,400,1125.00,624.00,47.00,126.00,1,-1,-1,-1
942,400,1125.00,624.00,47.00,126.00,1,-1,-1,-1
943,400,1125.00,624.00,47.00,126.00,1,-1,-1,-1
944,415,376.00,704.00,58.00,143.00,1,-1,-1,-1
944,400,1124.00,623.00,48.00,125.00,1,-1,-1,-1
945,415,376.00,704.00,58.00,141.00,1,-1,-1,-1
945,400,1124.00,624.00,48.00,125.00,1,-1,-1,-1
946,415,376.00,703.00,58.00,145.00,1,-1,-1,-1
947,415,375.00,701.00,58.00,145.00,1,-1,-1,-1
948,400,1125.00,625.00,47.00,124.00,1,-1,-1,-1
949,417,162.00,359.00,50.00,108.00,1,-1,-1,-1
949,415,373.00,698.00,58.00,143.00,1,-1,-1,-1
949,400,1124.00,624.00,48.00,124.00,1,-1,-1,-1
950,400,1124.00,624.00,48.00,124.00,1,-1,-1,-1
951,400,1123.00,623.00,49.00,125.00,1,-1,-1,-1
952,417,163.00,352.00,51.00,103.00,1,-1,-1,-1
952,400,1124.00,622.00,48.00,127.00,1,-1,-1,-1
953,400,1123.00,623.00,49.00,125.00,1,-1,-1,-1
954,414,328.00,290.00,43.00,106.00,1,-1,-1,-1
954,400,1123.00,623.00,49.00,126.00,1,-1,-1,-1
955,416,467.00,326.00,56.00,99.00,1,-1,-1,-1
955,400,1123.00,623.00,49.00,127.00,1,-1,-1,-1
956,416,468.00,324.00,55.00,101.00,1,-1,-1,-1
956,414,330.00,287.00,42.00,107.00,1,-1,-1,-1
956,400,1123.00,622.00,49.00,127.00,1,-1,-1,-1
957,416,468.00,323.00,56.00,102.00,1,-1,-1,-1
957,400,1124.00,625.00,48.00,125.00,1,-1,-1,-1
959,400,1125.00,624.00,47.00,125.00,1,-1,-1,-1
960,400,1124.00,625.00,48.00,125.00,1,-1,-1,-1
961,416,468.00,319.00,55.00,103.00,1,-1,-1,-1
961,400,1124.00,623.00,48.00,125.00,1,-1,-1,-1
962,416,468.00,318.00,56.00,103.00,1,-1,-1,-1
964,416,468.00,313.00,57.00,104.00,1,-1,-1,-1
964,400,1124.00,623.00,48.00,126.00,1,-1,-1,-1
965,400,1124.00,623.00,48.00,126.00,1,-1,-1,-1
966,400,1124.00,624.00,48.00,126.00,1,-1,-1,-1
967,400,1124.00,624.00,48.00,126.00,1,-1,-1,-1
968,400,1124.00,624.00,48.00,124.00,1,-1,-1,-1
969,419,194.00,448.00,54.00,114.00,1,-1,-1,-1
970,419,196.00,449.00,53.00,112.00,1,-1,-1,-1
971,419,197.00,447.00,53.00,112.00,1,-1,-1,-1
976,417,181.00,317.00,48.00,105.00,1,-1,-1,-1
976,400,1124.00,622.00,48.00,122.00,1,-1,-1,-1
977,417,180.00,316.00,49.00,106.00,1,-1,-1,-1
978,417,181.00,316.00,49.00,105.00,1,-1,-1,-1
979,417,181.00,315.00,49.00,104.00,1,-1,-1,-1
979,400,1124.00,622.00,48.00,121.00,1,-1,-1,-1
980,400,1124.00,622.00,48.00,122.00,1,-1,-1,-1
983,400,1125.00,622.00,47.00,122.00,1,-1,-1,-1
985,400,1123.00,622.00,49.00,120.00,1,-1,-1,-1
988,400,1123.00,623.00,49.00,117.00,1,-1,-1,-1
989,400,1123.00,623.00,49.00,119.00,1,-1,-1,-1
990,419,218.00,425.00,54.00,113.00,1,-1,-1,-1
990,400,1123.00,622.00,49.00,119.00,1,-1,-1,-1
991,419,220.00,424.00,54.00,114.00,1,-1,-1,-1
991,400,1123.00,623.00,49.00,120.00,1,-1,-1,-1
992,419,221.00,423.00,54.00,113.00,1,-1,-1,-1
992,400,1123.00,622.00,49.00,120.00,1,-1,-1,-1
993,419,222.00,422.00,54.00,114.00,1,-1,-1,-1
993,400,1124.00,622.00,48.00,121.00,1,-1,-1,-1
994,417,189.00,293.00,50.00,101.00,1,-1,-1,-1
995,419,225.00,420.00,54.00,114.00,1,-1,-1,-1
996,419,226.00,420.00,53.00,113.00,1,-1,-1,-1
997,417,193.00,289.00,50.00,98.00,1,-1,-1,-1
998,417,193.00,290.00,50.00,98.00,1,-1,-1,-1
999,417,194.00,288.00,50.00,99.00,1,-1,-1,-1
1000,419,228.00,415.00,55.00,109.00,1,-1,-1,-1
1000,417,193.00,289.00,50.00,98.00,1,-1,-1,-1
1002,422,351.00,610.00,57.00,129.00,1,-1,-1,-1
1002,419,231.00,412.00,54.00,109.00,1,-1,-1,-1
1002,417,196.00,285.00,48.00,97.00,1,-1,-1,-1
1003,417,197.00,282.00,49.00,98.00,1,-1,-1,-1
1004,417,197.00,279.00,50.00,99.00,1,-1,-1,-1
1005,419,232.00,407.00,56.00,111.00,1,-1,-1,-1
1005,417,197.00,279.00,50.00,97.00,1,-1,-1,-1
1006,417,198.00,278.00,50.00,98.00,1,-1,-1,-1
1007,417,198.00,276.00,50.00,97.00,1,-1,-1,-1
1008,419,236.00,404.00,55.00,111.00,1,-1,-1,-1
1008,417,200.00,275.00,49.00,97.00,1,-1,-1,-1
1010,417,201.00,272.00,50.00,99.00,1,-1,-1,-1
1011,417,201.00,271.00,51.00,98.00,1,-1,-1,-1
1012,424,1.00,372.00,34.00,109.00,1,-1,-1,-1
1012,419,243.00,398.00,54.00,110.00,1,-1,-1,-1
1013,424,1.00,370.00,34.00,108.00,1,-1,-1,-1
1013,417,202.00,267.00,50.00,98.00,1,-1,-1,-1
1014,424,1.00,368.00,35.00,108.00,1,-1,-1,-1
1014,423,539.00,420.00,55.00,123.00,1,-1,-1,-1
1014,422,347.00,589.00,60.00,128.00,1,-1,-1,-1
1014,419,247.00,396.00,52.00,110.00,1,-1,-1,-1
1015,422,346.00,588.00,60.00,125.00,1,-1,-1,-1
1015,417,203.00,263.00,50.00,98.00,1,-1,-1,-1
1016,422,345.00,587.00,61.00,123.00,1,-1,-1,-1
1016,417,205.00,261.00,50.00,100.00,1,-1,-1,-1
1017,422,346.00,584.00,60.00,124.00,1,-1,-1,-1
1018,422,345.00,583.00,59.00,124.00,1,-1,-1,-1
1018,417,205.00,257.00,50.00,103.00,1,-1,-1,-1
1019,422,344.00,580.00,59.00,126.00,1,-1,-1,-1
1020,422,344.00,577.00,59.00,127.00,1,-1,-1,-1
1020,419,254.00,386.00,51.00,111.00,1,-1,-1,-1
1021,419,256.00,385.00,49.00,112.00,1,-1,-1,-1
1021,417,206.00,256.00,50.00,98.00,1,-1,-1,-1
1022,419,257.00,383.00,50.00,113.00,1,-1,-1,-1
1023,419,258.00,382.00,49.00,112.00,1,-1,-1,-1
1024,419,258.00,381.00,50.00,110.00,1,-1,-1,-1
1025,419,259.00,380.00,51.00,109.00,1,-1,-1,-1
1026,419,259.00,379.00,52.00,107.00,1,-1,-1,-1
1027,419,261.00,378.00,51.00,108.00,1,-1,-1,-1
1029,419,261.00,373.00,52.00,109.00,1,-1,-1,-1
1030,419,262.00,372.00,52.00,108.00,1,-1,-1,-1
1032,419,263.00,368.00,53.00,112.00,1,-1,-1,-1
1033,425,473.00,240.00,57.00,96.00,1,-1,-1,-1
1033,419,264.00,367.00,51.00,112.00,1,-1,-1,-1
1035,426,544.00,733.00,65.00,131.00,1,-1,-1,-1
1035,419,266.00,365.00,52.00,109.00,1,-1,-1,-1
1036,426,544.00,731.00,65.00,133.00,1,-1,-1,-1
1036,417,216.00,229.00,48.00,95.00,1,-1,-1,-1
1037,426,542.00,729.00,65.00,133.00,1,-1,-1,-1
1038,426,541.00,728.00,66.00,133.00,1,-1,-1,-1
1039,417,217.00,226.00,48.00,94.00,1,-1,-1,-1
1040,417,218.00,225.00,48.00,94.00,1,-1,-1,-1
1041,417,219.00,225.00,48.00,95.00,1,-1,-1,-1
1042,426,540.00,721.00,64.00,128.00,1,-1,-1,-1
1043,426,540.00,718.00,63.00,129.00,1,-1,-1,-1
1043,425,474.00,228.00,56.00,101.00,1,-1,-1,-1
1043,419,277.00,355.00,52.00,109.00,1,-1,-1,-1
1043,417,220.00,225.00,48.00,93.00,1,-1,-1,-1
1044,419,278.00,354.00,52.00,108.00,1,-1,-1,-1
1044,417,221.00,222.00,47.00,94.00,1,-1,-1,-1
1045,426,538.00,715.00,62.00,130.00,1,-1,-1,-1
1045,419,278.00,353.00,52.00,107.00,1,-1,-1,-1
1045,417,220.00,221.00,48.00,93.00,1,-1,-1,-1
1046,419,280.00,352.00,50.00,107.00,1,-1,-1,-1
1046,417,222.00,219.00,48.00,96.00,1,-1,-1,-1
1047,425,474.00,223.00,57.00,101.00,1,-1,-1,-1
1047,419,281.00,352.00,50.00,107.00,1,-1,-1,-1
1048,419,283.00,351.00,49.00,106.00,1,-1,-1,-1
1049,417,223.00,214.00,48.00,92.00,1,-1,-1,-1
1050,419,285.00,349.00,49.00,107.00,1,-1,-1,-1
1050,417,224.00,212.00,46.00,92.00,1,-1,-1,-1
1051,419,286.00,347.00,49.00,106.00,1,-1,-1,-1
1051,417,225.00,213.00,46.00,91.00,1,-1,-1,-1
1052,419,287.00,346.00,49.00,107.00,1,-1,-1,-1
1052,417,225.00,210.00,46.00,92.00,1,-1,-1,-1
1053,419,288.00,345.00,50.00,106.00,1,-1,-1,-1
1053,417,226.00,210.00,46.00,90.00,1,-1,-1,-1
1054,419,289.00,344.00,50.00,105.00,1,-1,-1,-1
1054,417,227.00,210.00,46.00,92.00,1,-1,-1,-1
1055,419,290.00,342.00,50.00,107.00,1,-1,-1,-1
1055,417,226.00,209.00,47.00,92.00,1,-1,-1,-1
1056,419,291.00,341.00,50.00,107.00,1,-1,-1,-1
1056,417,227.00,206.00,47.00,92.00,1,-1,-1,-1
1057,419,291.00,339.00,50.00,109.00,1,-1,-1,-1
1058,417,229.00,203.00,46.00,93.00,1,-1,-1,-1
1060,419,294.00,335.00,51.00,109.00,1,-1,-1,-1
1061,419,294.00,335.00,51.00,108.00,1,-1,-1,-1
1062,419,295.00,334.00,51.00,108.00,1,-1,-1,-1
1062,417,232.00,199.00,45.00,96.00,1,-1,-1,-1
1063,426,531.00,684.00,65.00,126.00,1,-1,-1,-1
1063,419,298.00,335.00,51.00,105.00,1,-1,-1,-1
1063,417,232.00,198.00,45.00,95.00,1,-1,-1,-1
1064,419,299.00,335.00,50.00,105.00,1,-1,-1,-1
1065,417,233.00,196.00,45.00,94.00,1,-1,-1,-1
1066,417,234.00,194.00,45.00,95.00,1,-1,-1,-1
1067,417,233.00,192.00,46.00,92.00,1,-1,-1,-1
1068,426,530.00,673.00,63.00,126.00,1,-1,-1,-1
1068,417,235.00,190.00,45.00,92.00,1,-1,-1,-1
1071,417,236.00,186.00,45.00,92.00,1,-1,-1,-1
1073,419,311.00,322.00,51.00,104.00,1,-1,-1,-1
1075,425,474.00,195.00,58.00,97.00,1,-1,-1,-1
1075,419,314.00,320.00,49.00,105.00,1,-1,-1,-1
1076,419,315.00,319.00,49.00,104.00,1,-1,-1,-1
1077,419,316.00,318.00,49.00,103.00,1,-1,-1,-1
1078,419,316.00,316.00,50.00,104.00,1,-1,-1,-1
1079,419,317.00,315.00,50.00,103.00,1,-1,-1,-1
1080,419,318.00,314.00,49.00,102.00,1,-1,-1,-1
1081,419,320.00,312.00,48.00,103.00,1,-1,-1,-1
1082,428,563.00,377.00,45.00,109.00,1,-1,-1,-1
1082,426,523.00,643.00,65.00,130.00,1,-1,-1,-1
1082,419,322.00,309.00,49.00,105.00,1,-1,-1,-1
1083,426,523.00,641.00,66.00,130.00,1,-1,-1,-1
1085,417,243.00,169.00,46.00,93.00,1,-1,-1,-1
1089,430,870.00,465.00,56.00,120.00,1,-1,-1,-1
1091,430,869.00,466.00,54.00,118.00,1,-1,-1,-1
1092,430,867.00,464.00,54.00,114.00,1,-1,-1,-1
1093,430,865.00,461.00,56.00,111.00,1,-1,-1,-1
1093,426,521.00,623.00,65.00,127.00,1,-1,-1,-1
1093,417,248.00,159.00,46.00,92.00,1,-1,-1,-1
1094,426,520.00,621.00,66.00,129.00,1,-1,-1,-1
1094,417,248.00,157.00,46.00,92.00,1,-1,-1,-1
1095,426,521.00,620.00,66.00,129.00,1,-1,-1,-1
1095,417,248.00,157.00,46.00,91.00,1,-1,-1,-1
1096,426,520.00,618.00,66.00,130.00,1,-1,-1,-1
1096,417,248.00,157.00,46.00,91.00,1,-1,-1,-1
1097,419,335.00,292.00,52.00,104.00,1,-1,-1,-1
1097,417,248.00,155.00,46.00,91.00,1,-1,-1,-1
1098,419,334.00,291.00,53.00,104.00,1,-1,-1,-1
1098,417,248.00,153.00,45.00,91.00,1,-1,-1,-1
1100,417,248.00,151.00,46.00,90.00,1,-1,-1,-1
1101,419,336.00,290.00,53.00,104.00,1,-1,-1,-1
1101,417,248.00,150.00,47.00,91.00,1,-1,-1,-1
1102,419,337.00,289.00,52.00,103.00,1,-1,-1,-1
1103,419,338.00,288.00,53.00,102.00,1,-1,-1,-1
1104,419,338.00,285.00,53.00,101.00,1,-1,-1,-1
1105,419,339.00,284.00,54.00,103.00,1,-1,-1,-1
1105,417,250.00,146.00,46.00,92.00,1,-1,-1,-1
1106,419,339.00,283.00,55.00,101.00,1,-1,-1,-1
1107,419,340.00,281.00,54.00,102.00,1,-1,-1,-1
1109,419,341.00,280.00,55.00,104.00,1,-1,-1,-1
1110,419,341.00,280.00,56.00,103.00,1,-1,-1,-1
1110,417,251.00,140.00,45.00,91.00,1,-1,-1,-1
1111,419,342.00,279.00,55.00,104.00,1,-1,-1,-1
1111,417,252.00,140.00,45.00,92.00,1,-1,-1,-1
1112,419,343.00,278.00,56.00,104.00,1,-1,-1,-1
1112,417,252.00,139.00,45.00,91.00,1,-1,-1,-1
1113,419,343.00,278.00,56.00,103.00,1,-1,-1,-1
1113,417,253.00,139.00,45.00,92.00,1,-1,-1,-1
1115,417,254.00,137.00,45.00,92.00,1,-1,-1,-1
1116,417,255.00,136.00,44.00,91.00,1,-1,-1,-1
1117,417,255.00,136.00,44.00,91.00,1,-1,-1,-1
1118,419,348.00,273.00,55.00,103.00,1,-1,-1,-1
1118,417,255.00,135.00,44.00,89.00,1,-1,-1,-1
1119,419,349.00,272.00,54.00,102.00,1,-1,-1,-1
1119,417,255.00,135.00,45.00,88.00,1,-1,-1,-1
1120,417,256.00,133.00,45.00,88.00,1,-1,-1,-1
1121,419,351.00,271.00,53.00,100.00,1,-1,-1,-1
1121,417,256.00,131.00,45.00,90.00,1,-1,-1,-1
1122,417,257.00,129.00,44.00,90.00,1,-1,-1,-1
1125,432,258.00,403.00,57.00,117.00,1,-1,-1,-1
1125,429,1125.00,589.00,47.00,125.00,1,-1,-1,-1
1126,429,1126.00,590.00,46.00,125.00,1,-1,-1,-1
1127,432,259.00,400.00,56.00,117.00,1,-1,-1,-1
1127,429,1126.00,590.00,46.00,127.00,1,-1,-1,-1
1127,417,260.00,125.00,44.00,92.00,1,-1,-1,-1
1128,429,1126.00,590.00,46.00,125.00,1,-1,-1,-1
1129,429,1126.00,590.00,46.00,125.00,1,-1,-1,-1
1130,429,1126.00,589.00,46.00,128.00,1,-1,-1,-1
1131,419,359.00,260.00,52.00,100.00,1,-1,-1,-1
1132,429,1126.00,589.00,46.00,127.00,1,-1,-1,-1
1132,419,360.00,258.00,51.00,99.00,1,-1,-1,-1
1138,433,839.00,404.00,47.00,112.00,1,-1,-1,-1
1139,433,837.00,404.00,49.00,112.00,1,-1,-1,-1
1139,429,1128.00,587.00,44.00,128.00,1,-1,-1,-1
1140,433,837.00,403.00,48.00,112.00,1,-1,-1,-1
1140,429,1127.00,587.00,45.00,129.00,1,-1,-1,-1
1140,419,369.00,250.00,52.00,102.00,1,-1,-1,-1
1140,417,265.00,110.00,44.00,90.00,1,-1,-1,-1
1141,433,836.00,401.00,47.00,115.00,1,-1,-1,-1
1141,429,1127.00,587.00,45.00,128.00,1,-1,-1,-1
1141,426,509.00,549.00,60.00,120.00,1,-1,-1,-1
1141,419,370.00,250.00,52.00,100.00,1,-1,-1,-1
1142,429,1127.00,587.00,45.00,128.00,1,-1,-1,-1
1142,419,371.00,248.00,52.00,103.00,1,-1,-1,-1
1143,419,371.00,247.00,53.00,102.00,1,-1,-1,-1
1144,419,372.00,246.00,52.00,103.00,1,-1,-1,-1
1145,419,372.00,244.00,52.00,104.00,1,-1,-1,-1
1146,419,372.00,243.00,52.00,103.00,1,-1,-1,-1
1147,431,501.00,266.00,47.00,109.00,1,-1,-1,-1
1147,429,1125.00,588.00,47.00,124.00,1,-1,-1,-1
1147,419,373.00,243.00,52.00,99.00,1,-1,-1,-1
1148,429,1125.00,589.00,47.00,124.00,1,-1,-1,-1
1148,419,374.00,243.00,51.00,100.00,1,-1,-1,-1
1149,431,501.00,264.00,46.00,109.00,1,-1,-1,-1
1149,429,1125.00,589.00,47.00,124.00,1,-1,-1,-1
1149,419,374.00,243.00,52.00,102.00,1,-1,-1,-1
1150,431,500.00,264.00,45.00,106.00,1,-1,-1,-1
1150,429,1124.00,590.00,48.00,123.00,1,-1,-1,-1
1150,419,374.00,242.00,53.00,99.00,1,-1,-1,-1
1151,431,499.00,263.00,45.00,107.00,1,-1,-1,-1
1151,429,1125.00,590.00,47.00,123.00,1,-1,-1,-1
1151,419,375.00,242.00,52.00,99.00,1,-1,-1,-1
1152,429,1125.00,589.00,47.00,123.00,1,-1,-1,-1
1152,419,376.00,241.00,51.00,98.00,1,-1,-1,-1
1153,429,1125.00,589.00,47.00,124.00,1,-1,-1,-1
1153,419,376.00,239.00,51.00,98.00,1,-1,-1,-1
1154,419,376.00,239.00,52.00,98.00,1,-1,-1,-1
1155,419,376.00,237.00,53.00,100.00,1,-1,-1,-1
1156,419,378.00,235.00,51.00,100.00,1,-1,-1,-1
1157,419,379.00,233.00,51.00,101.00,1,-1,-1,-1
1158,419,379.00,232.00,52.00,100.00,1,-1,-1,-1
1159,419,379.00,232.00,53.00,100.00,1,-1,-1,-1
1160,419,381.00,231.00,53.00,101.00,1,-1,-1,-1
1161,419,381.00,230.00,53.00,101.00,1,-1,-1,-1
1162,429,1123.00,590.00,49.00,124.00,1,-1,-1,-1
1162,419,382.00,229.00,52.00,101.00,1,-1,-1,-1
1163,429,1124.00,590.00,48.00,125.00,1,-1,-1,-1
1163,419,383.00,228.00,52.00,101.00,1,-1,-1,-1
1164,429,1124.00,590.00,48.00,125.00,1,-1,-1,-1
1164,419,384.00,228.00,52.00,100.00,1,-1,-1,-1
1165,429,1124.00,590.00,48.00,123.00,1,-1,-1,-1
1165,419,385.00,229.00,51.00,100.00,1,-1,-1,-1
1166,429,1124.00,590.00,48.00,123.00,1,-1,-1,-1
1166,419,386.00,228.00,51.00,100.00,1,-1,-1,-1
1167,429,1125.00,589.00,47.00,125.00,1,-1,-1,-1
1167,419,387.00,227.00,49.00,99.00,1,-1,-1,-1
1168,435,1019.00,761.00,63.00,118.00,1,-1,-1,-1
1168,429,1125.00,590.00,47.00,125.00,1,-1,-1,-1
1168,419,388.00,226.00,51.00,101.00,1,-1,-1,-1
1169,435,1018.00,760.00,63.00,119.00,1,-1,-1,-1
1169,429,1125.00,590.00,47.00,124.00,1,-1,-1,-1
1169,419,389.00,224.00,50.00,102.00,1,-1,-1,-1
1170,435,1018.00,759.00,61.00,120.00,1,-1,-1,-1
1170,429,1125.00,591.00,47.00,124.00,1,-1,-1,-1
1171,429,1125.00,590.00,47.00,125.00,1,-1,-1,-1
1172,429,1125.00,590.00,47.00,126.00,1,-1,-1,-1
1172,419,390.00,221.00,50.00,102.00,1,-1,-1,-1
1174,435,1013.00,754.00,60.00,125.00,1,-1,-1,-1
1175,435,1012.00,751.00,61.00,128.00,1,-1,-1,-1
1175,429,1125.00,589.00,47.00,126.00,1,-1,-1,-1
1175,419,392.00,219.00,50.00,103.00,1,-1,-1,-1
1176,429,1125.00,590.00,47.00,124.00,1,-1,-1,-1
1176,419,393.00,219.00,51.00,102.00,1,-1,-1,-1
1177,429,1125.00,589.00,47.00,124.00,1,-1,-1,-1
1178,433,818.00,363.00,47.00,107.00,1,-1,-1,-1
1178,429,1126.00,590.00,46.00,125.00,1,-1,-1,-1
1179,435,1005.00,746.00,61.00,131.00,1,-1,-1,-1
1179,419,394.00,218.00,50.00,99.00,1,-1,-1,-1
1180,435,1005.00,743.00,61.00,134.00,1,-1,-1,-1
1180,429,1126.00,590.00,46.00,126.00,1,-1,-1,-1
1181,429,1125.00,590.00,47.00,125.00,1,-1,-1,-1
1181,419,395.00,215.00,49.00,98.00,1,-1,-1,-1
1182,419,396.00,214.00,49.00,96.00,1,-1,-1,-1
1184,429,1126.00,590.00,46.00,127.00,1,-1,-1,-1
1184,419,397.00,213.00,50.00,98.00,1,-1,-1,-1
1185,429,1126.00,590.00,46.00,127.00,1,-1,-1,-1
1185,419,397.00,212.00,51.00,98.00,1,-1,-1,-1
1186,429,1126.00,590.00,46.00,127.00,1,-1,-1,-1
1186,419,398.00,212.00,49.00,97.00,1,-1,-1,-1
1187,429,1126.00,590.00,46.00,127.00,1,-1,-1,-1
1187,419,398.00,211.00,50.00,97.00,1,-1,-1,-1
1188,419,398.00,211.00,50.00,97.00,1,-1,-1,-1
1192,429,1126.00,590.00,46.00,126.00,1,-1,-1,-1
1193,429,1126.00,590.00,46.00,126.00,1,-1,-1,-1
1195,429,1126.00,590.00,46.00,125.00,1,-1,-1,-1
1197,429,1127.00,590.00,45.00,126.00,1,-1,-1,-1
1198,429,1127.00,590.00,45.00,128.00,1,-1,-1,-1
1199,429,1126.00,589.00,46.00,127.00,1,-1,-1,-1
1200,429,1126.00,589.00,46.00,129.00,1,-1,-1,-1
1203,429,1126.00,590.00,46.00,128.00,1,-1,-1,-1
1206,429,1126.00,589.00,46.00,133.00,1,-1,-1,-1
1207,429,1126.00,589.00,46.00,134.00,1,-1,-1,-1
1208,429,1126.00,589.00,46.00,135.00,1,-1,-1,-1
1209,429,1126.00,590.00,46.00,137.00,1,-1,-1,-1
1210,429,1125.00,590.00,47.00,136.00,1,-1,-1,-1
1211,429,1126.00,589.00,46.00,137.00,1,-1,-1,-1
1212,429,1125.00,589.00,47.00,136.00,1,-1,-1,-1
1213,429,1126.00,590.00,46.00,137.00,1,-1,-1,-1
1214,429,1126.00,590.00,46.00,137.00,1,-1,-1,-1
1215,429,1125.00,589.00,47.00,139.00,1,-1,-1,-1
1217,429,1125.00,590.00,47.00,138.00,1,-1,-1,-1
1219,429,1126.00,588.00,46.00,138.00,1,-1,-1,-1
1226,429,1126.00,589.00,46.00,140.00,1,-1,-1,-1
1228,429,1126.00,590.00,46.00,138.00,1,-1,-1,-1
1229,429,1126.00,590.00,46.00,137.00,1,-1,-1,-1
1250,429,1125.00,589.00,47.00,136.00,1,-1,-1,-1
1251,429,1124.00,590.00,48.00,136.00,1,-1,-1,-1
1262,436,1054.00,528.00,51.00,120.00,1,-1,-1,-1
1263,436,1052.00,528.00,51.00,118.00,1,-1,-1,-1
1264,436,1051.00,526.00,51.00,118.00,1,-1,-1,-1
1268,429,1126.00,585.00,46.00,140.00,1,-1,-1,-1
1274,429,1126.00,584.00,46.00,142.00,1,-1,-1,-1
1312,440,327.00,760.00,63.00,119.00,1,-1,-1,-1
1315,440,325.00,753.00,64.00,126.00,1,-1,-1,-1
1316,440,324.00,750.00,65.00,129.00,1,-1,-1,-1
1318,440,323.00,746.00,65.00,131.00,1,-1,-1,-1
1319,440,322.00,744.00,64.00,135.00,1,-1,-1,-1
1320,440,321.00,741.00,65.00,137.00,1,-1,-1,-1
1321,440,321.00,739.00,65.00,139.00,1,-1,-1,-1
1322,440,319.00,737.00,67.00,141.00,1,-1,-1,-1
1323,440,320.00,735.00,66.00,142.00,1,-1,-1,-1
1324,440,320.00,734.00,65.00,142.00,1,-1,-1,-1
1329,442,12.00,317.00,53.00,116.00,1,-1,-1,-1
1330,442,12.00,315.00,53.00,116.00,1,-1,-1,-1
1331,442,12.00,313.00,54.00,117.00,1,-1,-1,-1
1332,442,11.00,312.00,56.00,118.00,1,-1,-1,-1
1333,442,13.00,311.00,55.00,118.00,1,-1,-1,-1
1334,442,13.00,310.00,56.00,117.00,1,-1,-1,-1
1335,442,14.00,309.00,55.00,117.00,1,-1,-1,-1
1336,442,15.00,308.00,55.00,117.00,1,-1,-1,-1
1344,443,675.00,763.00,72.00,116.00,1,-1,-1,-1
1345,443,673.00,759.00,72.00,120.00,1,-1,-1,-1
1346,443,673.00,758.00,71.00,121.00,1,-1,-1,-1
1347,443,672.00,756.00,70.00,123.00,1,-1,-1,-1
1348,443,670.00,754.00,71.00,125.00,1,-1,-1,-1
1349,443,670.00,752.00,69.00,127.00,1,-1,-1,-1
1354,442,41.00,283.00,54.00,111.00,1,-1,-1,-1
1358,444,1128.00,563.00,44.00,138.00,1,-1,-1,-1
1403,444,1127.00,559.00,45.00,141.00,1,-1,-1,-1
1406,444,1127.00,562.00,45.00,134.00,1,-1,-1,-1
1407,445,528.00,297.00,49.00,110.00,1,-1,-1,-1
1408,445,528.00,295.00,49.00,112.00,1,-1,-1,-1
1408,444,1127.00,560.00,45.00,134.00,1,-1,-1,-1
1409,445,528.00,295.00,49.00,111.00,1,-1,-1,-1
1410,445,528.00,294.00,49.00,110.00,1,-1,-1,-1
1410,444,1127.00,559.00,45.00,134.00,1,-1,-1,-1
1411,444,1127.00,558.00,45.00,134.00,1,-1,-1,-1
1412,444,1126.00,558.00,46.00,135.00,1,-1,-1,-1
1414,444,1126.00,558.00,46.00,135.00,1,-1,-1,-1
1423,445,527.00,273.00,51.00,113.00,1,-1,-1,-1
1437,446,810.00,332.00,56.00,113.00,1,-1,-1,-1
1438,446,811.00,332.00,55.00,112.00,1,-1,-1,-1
1440,446,810.00,330.00,54.00,115.00,1,-1,-1,-1
1440,444,1127.00,558.00,45.00,136.00,1,-1,-1,-1
1447,446,811.00,322.00,54.00,110.00,1,-1,-1,-1
1449,446,811.00,318.00,54.00,109.00,1,-1,-1,-1
1451,446,810.00,316.00,55.00,108.00,1,-1,-1,-1
1454,446,810.00,314.00,54.00,109.00,1,-1,-1,-1
1460,447,122.00,773.00,59.00,106.00,1,-1,-1,-1
1468,447,122.00,774.00,59.00,105.00,1,-1,-1,-1
1470,447,123.00,774.00,60.00,105.00,1,-1,-1,-1
1470,444,1128.00,558.00,44.00,138.00,1,-1,-1,-1
1471,447,123.00,774.00,60.00,105.00,1,-1,-1,-1
1471,444,1127.00,556.00,45.00,139.00,1,-1,-1,-1
1472,447,123.00,774.00,59.00,105.00,1,-1,-1,-1
1472,444,1128.00,558.00,44.00,140.00,1,-1,-1,-1
1473,447,122.00,774.00,61.00,105.00,1,-1,-1,-1
1473,444,1128.00,557.00,44.00,139.00,1,-1,-1,-1
1474,447,123.00,774.00,60.00,105.00,1,-1,-1,-1
1474,444,1127.00,556.00,45.00,140.00,1,-1,-1,-1
1476,447,123.00,774.00,60.00,105.00,1,-1,-1,-1
1481,447,123.00,775.00,60.00,104.00,1,-1,-1,-1
1486,447,121.00,775.00,61.00,104.00,1,-1,-1,-1
1490,447,121.00,776.00,60.00,103.00,1,-1,-1,-1
1492,447,121.00,776.00,60.00,103.00,1,-1,-1,-1
1493,447,121.00,777.00,60.00,102.00,1,-1,-1,-1
1496,447,122.00,777.00,59.00,102.00,1,-1,-1,-1
1497,447,121.00,777.00,60.00,102.00,1,-1,-1,-1
1498,447,121.00,776.00,60.00,103.00,1,-1,-1,-1
1499,447,121.00,776.00,60.00,103.00,1,-1,-1,-1
1500,447,120.00,777.00,60.00,102.00,1,-1,-1,-1
1501,447,121.00,775.00,60.00,104.00,1,-1,-1,-1
1502,447,121.00,775.00,60.00,104.00,1,-1,-1,-1
1503,447,122.00,776.00,60.00,103.00,1,-1,-1,-1
1504,447,121.00,776.00,60.00,103.00,1,-1,-1,-1
1507,447,121.00,775.00,61.00,104.00,1,-1,-1,-1
1509,447,121.00,774.00,60.00,105.00,1,-1,-1,-1
1510,447,121.00,774.00,60.00,105.00,1,-1,-1,-1
1513,447,122.00,772.00,60.00,107.00,1,-1,-1,-1
1518,447,123.00,772.00,60.00,107.00,1,-1,-1,-1
1519,447,123.00,771.00,59.00,108.00,1,-1,-1,-1
1521,447,123.00,771.00,60.00,108.00,1,-1,-1,-1
1569,448,7.00,317.00,51.00,103.00,1,-1,-1,-1
1570,448,8.00,315.00,51.00,104.00,1,-1,-1,-1
1571,448,9.00,311.00,52.00,106.00,1,-1,-1,-1
1572,448,9.00,310.00,52.00,106.00,1,-1,-1,-1
1574,448,12.00,308.00,52.00,106.00,1,-1,-1,-1
1575,448,13.00,308.00,51.00,106.00,1,-1,-1,-1
1632,451,79.00,229.00,50.00,100.00,1,-1,-1,-1
1662,453,133.00,752.00,59.00,127.00,1,-1,-1,-1
1663,453,133.00,750.00,59.00,129.00,1,-1,-1,-1
1665,453,134.00,750.00,58.00,129.00,1,-1,-1,-1
1666,453,135.00,750.00,57.00,129.00,1,-1,-1,-1
1667,453,135.00,749.00,57.00,130.00,1,-1,-1,-1
1668,453,134.00,749.00,57.00,130.00,1,-1,-1,-1
1669,453,134.00,749.00,58.00,130.00,1,-1,-1,-1
1670,453,134.00,749.00,58.00,130.00,1,-1,-1,-1
1671,453,134.00,749.00,58.00,130.00,1,-1,-1,-1
1672,453,134.00,750.00,58.00,129.00,1,-1,-1,-1
1673,453,134.00,750.00,57.00,129.00,1,-1,-1,-1
1674,453,135.00,751.00,57.00,128.00,1,-1,-1,-1
1676,453,137.00,751.00,55.00,128.00,1,-1,-1,-1
1677,453,137.00,752.00,56.00,127.00,1,-1,-1,-1
1678,453,138.00,752.00,55.00,127.00,1,-1,-1,-1
1693,453,140.00,753.00,55.00,126.00,1,-1,-1,-1
1696,453,141.00,755.00,56.00,124.00,1,-1,-1,-1
1697,453,141.00,755.00,56.00,124.00,1,-1,-1,-1
1698,453,141.00,756.00,55.00,123.00,1,-1,-1,-1
1699,453,142.00,756.00,56.00,123.00,1,-1,-1,-1
1704,453,141.00,756.00,56.00,123.00,1,-1,-1,-1
1837,454,754.00,745.00,73.00,134.00,1,-1,-1,-1
1838,454,752.00,742.00,75.00,137.00,1,-1,-1,-1
1839,454,751.00,740.00,75.00,139.00,1,-1,-1,-1
1840,454,748.00,738.00,77.00,141.00,1,-1,-1,-1
1841,454,746.00,734.00,78.00,143.00,1,-1,-1,-1
1843,454,745.00,731.00,79.00,145.00,1,-1,-1,-1
1844,454,744.00,730.00,80.00,144.00,1,-1,-1,-1
1845,454,745.00,730.00,79.00,143.00,1,-1,-1,-1
1846,454,743.00,728.00,80.00,143.00,1,-1,-1,-1
1847,454,744.00,727.00,77.00,147.00,1,-1,-1,-1
1848,454,743.00,728.00,78.00,145.00,1,-1,-1,-1
1849,454,742.00,726.00,79.00,145.00,1,-1,-1,-1
1851,454,741.00,723.00,79.00,144.00,1,-1,-1,-1
1852,454,741.00,720.00,77.00,143.00,1,-1,-1,-1
1853,454,740.00,718.00,78.00,143.00,1,-1,-1,-1
1854,454,740.00,715.00,78.00,146.00,1,-1,-1,-1
1855,454,739.00,713.00,75.00,147.00,1,-1,-1,-1
1856,455,1088.00,749.00,68.00,130.00,1,-1,-1,-1
1856,454,737.00,709.00,77.00,151.00,1,-1,-1,-1
1857,454,736.00,707.00,76.00,152.00,1,-1,-1,-1
1858,454,734.00,707.00,77.00,150.00,1,-1,-1,-1
1859,454,733.00,706.00,77.00,152.00,1,-1,-1,-1
1860,454,731.00,705.00,78.00,152.00,1,-1,-1,-1
1861,454,729.00,704.00,77.00,150.00,1,-1,-1,-1
1862,454,728.00,702.00,78.00,151.00,1,-1,-1,-1
1863,454,726.00,700.00,78.00,149.00,1,-1,-1,-1
1864,454,724.00,699.00,79.00,148.00,1,-1,-1,-1
1865,454,723.00,697.00,78.00,148.00,1,-1,-1,-1
1866,454,720.00,695.00,81.00,148.00,1,-1,-1,-1
1867,454,719.00,692.00,80.00,149.00,1,-1,-1,-1
1868,454,717.00,691.00,80.00,149.00,1,-1,-1,-1
1869,454,716.00,690.00,80.00,149.00,1,-1,-1,-1
1870,454,716.00,689.00,78.00,148.00,1,-1,-1,-1
1871,454,716.00,686.00,76.00,148.00,1,-1,-1,-1
1872,454,715.00,686.00,76.00,149.00,1,-1,-1,-1
1873,454,714.00,686.00,77.00,148.00,1,-1,-1,-1
1877,454,713.00,677.00,74.00,148.00,1,-1,-1,-1
1878,454,710.00,674.00,76.00,146.00,1,-1,-1,-1
1879,454,708.00,672.00,78.00,144.00,1,-1,-1,-1
1880,454,708.00,671.00,76.00,144.00,1,-1,-1,-1
1886,454,700.00,661.00,79.00,145.00,1,-1,-1,-1
1894,454,690.00,642.00,77.00,150.00,1,-1,-1,-1
1895,454,689.00,641.00,80.00,150.00,1,-1,-1,-1
1896,454,687.00,638.00,82.00,149.00,1,-1,-1,-1
1897,454,687.00,637.00,83.00,147.00,1,-1,-1,-1
1898,454,687.00,636.00,82.00,148.00,1,-1,-1,-1
1899,454,687.00,636.00,81.00,149.00,1,-1,-1,-1
1900,454,685.00,635.00,82.00,148.00,1,-1,-1,-1
1901,454,685.00,634.00,82.00,147.00,1,-1,-1,-1
1902,454,684.00,632.00,83.00,146.00,1,-1,-1,-1
1903,454,683.00,630.00,82.00,145.00,1,-1,-1,-1
1904,454,683.00,629.00,79.00,142.00,1,-1,-1,-1
1910,454,677.00,618.00,77.00,144.00,1,-1,-1,-1
1911,454,677.00,615.00,75.00,144.00,1,-1,-1,-1
1912,454,675.00,615.00,76.00,143.00,1,-1,-1,-1
1913,454,673.00,613.00,78.00,142.00,1,-1,-1,-1
1914,454,672.00,613.00,77.00,142.00,1,-1,-1,-1
1915,454,672.00,612.00,75.00,141.00,1,-1,-1,-1
1916,454,670.00,610.00,74.00,140.00,1,-1,-1,-1
1917,454,668.00,608.00,74.00,142.00,1,-1,-1,-1
1918,454,667.00,607.00,73.00,141.00,1,-1,-1,-1
1919,454,665.00,605.00,73.00,143.00,1,-1,-1,-1
1920,454,663.00,604.00,74.00,142.00,1,-1,-1,-1
1921,454,662.00,603.00,74.00,140.00,1,-1,-1,-1
1922,454,661.00,601.00,75.00,141.00,1,-1,-1,-1
1923,454,661.00,600.00,75.00,142.00,1,-1,-1,-1
1924,454,659.00,600.00,76.00,141.00,1,-1,-1,-1
1925,454,661.00,598.00,75.00,142.00,1,-1,-1,-1
1926,454,660.00,599.00,75.00,140.00,1,-1,-1,-1
1935,454,655.00,585.00,74.00,141.00,1,-1,-1,-1
1938,454,649.00,582.00,79.00,144.00,1,-1,-1,-1
1939,454,649.00,582.00,79.00,143.00,1,-1,-1,-1
1940,454,648.00,582.00,78.00,142.00,1,-1,-1,-1
1949,456,592.00,742.00,60.00,132.00,1,-1,-1,-1
1950,456,592.00,741.00,60.00,133.00,1,-1,-1,-1
1954,456,587.00,742.00,64.00,134.00,1,-1,-1,-1
1955,456,587.00,741.00,63.00,134.00,1,-1,-1,-1
1956,456,586.00,742.00,62.00,133.00,1,-1,-1,-1
1977,456,576.00,744.00,65.00,132.00,1,-1,-1,-1
1978,456,576.00,745.00,65.00,132.00,1,-1,-1,-1
1979,456,576.00,746.00,64.00,131.00,1,-1,-1,-1
1980,456,576.00,747.00,63.00,130.00,1,-1,-1,-1
1995,456,574.00,747.00,62.00,130.00,1,-1,-1,-1
2003,456,573.00,744.00,65.00,130.00,1,-1,-1,-1
2004,456,573.00,744.00,64.00,130.00,1,-1,-1,-1
2014,457,1.00,723.00,54.00,131.00,1,-1,-1,-1
2015,457,1.00,717.00,52.00,134.00,1,-1,-1,-1
2016,457,1.00,713.00,51.00,133.00,1,-1,-1,-1
2028,457,1.00,682.00,68.00,133.00,1,-1,-1,-1
2100,459,190.00,647.00,56.00,127.00,1,-1,-1,-1
2101,459,190.00,647.00,55.00,125.00,1,-1,-1,-1
2102,459,190.00,646.00,56.00,125.00,1,-1,-1,-1
2103,459,190.00,646.00,54.00,124.00,1,-1,-1,-1
2104,459,189.00,646.00,55.00,125.00,1,-1,-1,-1
